════════════════════════════════════════════════════════════════
              最优Cmax解的详细调度记录
════════════════════════════════════════════════════════════════

【基本信息】
----------------------------------------------------------------------------------------------------
Cmax (最大完工时间): 62096.57
能耗: 526.83 kWh
装箱质量: 0.2786
批次总数: 9
工件数量: 50
机器数量: 14 (打印机:4, 批处理机:2, 离散机:8)

【染色体编码】
----------------------------------------------------------------------------------------------------
工序序列 (OS): [39, 2, 27, 48, 22, 32, 4, 31, 13, 29, 16, 49, 34, 23, 40, 33, 19, 10, 3, 46, 21, 30, 20, 37, 47, 15, 36, 35, 0, 41, 26, 9, 42, 45, 12, 5, 28, 18, 43, 44, 6, 11, 38, 1, 7, 14, 17, 24, 25, 8, 43, 1, 30, 49, 5, 31, 11, 40, 11, 42, 27, 38, 11, 15, 5, 40, 14, 14, 12, 31, 18, 5, 16, 14, 13, 48, 18, 31, 22, 32, 7, 8, 47, 6, 5, 45, 1, 44, 22, 39, 47, 30, 42, 45, 13, 14, 7, 33, 48, 8, 38, 9, 49, 17, 20, 1, 37, 34, 6, 24, 15, 2, 46, 37, 38, 16, 27, 26, 33, 17, 43, 43, 44, 9, 7, 28, 11, 6, 18, 30, 38, 9, 0, 33, 39, 19, 25, 1, 1, 44, 41, 9, 7, 18, 8, 25, 8, 5, 32, 13, 34, 37, 16, 15, 5, 40, 31, 29, 20, 26, 8, 39, 2, 44, 14, 45, 9, 17, 43, 43, 31, 2, 9, 44, 30, 0, 39, 33, 23, 48, 32, 7, 15, 49, 39, 22, 27, 5, 5, 2, 37, 49, 42, 42, 33, 34, 30, 19, 41, 6, 17, 38, 27, 48, 19, 11, 38, 41, 11, 49, 6, 12, 36, 32, 16, 42, 14, 32, 0, 22, 37, 42, 17, 34, 14, 12, 34, 33, 32, 43, 1, 11, 37, 10, 28, 44, 21, 8, 48, 44, 18, 16, 22, 37, 22, 15, 28, 20, 1, 24, 31, 49, 40, 12, 40, 27, 42, 1, 25, 37, 12, 23, 49, 38, 25, 15, 48, 14, 36, 9, 44, 39, 15, 40, 19, 12, 31, 32, 45, 11, 34]
机器选择 (MS): [4, 1, 4, 1, 4, 4, 4, 4, 4, 4, 4, 1, 1, 4, 4, 4, 4, 1, 1, 3, 4, 1, 4, 2, 3, 3, 2, 2, 2, 2, 1, 1, 1, 3, 4, 1, 1, 3, 1, 3, 1, 3, 2, 1, 1, 2, 3, 1, 2, 1, 2, 1, 1, 1, 3, 1, 1, 1, 2, 1, 2, 1, 2, 2, 3, 3, 3, 1, 1, 1, 3, 1, 3, 1, 1, 1, 3, 1, 1, 1, 1, 1, 1, 3, 1, 2, 1, 1, 2, 1, 3, 3, 2, 1, 1, 1, 2, 1, 2, 2, 1, 1, 1, 1, 2, 2, 1, 1, 1, 1, 1, 1, 2, 1, 1, 3, 1, 2, 1, 2, 2, 2, 1, 1, 1, 2, 1, 2, 1, 2, 3, 1, 1, 1, 2, 2, 3, 2, 1, 1, 1, 2, 2, 1, 2, 1, 2, 1, 1, 3, 2, 2, 2, 1, 1, 1, 2, 2, 1, 2, 1, 2, 1, 2, 1, 2, 1, 2, 1, 2, 1, 1, 2, 1, 3, 1, 2, 1, 1, 1, 1, 1, 1, 1, 2, 1, 3, 1, 1, 2, 1, 1, 1, 1, 1, 1, 3, 2, 1, 1, 1, 2, 1, 1, 1, 1, 2, 2, 1, 1, 1, 1, 2, 1, 2, 2, 1, 3, 3, 2, 1, 1, 1, 1, 1, 2, 3, 1, 1, 1, 1, 1, 2, 2, 1, 1, 1, 1, 1, 1, 1, 1, 1, 1, 1, 2, 3, 1, 3, 2, 1, 1, 2, 3, 1, 1, 2, 2, 2, 1, 2, 1, 3, 3, 1, 1, 3, 2, 3, 2, 3, 2, 1, 1, 3, 1, 1, 2, 1, 1, 1]

【零件加工顺序记录】
----------------------------------------------------------------------------------------------------
工件号      工序号             机器号             开始时间            结束时间            加工时长           
----------------------------------------------------------------------------------------------------

工件 0:
  0        0               打印机2            0.00            17393.89        17393.89       
  0        1               批处理机2           17393.89        18405.89        1012.00        
  0        2               离散机3            18405.89        19729.89        1324.00        
  0        3               离散机8            22697.89        23873.89        1176.00        
  0        4               离散机4            23873.89        25564.89        1691.00        

工件 1:
  1        0               打印机1            43031.42        50187.57        7156.16        
  1        1               批处理机1           50187.57        51253.57        1066.00        
  1        2               离散机8            51253.57        52481.57        1228.00        
  1        3               离散机6            52481.57        53988.57        1507.00        
  1        4               离散机1            53988.57        55445.57        1457.00        
  1        5               离散机2            55445.57        56356.57        911.00         
  1        6               离散机8            56356.57        57765.57        1409.00        
  1        7               离散机5            58345.57        59403.57        1058.00        
  1        8               离散机4            59403.57        61092.57        1689.00        
  1        9               离散机4            61092.57        62081.57        989.00         

工件 2:
  2        0               打印机1            0.00            30212.34        30212.34       
  2        1               批处理机1           30212.34        31278.34        1066.00        
  2        2               离散机8            37271.34        38296.34        1025.00        
  2        3               离散机6            40288.34        41803.34        1515.00        
  2        4               离散机8            47661.42        49174.42        1513.00        
  2        5               离散机7            53201.97        54446.97        1245.00        

工件 3:
  3        0               打印机1            0.00            30212.34        30212.34       
  3        1               批处理机1           30212.34        31278.34        1066.00        

工件 4:
  4        0               打印机4            0.00            29453.40        29453.40       
  4        1               批处理机2           29453.40        30465.40        1012.00        

工件 5:
  5        0               打印机1            0.00            30212.34        30212.34       
  5        1               批处理机1           30212.34        31278.34        1066.00        
  5        2               离散机6            31278.34        32369.34        1091.00        
  5        3               离散机7            32369.34        34092.34        1723.00        
  5        4               离散机8            35070.34        36169.34        1099.00        
  5        5               离散机2            36169.34        37131.34        962.00         
  5        6               离散机8            40542.34        41992.34        1450.00        
  5        7               离散机6            41992.34        42905.34        913.00         
  5        8               离散机6            43839.34        45033.34        1194.00        
  5        9               离散机8            49174.42        50206.42        1032.00        

工件 6:
  6        0               打印机1            0.00            30212.34        30212.34       
  6        1               批处理机1           30212.34        31278.34        1066.00        
  6        2               离散机1            31788.40        32913.40        1125.00        
  6        3               离散机2            34022.34        35167.34        1145.00        
  6        4               离散机7            35530.34        37298.34        1768.00        
  6        5               离散机7            41114.34        42287.34        1173.00        
  6        6               离散机6            49606.42        50848.42        1242.00        

工件 7:
  7        0               打印机1            43031.42        50187.57        7156.16        
  7        1               批处理机1           50187.57        51253.57        1066.00        
  7        2               离散机3            51253.57        52324.57        1071.00        
  7        3               离散机1            52324.57        53792.57        1468.00        
  7        4               离散机2            53792.57        55108.57        1316.00        
  7        5               离散机2            56356.57        57727.57        1371.00        
  7        6               离散机4            57727.57        58862.57        1135.00        

工件 8:
  8        0               打印机1            43031.42        50187.57        7156.16        
  8        1               批处理机1           50187.57        51253.57        1066.00        
  8        2               离散机8            52481.57        53399.57        918.00         
  8        3               离散机5            53399.57        54604.57        1205.00        
  8        4               离散机5            54604.57        55655.57        1051.00        
  8        5               离散机2            57727.57        59276.57        1549.00        
  8        6               离散机2            59276.57        60957.57        1681.00        
  8        7               离散机8            60957.57        62096.57        1139.00        

工件 9:
  9        0               打印机1            30212.34        43031.42        12819.08       
  9        1               批处理机2           43031.42        44043.42        1012.00        
  9        2               离散机2            44043.42        45417.42        1374.00        
  9        3               离散机5            45794.42        46794.42        1000.00        
  9        4               离散机6            47228.42        48135.42        907.00         
  9        5               离散机7            49537.97        50649.97        1112.00        
  9        6               离散机1            50649.97        51694.97        1045.00        
  9        7               离散机4            52227.57        53162.57        935.00         
  9        8               离散机2            60957.57        62093.57        1136.00        

工件 10:
  10       0               打印机1            0.00            30212.34        30212.34       
  10       1               批处理机1           30212.34        31278.34        1066.00        
  10       2               离散机7            43214.34        44709.34        1495.00        

工件 11:
  11       0               打印机3            0.00            23214.38        23214.38       
  11       1               批处理机2           23214.38        24226.38        1012.00        
  11       2               离散机1            24226.38        25642.38        1416.00        
  11       3               离散机5            25642.38        26703.38        1061.00        
  11       4               离散机5            26703.38        27619.38        916.00         
  11       5               离散机8            27619.38        29300.38        1681.00        
  11       6               离散机1            41982.34        43732.34        1750.00        
  11       7               离散机8            44042.34        45100.34        1058.00        
  11       8               离散机4            45100.34        46510.34        1410.00        
  11       9               离散机6            50848.42        52131.42        1283.00        

工件 12:
  12       0               打印机4            0.00            29453.40        29453.40       
  12       1               批处理机2           29453.40        30465.40        1012.00        
  12       2               离散机6            32369.34        33280.34        911.00         
  12       3               离散机4            40487.34        41832.34        1345.00        
  12       4               离散机3            48780.34        49986.34        1206.00        
  12       5               离散机6            55760.57        57511.57        1751.00        
  12       6               离散机7            57557.97        58684.97        1127.00        
  12       7               离散机3            58996.57        60213.57        1217.00        

工件 13:
  13       0               打印机4            0.00            29453.40        29453.40       
  13       1               批处理机2           29453.40        30465.40        1012.00        
  13       2               离散机7            30465.40        32113.40        1648.00        
  13       3               离散机3            35396.40        36451.40        1055.00        
  13       4               离散机5            36451.40        37576.40        1125.00        

工件 14:
  14       0               打印机2            0.00            17393.89        17393.89       
  14       1               批处理机2           17393.89        18405.89        1012.00        
  14       2               离散机2            18405.89        19767.89        1362.00        
  14       3               离散机8            19767.89        21010.89        1243.00        
  14       4               离散机2            21010.89        22219.89        1209.00        
  14       5               离散机7            22219.89        23159.89        940.00         
  14       6               离散机7            23159.89        24101.89        942.00         
  14       7               离散机8            25495.38        27004.38        1509.00        
  14       8               离散机6            27004.38        28549.38        1545.00        
  14       9               离散机7            28549.38        29960.38        1411.00        

工件 15:
  15       0               打印机3            0.00            23214.38        23214.38       
  15       1               批处理机2           23214.38        24226.38        1012.00        
  15       2               离散机8            24226.38        25495.38        1269.00        
  15       3               离散机7            25495.38        26684.38        1189.00        
  15       4               离散机5            29246.38        30798.38        1552.00        
  15       5               离散机3            30798.38        31772.38        974.00         
  15       6               离散机4            43291.34        45076.34        1785.00        
  15       7               离散机7            45076.34        45987.34        911.00         
  15       8               离散机1            49119.42        50633.42        1514.00        

工件 16:
  16       0               打印机4            29453.40        45366.97        15913.58       
  16       1               批处理机2           45366.97        46378.97        1012.00        
  16       2               离散机7            46378.97        47282.97        904.00         
  16       3               离散机7            48476.97        49537.97        1061.00        
  16       4               离散机4            49537.97        50512.97        975.00         
  16       5               离散机6            53988.57        55760.57        1772.00        
  16       6               离散机1            56353.57        57802.57        1449.00        

工件 17:
  17       0               打印机3            23214.38        31082.62        7868.23        
  17       1               批处理机2           31082.62        32094.62        1012.00        
  17       2               离散机6            36876.34        37940.34        1064.00        
  17       3               离散机3            37940.34        39128.34        1188.00        
  17       4               离散机7            39128.34        40208.34        1080.00        
  17       5               离散机7            42287.34        43214.34        927.00         
  17       6               离散机3            47483.34        48780.34        1297.00        

工件 18:
  18       0               打印机3            0.00            23214.38        23214.38       
  18       1               批处理机2           23214.38        24226.38        1012.00        
  18       2               离散机1            25642.38        26889.38        1247.00        
  18       3               离散机1            26889.38        27824.38        935.00         
  18       4               离散机4            27824.38        28861.38        1037.00        
  18       5               离散机3            28861.38        30323.38        1462.00        
  18       6               离散机8            58913.57        60557.57        1644.00        

工件 19:
  19       0               打印机4            0.00            29453.40        29453.40       
  19       1               批处理机2           29453.40        30465.40        1012.00        
  19       2               离散机4            38211.34        39213.34        1002.00        
  19       3               离散机5            40124.34        41250.34        1126.00        
  19       4               离散机6            48135.42        49606.42        1471.00        
  19       5               离散机5            60408.57        61316.57        908.00         

工件 20:
  20       0               打印机4            0.00            29453.40        29453.40       
  20       1               批处理机2           29453.40        30465.40        1012.00        
  20       2               离散机1            34404.34        35582.34        1178.00        
  20       3               离散机8            41992.34        43085.34        1093.00        
  20       4               离散机4            47521.34        48859.34        1338.00        

工件 21:
  21       0               打印机4            29453.40        45366.97        15913.58       
  21       1               批处理机2           45366.97        46378.97        1012.00        
  21       2               离散机4            46510.34        47521.34        1011.00        

工件 22:
  22       0               打印机4            0.00            29453.40        29453.40       
  22       1               批处理机2           29453.40        30465.40        1012.00        
  22       2               离散机5            32316.34        33285.34        969.00         
  22       3               离散机1            33285.34        34404.34        1119.00        
  22       4               离散机2            38321.34        40032.34        1711.00        
  22       5               离散机3            46121.34        47483.34        1362.00        
  22       6               离散机5            51797.42        53220.42        1423.00        
  22       7               离散机4            53220.42        54751.42        1531.00        

工件 23:
  23       0               打印机4            45366.97        49546.04        4179.06        
  23       1               批处理机2           49546.04        50558.04        1012.00        
  23       2               离散机1            55445.57        56353.57        908.00         
  23       3               离散机4            56353.57        57274.57        921.00         

工件 24:
  24       0               打印机1            43031.42        50187.57        7156.16        
  24       1               批处理机1           50187.57        51253.57        1066.00        
  24       2               离散机4            51253.57        52227.57        974.00         
  24       3               离散机3            52324.57        53644.57        1320.00        

工件 25:
  25       0               打印机2            0.00            17393.89        17393.89       
  25       1               批处理机2           17393.89        18405.89        1012.00        
  25       2               离散机8            21010.89        22697.89        1687.00        
  25       3               离散机5            22697.89        24013.89        1316.00        
  25       4               离散机1            28727.38        30247.38        1520.00        
  25       5               离散机8            30247.38        31274.38        1027.00        

工件 26:
  26       0               打印机1            30212.34        43031.42        12819.08       
  26       1               批处理机2           43031.42        44043.42        1012.00        
  26       2               离散机5            44043.42        45794.42        1751.00        
  26       3               离散机5            47974.42        49090.42        1116.00        

工件 27:
  27       0               打印机4            0.00            29453.40        29453.40       
  27       1               批处理机2           29453.40        30465.40        1012.00        
  27       2               离散机8            34078.34        35070.34        992.00         
  27       3               离散机8            38296.34        39623.34        1327.00        
  27       4               离散机1            39623.34        40638.34        1015.00        
  27       5               离散机3            43912.34        45011.34        1099.00        
  27       6               离散机4            54751.42        56223.42        1472.00        

工件 28:
  28       0               打印机1            30212.34        43031.42        12819.08       
  28       1               批处理机2           43031.42        44043.42        1012.00        
  28       2               离散机5            46794.42        47974.42        1180.00        
  28       3               离散机7            54446.97        55940.97        1494.00        
  28       4               离散机1            57802.57        59560.57        1758.00        

工件 29:
  29       0               打印机4            29453.40        45366.97        15913.58       
  29       1               批处理机2           45366.97        46378.97        1012.00        
  29       2               离散机7            51784.97        53201.97        1417.00        

工件 30:
  30       0               打印机1            0.00            30212.34        30212.34       
  30       1               批处理机1           30212.34        31278.34        1066.00        
  30       2               离散机5            31278.34        32316.34        1038.00        
  30       3               离散机3            32729.40        34194.40        1465.00        
  30       4               离散机3            39128.34        40832.34        1704.00        
  30       5               离散机1            40832.34        41982.34        1150.00        
  30       6               离散机4            41982.34        43291.34        1309.00        

工件 31:
  31       0               打印机4            0.00            29453.40        29453.40       
  31       1               批处理机2           29453.40        30465.40        1012.00        
  31       2               离散机8            32543.34        34078.34        1535.00        
  31       3               离散机4            34078.34        35673.34        1595.00        
  31       4               离散机4            35673.34        37063.34        1390.00        
  31       5               离散机7            37298.34        38761.34        1463.00        
  31       6               离散机8            46276.42        47661.42        1385.00        
  31       7               离散机3            55320.57        56397.57        1077.00        
  31       8               离散机7            58684.97        59849.97        1165.00        

工件 32:
  32       0               打印机4            29453.40        45366.97        15913.58       
  32       1               批处理机2           45366.97        46378.97        1012.00        
  32       2               离散机7            47282.97        48476.97        1194.00        
  32       3               离散机7            50649.97        51784.97        1135.00        
  32       4               离散机8            53399.57        54329.57        930.00         
  32       5               离散机3            54329.57        55320.57        991.00         
  32       6               离散机5            55655.57        56584.57        929.00         
  32       7               离散机5            56584.57        58345.57        1761.00        
  32       8               离散机3            60213.57        61854.57        1641.00        

工件 33:
  33       0               打印机4            0.00            29453.40        29453.40       
  33       1               批处理机2           29453.40        30465.40        1012.00        
  33       2               离散机4            31852.40        32992.40        1140.00        
  33       3               离散机4            37063.34        38211.34        1148.00        
  33       4               离散机8            39623.34        40542.34        919.00         
  33       5               离散机3            42361.34        43912.34        1551.00        
  33       6               离散机1            45215.42        46215.42        1000.00        
  33       7               离散机3            49986.34        51086.34        1100.00        

工件 34:
  34       0               打印机1            0.00            30212.34        30212.34       
  34       1               批处理机1           30212.34        31278.34        1066.00        
  34       2               离散机2            32378.34        34022.34        1644.00        
  34       3               离散机2            37131.34        38321.34        1190.00        
  34       4               离散机1            38321.34        39581.34        1260.00        
  34       5               离散机2            41353.34        42326.34        973.00         
  34       6               离散机8            57765.57        58913.57        1148.00        
  34       7               离散机7            59849.97        61319.97        1470.00        

工件 35:
  35       0               打印机2            0.00            17393.89        17393.89       
  35       1               批处理机2           17393.89        18405.89        1012.00        

工件 36:
  36       0               打印机2            0.00            17393.89        17393.89       
  36       1               批处理机2           17393.89        18405.89        1012.00        
  36       2               离散机4            19435.89        20758.89        1323.00        
  36       3               离散机6            24306.89        25847.89        1541.00        

工件 37:
  37       0               打印机2            0.00            17393.89        17393.89       
  37       1               批处理机2           17393.89        18405.89        1012.00        
  37       2               离散机4            18405.89        19435.89        1030.00        
  37       3               离散机1            19435.89        20387.89        952.00         
  37       4               离散机6            20418.89        21695.89        1277.00        
  37       5               离散机1            21695.89        22743.89        1048.00        
  37       6               离散机6            22743.89        24306.89        1563.00        
  37       7               离散机7            24306.89        25437.89        1131.00        
  37       8               离散机5            34737.34        35692.34        955.00         
  37       9               离散机5            37576.40        38542.40        966.00         

工件 38:
  38       0               打印机2            0.00            17393.89        17393.89       
  38       1               批处理机2           17393.89        18405.89        1012.00        
  38       2               离散机8            18405.89        19309.89        904.00         
  38       3               离散机6            19309.89        20418.89        1109.00        
  38       4               离散机5            20418.89        22157.89        1739.00        
  38       5               离散机2            22219.89        23955.89        1736.00        
  38       6               离散机7            26684.38        28079.38        1395.00        
  38       7               离散机4            28861.38        30183.38        1322.00        
  38       8               离散机1            36731.34        38221.34        1490.00        

工件 39:
  39       0               打印机4            0.00            29453.40        29453.40       
  39       1               批处理机2           29453.40        30465.40        1012.00        
  39       2               离散机4            30465.40        31852.40        1387.00        
  39       3               离散机4            32992.40        33969.40        977.00         
  39       4               离散机4            39213.34        40487.34        1274.00        
  39       5               离散机3            40832.34        42361.34        1529.00        
  39       6               离散机2            42361.34        43699.34        1338.00        
  39       7               离散机3            58023.57        58996.57        973.00         

工件 40:
  40       0               打印机4            0.00            29453.40        29453.40       
  40       1               批处理机2           29453.40        30465.40        1012.00        
  40       2               离散机1            30465.40        31788.40        1323.00        
  40       3               离散机3            31788.40        32729.40        941.00         
  40       4               离散机6            39106.34        40288.34        1182.00        
  40       5               离散机2            49209.42        50823.42        1614.00        
  40       6               离散机2            50823.42        52014.42        1191.00        
  40       7               离散机2            52014.42        53762.42        1748.00        

工件 41:
  41       0               打印机2            0.00            17393.89        17393.89       
  41       1               批处理机2           17393.89        18405.89        1012.00        
  41       2               离散机1            20387.89        21475.89        1088.00        
  41       3               离散机2            25381.38        26826.38        1445.00        
  41       4               离散机1            27824.38        28727.38        903.00         

工件 42:
  42       0               打印机1            0.00            30212.34        30212.34       
  42       1               批处理机1           30212.34        31278.34        1066.00        
  42       2               离散机2            31278.34        32378.34        1100.00        
  42       3               离散机3            34194.40        35396.40        1202.00        
  42       4               离散机2            40032.34        41353.34        1321.00        
  42       5               离散机2            45417.42        47106.42        1689.00        
  42       6               离散机2            48268.42        49209.42        941.00         
  42       7               离散机8            50206.42        51242.42        1036.00        
  42       8               离散机7            55940.97        57557.97        1617.00        

工件 43:
  43       0               打印机1            30212.34        43031.42        12819.08       
  43       1               批处理机2           43031.42        44043.42        1012.00        
  43       2               离散机1            44043.42        45215.42        1172.00        
  43       3               离散机8            45215.42        46276.42        1061.00        
  43       4               离散机6            46276.42        47228.42        952.00         
  43       5               离散机2            47228.42        48268.42        1040.00        
  43       6               离散机5            49090.42        50321.42        1231.00        
  43       7               离散机5            50321.42        51797.42        1476.00        

工件 44:
  44       0               打印机3            23214.38        31082.62        7868.23        
  44       1               批处理机2           31082.62        32094.62        1012.00        
  44       2               离散机6            34543.34        35857.34        1314.00        
  44       3               离散机3            36451.40        37714.40        1263.00        
  44       4               离散机6            37940.34        39106.34        1166.00        
  44       5               离散机5            39106.34        40124.34        1018.00        
  44       6               离散机7            40208.34        41114.34        906.00         
  44       7               离散机5            41250.34        42811.34        1561.00        
  44       8               离散机5            42811.34        43735.34        924.00         
  44       9               离散机5            59403.57        60408.57        1005.00        

工件 45:
  45       0               打印机3            0.00            23214.38        23214.38       
  45       1               批处理机2           23214.38        24226.38        1012.00        
  45       2               离散机5            27619.38        29246.38        1627.00        
  45       3               离散机6            29246.38        30543.38        1297.00        
  45       4               离散机8            43085.34        44042.34        957.00         
  45       5               离散机1            60584.57        62067.57        1483.00        

工件 46:
  46       0               打印机3            0.00            23214.38        23214.38       
  46       1               批处理机2           23214.38        24226.38        1012.00        
  46       2               离散机2            24226.38        25381.38        1155.00        

工件 47:
  47       0               打印机3            23214.38        31082.62        7868.23        
  47       1               批处理机2           31082.62        32094.62        1012.00        
  47       2               离散机5            33285.34        34737.34        1452.00        
  47       3               离散机6            35857.34        36876.34        1019.00        

工件 48:
  48       0               打印机1            0.00            30212.34        30212.34       
  48       1               批处理机1           30212.34        31278.34        1066.00        
  48       2               离散机6            33280.34        34543.34        1263.00        
  48       3               离散机8            36169.34        37271.34        1102.00        
  48       4               离散机6            42905.34        43839.34        934.00         
  48       5               离散机3            45011.34        46121.34        1110.00        
  48       6               离散机1            46215.42        47979.42        1764.00        
  48       7               离散机1            47979.42        49119.42        1140.00        

工件 49:
  49       0               打印机1            0.00            30212.34        30212.34       
  49       1               批处理机1           30212.34        31278.34        1066.00        
  49       2               离散机8            31278.34        32543.34        1265.00        
  49       3               离散机7            34092.34        35530.34        1438.00        
  49       4               离散机1            35582.34        36731.34        1149.00        
  49       5               离散机6            45033.34        46223.34        1190.00        
  49       6               离散机8            54329.57        55914.57        1585.00        
  49       7               离散机3            56397.57        58023.57        1626.00        
  49       8               离散机1            59560.57        60584.57        1024.00        

【机器加工顺序记录】
----------------------------------------------------------------------------------------------------

打印机1:
工件号      工序号             开始时间            结束时间            加工时长           
--------------------------------------------------------------------------------
  2        0               0.00            30212.34        30212.34       
  3        0               0.00            30212.34        30212.34       
  5        0               0.00            30212.34        30212.34       
  6        0               0.00            30212.34        30212.34       
  10       0               0.00            30212.34        30212.34       
  30       0               0.00            30212.34        30212.34       
  34       0               0.00            30212.34        30212.34       
  42       0               0.00            30212.34        30212.34       
  48       0               0.00            30212.34        30212.34       
  49       0               0.00            30212.34        30212.34       
  9        0               30212.34        43031.42        12819.08       
  26       0               30212.34        43031.42        12819.08       
  28       0               30212.34        43031.42        12819.08       
  43       0               30212.34        43031.42        12819.08       
  1        0               43031.42        50187.57        7156.16        
  7        0               43031.42        50187.57        7156.16        
  8        0               43031.42        50187.57        7156.16        
  24       0               43031.42        50187.57        7156.16        

  机器利用率: 615.21% (忙碌时间: 382024.31 / 总时间: 62096.57)

打印机2:
工件号      工序号             开始时间            结束时间            加工时长           
--------------------------------------------------------------------------------
  0        0               0.00            17393.89        17393.89       
  14       0               0.00            17393.89        17393.89       
  25       0               0.00            17393.89        17393.89       
  35       0               0.00            17393.89        17393.89       
  36       0               0.00            17393.89        17393.89       
  37       0               0.00            17393.89        17393.89       
  38       0               0.00            17393.89        17393.89       
  41       0               0.00            17393.89        17393.89       

  机器利用率: 224.09% (忙碌时间: 139151.11 / 总时间: 62096.57)

打印机3:
工件号      工序号             开始时间            结束时间            加工时长           
--------------------------------------------------------------------------------
  11       0               0.00            23214.38        23214.38       
  15       0               0.00            23214.38        23214.38       
  18       0               0.00            23214.38        23214.38       
  45       0               0.00            23214.38        23214.38       
  46       0               0.00            23214.38        23214.38       
  17       0               23214.38        31082.62        7868.23        
  44       0               23214.38        31082.62        7868.23        
  47       0               23214.38        31082.62        7868.23        

  机器利用率: 224.93% (忙碌时间: 139676.62 / 总时间: 62096.57)

打印机4:
工件号      工序号             开始时间            结束时间            加工时长           
--------------------------------------------------------------------------------
  4        0               0.00            29453.40        29453.40       
  12       0               0.00            29453.40        29453.40       
  13       0               0.00            29453.40        29453.40       
  19       0               0.00            29453.40        29453.40       
  20       0               0.00            29453.40        29453.40       
  22       0               0.00            29453.40        29453.40       
  27       0               0.00            29453.40        29453.40       
  31       0               0.00            29453.40        29453.40       
  33       0               0.00            29453.40        29453.40       
  39       0               0.00            29453.40        29453.40       
  40       0               0.00            29453.40        29453.40       
  16       0               29453.40        45366.97        15913.58       
  21       0               29453.40        45366.97        15913.58       
  29       0               29453.40        45366.97        15913.58       
  32       0               29453.40        45366.97        15913.58       
  23       0               45366.97        49546.04        4179.06        

  机器利用率: 630.99% (忙碌时间: 391820.74 / 总时间: 62096.57)

批处理机1:
工件号      工序号             开始时间            结束时间            加工时长           
--------------------------------------------------------------------------------
  2        1               30212.34        31278.34        1066.00        
  3        1               30212.34        31278.34        1066.00        
  5        1               30212.34        31278.34        1066.00        
  6        1               30212.34        31278.34        1066.00        
  10       1               30212.34        31278.34        1066.00        
  30       1               30212.34        31278.34        1066.00        
  34       1               30212.34        31278.34        1066.00        
  42       1               30212.34        31278.34        1066.00        
  48       1               30212.34        31278.34        1066.00        
  49       1               30212.34        31278.34        1066.00        
  1        1               50187.57        51253.57        1066.00        
  7        1               50187.57        51253.57        1066.00        
  8        1               50187.57        51253.57        1066.00        
  24       1               50187.57        51253.57        1066.00        

  机器利用率: 24.03% (忙碌时间: 14924.00 / 总时间: 62096.57)

批处理机2:
工件号      工序号             开始时间            结束时间            加工时长           
--------------------------------------------------------------------------------
  0        1               17393.89        18405.89        1012.00        
  14       1               17393.89        18405.89        1012.00        
  25       1               17393.89        18405.89        1012.00        
  35       1               17393.89        18405.89        1012.00        
  36       1               17393.89        18405.89        1012.00        
  37       1               17393.89        18405.89        1012.00        
  38       1               17393.89        18405.89        1012.00        
  41       1               17393.89        18405.89        1012.00        
  11       1               23214.38        24226.38        1012.00        
  15       1               23214.38        24226.38        1012.00        
  18       1               23214.38        24226.38        1012.00        
  45       1               23214.38        24226.38        1012.00        
  46       1               23214.38        24226.38        1012.00        
  4        1               29453.40        30465.40        1012.00        
  12       1               29453.40        30465.40        1012.00        
  13       1               29453.40        30465.40        1012.00        
  19       1               29453.40        30465.40        1012.00        
  20       1               29453.40        30465.40        1012.00        
  22       1               29453.40        30465.40        1012.00        
  27       1               29453.40        30465.40        1012.00        
  31       1               29453.40        30465.40        1012.00        
  33       1               29453.40        30465.40        1012.00        
  39       1               29453.40        30465.40        1012.00        
  40       1               29453.40        30465.40        1012.00        
  17       1               31082.62        32094.62        1012.00        
  44       1               31082.62        32094.62        1012.00        
  47       1               31082.62        32094.62        1012.00        
  9        1               43031.42        44043.42        1012.00        
  26       1               43031.42        44043.42        1012.00        
  28       1               43031.42        44043.42        1012.00        
  43       1               43031.42        44043.42        1012.00        
  16       1               45366.97        46378.97        1012.00        
  21       1               45366.97        46378.97        1012.00        
  29       1               45366.97        46378.97        1012.00        
  32       1               45366.97        46378.97        1012.00        
  23       1               49546.04        50558.04        1012.00        

  机器利用率: 58.67% (忙碌时间: 36432.00 / 总时间: 62096.57)

离散机1:
工件号      工序号             开始时间            结束时间            加工时长           
--------------------------------------------------------------------------------
  37       3               19435.89        20387.89        952.00         
  41       2               20387.89        21475.89        1088.00        
  37       5               21695.89        22743.89        1048.00        
  11       2               24226.38        25642.38        1416.00        
  18       2               25642.38        26889.38        1247.00        
  18       3               26889.38        27824.38        935.00         
  41       4               27824.38        28727.38        903.00         
  25       4               28727.38        30247.38        1520.00        
  40       2               30465.40        31788.40        1323.00        
  6        2               31788.40        32913.40        1125.00        
  22       3               33285.34        34404.34        1119.00        
  20       2               34404.34        35582.34        1178.00        
  49       4               35582.34        36731.34        1149.00        
  38       8               36731.34        38221.34        1490.00        
  34       4               38321.34        39581.34        1260.00        
  27       4               39623.34        40638.34        1015.00        
  30       5               40832.34        41982.34        1150.00        
  11       6               41982.34        43732.34        1750.00        
  43       2               44043.42        45215.42        1172.00        
  33       6               45215.42        46215.42        1000.00        
  48       6               46215.42        47979.42        1764.00        
  48       7               47979.42        49119.42        1140.00        
  15       8               49119.42        50633.42        1514.00        
  9        6               50649.97        51694.97        1045.00        
  7        3               52324.57        53792.57        1468.00        
  1        4               53988.57        55445.57        1457.00        
  23       2               55445.57        56353.57        908.00         
  16       6               56353.57        57802.57        1449.00        
  28       4               57802.57        59560.57        1758.00        
  49       8               59560.57        60584.57        1024.00        
  45       5               60584.57        62067.57        1483.00        

  机器利用率: 62.56% (忙碌时间: 38850.00 / 总时间: 62096.57)

离散机2:
工件号      工序号             开始时间            结束时间            加工时长           
--------------------------------------------------------------------------------
  14       2               18405.89        19767.89        1362.00        
  14       4               21010.89        22219.89        1209.00        
  38       5               22219.89        23955.89        1736.00        
  46       2               24226.38        25381.38        1155.00        
  41       3               25381.38        26826.38        1445.00        
  42       2               31278.34        32378.34        1100.00        
  34       2               32378.34        34022.34        1644.00        
  6        3               34022.34        35167.34        1145.00        
  5        5               36169.34        37131.34        962.00         
  34       3               37131.34        38321.34        1190.00        
  22       4               38321.34        40032.34        1711.00        
  42       4               40032.34        41353.34        1321.00        
  34       5               41353.34        42326.34        973.00         
  39       6               42361.34        43699.34        1338.00        
  9        2               44043.42        45417.42        1374.00        
  42       5               45417.42        47106.42        1689.00        
  43       5               47228.42        48268.42        1040.00        
  42       6               48268.42        49209.42        941.00         
  40       5               49209.42        50823.42        1614.00        
  40       6               50823.42        52014.42        1191.00        
  40       7               52014.42        53762.42        1748.00        
  7        4               53792.57        55108.57        1316.00        
  1        5               55445.57        56356.57        911.00         
  7        5               56356.57        57727.57        1371.00        
  8        5               57727.57        59276.57        1549.00        
  8        6               59276.57        60957.57        1681.00        
  9        8               60957.57        62093.57        1136.00        

  机器利用率: 57.74% (忙碌时间: 35852.00 / 总时间: 62096.57)

离散机3:
工件号      工序号             开始时间            结束时间            加工时长           
--------------------------------------------------------------------------------
  0        2               18405.89        19729.89        1324.00        
  18       5               28861.38        30323.38        1462.00        
  15       5               30798.38        31772.38        974.00         
  40       3               31788.40        32729.40        941.00         
  30       3               32729.40        34194.40        1465.00        
  42       3               34194.40        35396.40        1202.00        
  13       3               35396.40        36451.40        1055.00        
  44       3               36451.40        37714.40        1263.00        
  17       3               37940.34        39128.34        1188.00        
  30       4               39128.34        40832.34        1704.00        
  39       5               40832.34        42361.34        1529.00        
  33       5               42361.34        43912.34        1551.00        
  27       5               43912.34        45011.34        1099.00        
  48       5               45011.34        46121.34        1110.00        
  22       5               46121.34        47483.34        1362.00        
  17       6               47483.34        48780.34        1297.00        
  12       4               48780.34        49986.34        1206.00        
  33       7               49986.34        51086.34        1100.00        
  7        2               51253.57        52324.57        1071.00        
  24       3               52324.57        53644.57        1320.00        
  32       5               54329.57        55320.57        991.00         
  31       7               55320.57        56397.57        1077.00        
  49       7               56397.57        58023.57        1626.00        
  39       7               58023.57        58996.57        973.00         
  12       7               58996.57        60213.57        1217.00        
  32       8               60213.57        61854.57        1641.00        

  机器利用率: 52.74% (忙碌时间: 32748.00 / 总时间: 62096.57)

离散机4:
工件号      工序号             开始时间            结束时间            加工时长           
--------------------------------------------------------------------------------
  37       2               18405.89        19435.89        1030.00        
  36       2               19435.89        20758.89        1323.00        
  0        4               23873.89        25564.89        1691.00        
  18       4               27824.38        28861.38        1037.00        
  38       7               28861.38        30183.38        1322.00        
  39       2               30465.40        31852.40        1387.00        
  33       2               31852.40        32992.40        1140.00        
  39       3               32992.40        33969.40        977.00         
  31       3               34078.34        35673.34        1595.00        
  31       4               35673.34        37063.34        1390.00        
  33       3               37063.34        38211.34        1148.00        
  19       2               38211.34        39213.34        1002.00        
  39       4               39213.34        40487.34        1274.00        
  12       3               40487.34        41832.34        1345.00        
  30       6               41982.34        43291.34        1309.00        
  15       6               43291.34        45076.34        1785.00        
  11       8               45100.34        46510.34        1410.00        
  21       2               46510.34        47521.34        1011.00        
  20       4               47521.34        48859.34        1338.00        
  16       4               49537.97        50512.97        975.00         
  24       2               51253.57        52227.57        974.00         
  9        7               52227.57        53162.57        935.00         
  22       7               53220.42        54751.42        1531.00        
  27       6               54751.42        56223.42        1472.00        
  23       3               56353.57        57274.57        921.00         
  7        6               57727.57        58862.57        1135.00        
  1        8               59403.57        61092.57        1689.00        
  1        9               61092.57        62081.57        989.00         

  机器利用率: 56.58% (忙碌时间: 35135.00 / 总时间: 62096.57)

离散机5:
工件号      工序号             开始时间            结束时间            加工时长           
--------------------------------------------------------------------------------
  38       4               20418.89        22157.89        1739.00        
  25       3               22697.89        24013.89        1316.00        
  11       3               25642.38        26703.38        1061.00        
  11       4               26703.38        27619.38        916.00         
  45       2               27619.38        29246.38        1627.00        
  15       4               29246.38        30798.38        1552.00        
  30       2               31278.34        32316.34        1038.00        
  22       2               32316.34        33285.34        969.00         
  47       2               33285.34        34737.34        1452.00        
  37       8               34737.34        35692.34        955.00         
  13       4               36451.40        37576.40        1125.00        
  37       9               37576.40        38542.40        966.00         
  44       5               39106.34        40124.34        1018.00        
  19       3               40124.34        41250.34        1126.00        
  44       7               41250.34        42811.34        1561.00        
  44       8               42811.34        43735.34        924.00         
  26       2               44043.42        45794.42        1751.00        
  9        3               45794.42        46794.42        1000.00        
  28       2               46794.42        47974.42        1180.00        
  26       3               47974.42        49090.42        1116.00        
  43       6               49090.42        50321.42        1231.00        
  43       7               50321.42        51797.42        1476.00        
  22       6               51797.42        53220.42        1423.00        
  8        3               53399.57        54604.57        1205.00        
  8        4               54604.57        55655.57        1051.00        
  32       6               55655.57        56584.57        929.00         
  32       7               56584.57        58345.57        1761.00        
  1        7               58345.57        59403.57        1058.00        
  44       9               59403.57        60408.57        1005.00        
  19       5               60408.57        61316.57        908.00         

  机器利用率: 58.68% (忙碌时间: 36439.00 / 总时间: 62096.57)

离散机6:
工件号      工序号             开始时间            结束时间            加工时长           
--------------------------------------------------------------------------------
  38       3               19309.89        20418.89        1109.00        
  37       4               20418.89        21695.89        1277.00        
  37       6               22743.89        24306.89        1563.00        
  36       3               24306.89        25847.89        1541.00        
  14       8               27004.38        28549.38        1545.00        
  45       3               29246.38        30543.38        1297.00        
  5        2               31278.34        32369.34        1091.00        
  12       2               32369.34        33280.34        911.00         
  48       2               33280.34        34543.34        1263.00        
  44       2               34543.34        35857.34        1314.00        
  47       3               35857.34        36876.34        1019.00        
  17       2               36876.34        37940.34        1064.00        
  44       4               37940.34        39106.34        1166.00        
  40       4               39106.34        40288.34        1182.00        
  2        3               40288.34        41803.34        1515.00        
  5        7               41992.34        42905.34        913.00         
  48       4               42905.34        43839.34        934.00         
  5        8               43839.34        45033.34        1194.00        
  49       5               45033.34        46223.34        1190.00        
  43       4               46276.42        47228.42        952.00         
  9        4               47228.42        48135.42        907.00         
  19       4               48135.42        49606.42        1471.00        
  6        6               49606.42        50848.42        1242.00        
  11       9               50848.42        52131.42        1283.00        
  1        3               52481.57        53988.57        1507.00        
  16       5               53988.57        55760.57        1772.00        
  12       5               55760.57        57511.57        1751.00        

  机器利用率: 54.71% (忙碌时间: 33973.00 / 总时间: 62096.57)

离散机7:
工件号      工序号             开始时间            结束时间            加工时长           
--------------------------------------------------------------------------------
  14       5               22219.89        23159.89        940.00         
  14       6               23159.89        24101.89        942.00         
  37       7               24306.89        25437.89        1131.00        
  15       3               25495.38        26684.38        1189.00        
  38       6               26684.38        28079.38        1395.00        
  14       9               28549.38        29960.38        1411.00        
  13       2               30465.40        32113.40        1648.00        
  5        3               32369.34        34092.34        1723.00        
  49       3               34092.34        35530.34        1438.00        
  6        4               35530.34        37298.34        1768.00        
  31       5               37298.34        38761.34        1463.00        
  17       4               39128.34        40208.34        1080.00        
  44       6               40208.34        41114.34        906.00         
  6        5               41114.34        42287.34        1173.00        
  17       5               42287.34        43214.34        927.00         
  10       2               43214.34        44709.34        1495.00        
  15       7               45076.34        45987.34        911.00         
  16       2               46378.97        47282.97        904.00         
  32       2               47282.97        48476.97        1194.00        
  16       3               48476.97        49537.97        1061.00        
  9        5               49537.97        50649.97        1112.00        
  32       3               50649.97        51784.97        1135.00        
  29       2               51784.97        53201.97        1417.00        
  2        5               53201.97        54446.97        1245.00        
  28       3               54446.97        55940.97        1494.00        
  42       8               55940.97        57557.97        1617.00        
  12       6               57557.97        58684.97        1127.00        
  31       8               58684.97        59849.97        1165.00        
  34       7               59849.97        61319.97        1470.00        

  机器利用率: 58.75% (忙碌时间: 36481.00 / 总时间: 62096.57)

离散机8:
工件号      工序号             开始时间            结束时间            加工时长           
--------------------------------------------------------------------------------
  38       2               18405.89        19309.89        904.00         
  14       3               19767.89        21010.89        1243.00        
  25       2               21010.89        22697.89        1687.00        
  0        3               22697.89        23873.89        1176.00        
  15       2               24226.38        25495.38        1269.00        
  14       7               25495.38        27004.38        1509.00        
  11       5               27619.38        29300.38        1681.00        
  25       5               30247.38        31274.38        1027.00        
  49       2               31278.34        32543.34        1265.00        
  31       2               32543.34        34078.34        1535.00        
  27       2               34078.34        35070.34        992.00         
  5        4               35070.34        36169.34        1099.00        
  48       3               36169.34        37271.34        1102.00        
  2        2               37271.34        38296.34        1025.00        
  27       3               38296.34        39623.34        1327.00        
  33       4               39623.34        40542.34        919.00         
  5        6               40542.34        41992.34        1450.00        
  20       3               41992.34        43085.34        1093.00        
  45       4               43085.34        44042.34        957.00         
  11       7               44042.34        45100.34        1058.00        
  43       3               45215.42        46276.42        1061.00        
  31       6               46276.42        47661.42        1385.00        
  2        4               47661.42        49174.42        1513.00        
  5        9               49174.42        50206.42        1032.00        
  42       7               50206.42        51242.42        1036.00        
  1        2               51253.57        52481.57        1228.00        
  8        2               52481.57        53399.57        918.00         
  32       4               53399.57        54329.57        930.00         
  49       6               54329.57        55914.57        1585.00        
  1        6               56356.57        57765.57        1409.00        
  34       6               57765.57        58913.57        1148.00        
  18       6               58913.57        60557.57        1644.00        
  8        7               60957.57        62096.57        1139.00        

  机器利用率: 64.97% (忙碌时间: 40346.00 / 总时间: 62096.57)

【打印批次详细信息】
----------------------------------------------------------------------------------------------------

打印机 1 (尺寸: 883.0 x 540.0 x 629.0):
--------------------------------------------------------------------------------
  批次 1: 零件数=10, 占用率=85.27%
    - 2: 尺寸 342.0 x 285.0 x 147.0
    - 48: 尺寸 156.0 x 183.0 x 139.0
    - 6: 尺寸 357.0 x 183.0 x 23.0
    - 10: 尺寸 358.0 x 143.0 x 40.0
    - 49: 尺寸 78.0 x 143.0 x 91.0
    - 30: 尺寸 105.0 x 120.0 x 91.0
    - 34: 尺寸 162.0 x 81.0 x 127.0
    - 3: 尺寸 116.0 x 201.0 x 84.0
    - 5: 尺寸 484.0 x 165.0 x 65.0
    - 42: 尺寸 159.0 x 151.0 x 59.0
  批次 2: 零件数=4, 占用率=85.41%
    - 26: 尺寸 640.0 x 281.0 x 53.0
    - 9: 尺寸 232.0 x 463.0 x 41.0
    - 28: 尺寸 283.0 x 213.0 x 55.0
    - 43: 尺寸 283.0 x 211.0 x 61.0
  批次 3: 零件数=4, 占用率=66.81%
    - 1: 尺寸 378.0 x 170.0 x 33.0
    - 7: 尺寸 439.0 x 239.0 x 17.0
    - 24: 尺寸 424.0 x 202.0 x 22.0
    - 8: 尺寸 384.0 x 166.0 x 30.0

打印机 2 (尺寸: 978.0 x 412.0 x 522.0):
--------------------------------------------------------------------------------
  批次 1: 零件数=8, 占用率=63.50%
    - 37: 尺寸 177.0 x 228.0 x 28.0
    - 36: 尺寸 469.0 x 236.0 x 45.0
    - 38: 尺寸 315.0 x 92.0 x 42.0
    - 35: 尺寸 51.0 x 93.0 x 34.0
    - 0: 尺寸 186.0 x 89.0 x 48.0
    - 41: 尺寸 80.0 x 118.0 x 33.0
    - 14: 尺寸 157.0 x 105.0 x 21.0
    - 25: 尺寸 206.0 x 139.0 x 22.0

打印机 3 (尺寸: 863.0 x 529.0 x 528.0):
--------------------------------------------------------------------------------
  批次 1: 零件数=5, 占用率=89.77%
    - 46: 尺寸 624.0 x 311.0 x 84.0
    - 11: 尺寸 226.0 x 347.0 x 44.0
    - 15: 尺寸 281.0 x 154.0 x 84.0
    - 18: 尺寸 332.0 x 214.0 x 69.0
    - 45: 尺寸 213.0 x 108.0 x 60.0
  批次 2: 零件数=3, 占用率=63.42%
    - 47: 尺寸 525.0 x 270.0 x 27.0
    - 44: 尺寸 116.0 x 436.0 x 25.0
    - 17: 尺寸 392.0 x 248.0 x 17.0

打印机 4 (尺寸: 845.0 x 475.0 x 505.0):
--------------------------------------------------------------------------------
  批次 1: 零件数=11, 占用率=84.38%
    - 39: 尺寸 459.0 x 277.0 x 193.0
    - 27: 尺寸 153.0 x 78.0 x 173.0
    - 13: 尺寸 214.0 x 413.0 x 152.0
    - 40: 尺寸 157.0 x 60.0 x 93.0
    - 33: 尺寸 171.0 x 88.0 x 84.0
    - 22: 尺寸 135.0 x 215.0 x 147.0
    - 4: 尺寸 212.0 x 100.0 x 129.0
    - 20: 尺寸 80.0 x 100.0 x 73.0
    - 31: 尺寸 83.0 x 176.0 x 132.0
    - 19: 尺寸 81.0 x 75.0 x 83.0
    - 12: 尺寸 135.0 x 58.0 x 107.0
  批次 2: 零件数=4, 占用率=79.35%
    - 32: 尺寸 426.0 x 259.0 x 103.0
    - 29: 尺寸 322.0 x 134.0 x 75.0
    - 21: 尺寸 298.0 x 328.0 x 99.0
    - 16: 尺寸 538.0 x 125.0 x 24.0
  批次 3: 零件数=1, 占用率=27.86%
    - 23: 尺寸 464.0 x 241.0 x 25.0

════════════════════════════════════════════════════════════════
