════════════════════════════════════════════════════════════════
              Pareto前沿解集详细数据
════════════════════════════════════════════════════════════════

算例: J100P5B4D10_01
算法: NSGAII-Basic
运行次数: 4
解的数量: 13

----------------------------------------------------------------------------------------------------
序号       Cmax                 能耗(kWh)              装箱质量            批次数       
----------------------------------------------------------------------------------------------------
1        72149.30             856.75               0.5729          12        
2        69410.37             871.20               0.5326          12        
3        69480.37             870.93               0.5326          12        
4        69532.30             860.60               0.5729          12        
5        71372.30             856.94               0.5729          12        
6        70520.30             857.23               0.5729          12        
7        71093.30             857.06               0.5729          12        
8        69736.30             858.30               0.5729          12        
9        70177.30             857.43               0.5729          12        
10       70025.30             857.46               0.5729          12        
11       69554.30             859.15               0.5729          12        
12       71124.30             857.03               0.5729          12        
13       69579.30             858.72               0.5729          12        
----------------------------------------------------------------------------------------------------

统计信息:
  Cmax范围: [69410.37, 72149.30]
  能耗范围: [856.75, 871.20] kWh
  Cmax跨度: 2738.93 (3.80%)
  能耗跨度: 14.45 (1.66%)

════════════════════════════════════════════════════════════════
