════════════════════════════════════════════════════════════════
              Pareto前沿解集详细数据
════════════════════════════════════════════════════════════════

算例: J100P5B4D10_01
算法: NSGAII-Basic
运行次数: 2
解的数量: 11

----------------------------------------------------------------------------------------------------
序号       Cmax                 能耗(kWh)              装箱质量            批次数       
----------------------------------------------------------------------------------------------------
1        71819.76             923.50               0.5930          12        
2        76271.82             919.83               0.5930          12        
3        74786.82             919.92               0.5930          12        
4        73526.82             920.63               0.5930          12        
5        71872.41             922.86               0.5930          12        
6        72804.76             921.64               0.5930          12        
7        72599.82             922.18               0.5192          12        
8        73092.76             920.96               0.5930          12        
9        73119.82             920.83               0.5930          12        
10       72251.82             922.56               0.5930          12        
11       72357.82             922.41               0.5930          12        
----------------------------------------------------------------------------------------------------

统计信息:
  Cmax范围: [71819.76, 76271.82]
  能耗范围: [919.83, 923.50] kWh
  Cmax跨度: 4452.06 (5.84%)
  能耗跨度: 3.67 (0.40%)

════════════════════════════════════════════════════════════════
