════════════════════════════════════════════════════════════════
              最优Cmax解的详细调度记录
════════════════════════════════════════════════════════════════

【基本信息】
----------------------------------------------------------------------------------------------------
Cmax (最大完工时间): 63976.00
能耗: 512.79 kWh
装箱质量: 0.3949
批次总数: 6
工件数量: 50
机器数量: 14 (打印机:4, 批处理机:2, 离散机:8)

【染色体编码】
----------------------------------------------------------------------------------------------------
工序序列 (OS): [45, 49, 29, 1, 28, 27, 6, 15, 32, 33, 19, 24, 21, 39, 7, 30, 48, 35, 18, 46, 13, 41, 14, 26, 38, 22, 8, 17, 37, 25, 9, 10, 31, 47, 23, 36, 4, 2, 0, 3, 40, 43, 12, 42, 16, 44, 5, 20, 34, 11, 3, 47, 18, 12, 20, 38, 37, 24, 31, 17, 22, 31, 2, 5, 42, 29, 42, 32, 25, 4, 37, 24, 10, 47, 16, 17, 3, 46, 8, 30, 33, 18, 38, 22, 10, 35, 23, 6, 3, 12, 28, 49, 0, 5, 10, 16, 23, 44, 19, 2, 34, 30, 40, 49, 24, 1, 36, 33, 21, 17, 24, 32, 0, 38, 18, 4, 38, 35, 24, 25, 12, 6, 46, 5, 31, 30, 13, 3, 12, 21, 9, 15, 37, 17, 36, 16, 19, 3, 4, 25, 28, 11, 33, 9, 18, 6, 29, 47, 5, 0, 16, 32, 25, 44, 12, 9, 5, 44, 36, 6, 29, 23, 23, 19, 32, 22, 7, 15, 4, 11, 9, 33, 7, 38, 35, 0, 25, 37, 26, 11, 33, 19, 34, 16, 30, 26, 5, 15, 26, 46, 29, 3, 22, 29, 44, 15, 46, 37, 24, 10, 6, 19, 45, 42, 30, 34, 18, 7, 47, 0, 37, 19, 38, 12, 30, 10, 44, 15, 33, 4, 25, 3, 49, 9, 5, 36, 33, 20, 22, 15, 37, 11, 20, 38, 15, 15, 18, 42, 44, 1, 3, 0, 19, 14, 0, 48, 18, 28, 25]
机器选择 (MS): [2, 3, 2, 3, 1, 2, 2, 1, 3, 2, 3, 2, 2, 4, 4, 1, 2, 2, 1, 4, 2, 1, 4, 2, 2, 4, 2, 1, 4, 3, 2, 2, 4, 1, 3, 4, 2, 3, 1, 4, 1, 1, 4, 1, 2, 3, 1, 1, 1, 2, 1, 1, 1, 1, 1, 1, 1, 2, 1, 1, 1, 1, 1, 2, 1, 3, 1, 3, 2, 2, 1, 1, 1, 2, 1, 3, 1, 3, 1, 1, 2, 1, 2, 1, 1, 3, 2, 1, 2, 1, 1, 2, 1, 2, 1, 2, 1, 1, 2, 3, 1, 2, 2, 2, 1, 1, 2, 2, 1, 1, 1, 1, 1, 2, 1, 1, 1, 2, 2, 3, 3, 1, 1, 1, 2, 1, 1, 2, 3, 1, 2, 1, 3, 1, 2, 1, 1, 1, 3, 1, 1, 1, 1, 1, 2, 3, 2, 1, 2, 1, 1, 1, 1, 1, 1, 2, 1, 2, 2, 2, 2, 1, 1, 1, 1, 1, 3, 1, 2, 1, 1, 3, 1, 1, 3, 3, 1, 1, 3, 1, 1, 1, 1, 1, 1, 1, 1, 1, 2, 1, 3, 1, 1, 3, 2, 3, 1, 2, 1, 2, 3, 3, 2, 1, 2, 1, 1, 2, 1, 2, 2, 1, 1, 3, 2, 2, 1, 1, 1, 2, 1, 2, 1, 1, 2, 2, 2, 1, 3, 2, 1, 1, 1, 2, 2, 1, 2, 1, 2, 1, 1, 2, 2, 1, 1, 1, 2, 3, 1]

【零件加工顺序记录】
----------------------------------------------------------------------------------------------------
工件号      工序号             机器号             开始时间            结束时间            加工时长           
----------------------------------------------------------------------------------------------------

工件 0:
  0        0               打印机1            0.00            33826.57        33826.57       
  0        1               批处理机1           33826.57        34891.57        1065.00        
  0        2               离散机1            36841.57        38169.57        1328.00        
  0        3               离散机4            40563.10        41982.10        1419.00        
  0        4               离散机6            44857.10        46135.10        1278.00        
  0        5               离散机2            50249.00        51366.00        1117.00        
  0        6               离散机2            56274.00        57356.00        1082.00        
  0        7               离散机1            57415.00        58936.00        1521.00        
  0        8               离散机6            62350.00        63966.00        1616.00        

工件 1:
  1        0               打印机3            0.00            37789.10        37789.10       
  1        1               批处理机1           37789.10        38854.10        1065.00        
  1        2               离散机8            40014.10        41351.10        1337.00        
  1        3               离散机3            43909.10        45385.10        1476.00        

工件 2:
  2        0               打印机3            0.00            37789.10        37789.10       
  2        1               批处理机1           37789.10        38854.10        1065.00        
  2        2               离散机2            38854.10        40422.10        1568.00        
  2        3               离散机5            40422.10        41876.10        1454.00        

工件 3:
  3        0               打印机4            0.00            48023.00        48023.00       
  3        1               批处理机1           48023.00        49088.00        1065.00        
  3        2               离散机3            49088.00        50071.00        983.00         
  3        3               离散机5            51714.00        52839.00        1125.00        
  3        4               离散机4            52839.00        54536.00        1697.00        
  3        5               离散机8            54536.00        55734.00        1198.00        
  3        6               离散机8            55734.00        56829.00        1095.00        
  3        7               离散机5            57456.00        58747.00        1291.00        
  3        8               离散机6            59096.00        60191.00        1095.00        
  3        9               离散机8            62822.00        63976.00        1154.00        

工件 4:
  4        0               打印机2            25009.02        38068.88        13059.86       
  4        1               批处理机2           38068.88        39253.88        1185.00        
  4        2               离散机3            40368.10        41323.10        955.00         
  4        3               离散机3            41323.10        42315.10        992.00         
  4        4               离散机4            44778.10        45892.10        1114.00        
  4        5               离散机4            47614.10        48958.10        1344.00        
  4        6               离散机6            52107.00        53542.00        1435.00        

工件 5:
  5        0               打印机1            0.00            33826.57        33826.57       
  5        1               批处理机1           33826.57        34891.57        1065.00        
  5        2               离散机2            35969.57        37611.57        1642.00        
  5        3               离散机7            40296.10        41901.10        1605.00        
  5        4               离散机3            42315.10        43909.10        1594.00        
  5        5               离散机6            43909.10        44857.10        948.00         
  5        6               离散机1            44857.10        45906.10        1049.00        
  5        7               离散机3            57802.00        59057.00        1255.00        
  5        8               离散机3            60225.00        61443.00        1218.00        

工件 6:
  6        0               打印机2            0.00            25009.02        25009.02       
  6        1               批处理机1           25009.02        26074.02        1065.00        
  6        2               离散机2            26074.02        27403.02        1329.00        
  6        3               离散机4            27403.02        28967.02        1564.00        
  6        4               离散机4            31473.02        33130.02        1657.00        
  6        5               离散机3            33130.02        34886.02        1756.00        
  6        6               离散机8            36774.02        38086.02        1312.00        

工件 7:
  7        0               打印机4            0.00            48023.00        48023.00       
  7        1               批处理机1           48023.00        49088.00        1065.00        
  7        2               离散机8            49980.10        51566.10        1586.00        
  7        3               离散机7            55947.00        57562.00        1615.00        
  7        4               离散机2            57562.00        58572.00        1010.00        

工件 8:
  8        0               打印机2            0.00            25009.02        25009.02       
  8        1               批处理机1           25009.02        26074.02        1065.00        
  8        2               离散机1            29539.02        30962.02        1423.00        

工件 9:
  9        0               打印机2            0.00            25009.02        25009.02       
  9        1               批处理机1           25009.02        26074.02        1065.00        
  9        2               离散机3            29400.02        31159.02        1759.00        
  9        3               离散机7            37162.57        38582.57        1420.00        
  9        4               离散机1            41514.10        43183.10        1669.00        
  9        5               离散机7            48242.10        49857.10        1615.00        
  9        6               离散机4            57414.00        59062.00        1648.00        

工件 10:
  10       0               打印机2            0.00            25009.02        25009.02       
  10       1               批处理机1           25009.02        26074.02        1065.00        
  10       2               离散机8            26074.02        27591.02        1517.00        
  10       3               离散机7            27754.02        29105.02        1351.00        
  10       4               离散机1            30962.02        32265.02        1303.00        
  10       5               离散机5            32265.02        34044.02        1779.00        
  10       6               离散机8            41351.10        42253.10        902.00         

工件 11:
  11       0               打印机2            0.00            25009.02        25009.02       
  11       1               批处理机1           25009.02        26074.02        1065.00        
  11       2               离散机8            30284.02        31824.02        1540.00        
  11       3               离散机7            44631.10        45772.10        1141.00        
  11       4               离散机4            50432.00        51478.00        1046.00        
  11       5               离散机4            59062.00        60099.00        1037.00        

工件 12:
  12       0               打印机4            0.00            48023.00        48023.00       
  12       1               批处理机1           48023.00        49088.00        1065.00        
  12       2               离散机1            49088.00        50734.00        1646.00        
  12       3               离散机3            51184.00        52499.00        1315.00        
  12       4               离散机4            54536.00        55581.00        1045.00        
  12       5               离散机3            55581.00        56790.00        1209.00        
  12       6               离散机3            56790.00        57802.00        1012.00        
  12       7               离散机7            59244.00        60451.00        1207.00        

工件 13:
  13       0               打印机2            0.00            25009.02        25009.02       
  13       1               批处理机1           25009.02        26074.02        1065.00        
  13       2               离散机4            30378.02        31473.02        1095.00        

工件 14:
  14       0               打印机4            0.00            48023.00        48023.00       
  14       1               批处理机1           48023.00        49088.00        1065.00        
  14       2               离散机1            53669.00        55204.00        1535.00        

工件 15:
  15       0               打印机1            0.00            33826.57        33826.57       
  15       1               批处理机1           33826.57        34891.57        1065.00        
  15       2               离散机4            35936.57        37253.57        1317.00        
  15       3               离散机4            37253.57        38391.57        1138.00        
  15       4               离散机5            38662.57        39722.57        1060.00        
  15       5               离散机1            45906.10        47637.10        1731.00        
  15       6               离散机8            58019.00        59370.00        1351.00        
  15       7               离散机6            60191.00        61141.00        950.00         
  15       8               离散机4            61141.00        62598.00        1457.00        
  15       9               离散机7            62598.00        63560.00        962.00         

工件 16:
  16       0               打印机2            0.00            25009.02        25009.02       
  16       1               批处理机1           25009.02        26074.02        1065.00        
  16       2               离散机8            27591.02        29202.02        1611.00        
  16       3               离散机4            29202.02        30378.02        1176.00        
  16       4               离散机7            33238.02        34751.02        1513.00        
  16       5               离散机5            36289.57        37688.57        1399.00        
  16       6               离散机7            45772.10        47127.10        1355.00        

工件 17:
  17       0               打印机1            0.00            33826.57        33826.57       
  17       1               批处理机1           33826.57        34891.57        1065.00        
  17       2               离散机2            34891.57        35969.57        1078.00        
  17       3               离散机3            35969.57        37265.57        1296.00        
  17       4               离散机6            37637.57        39230.57        1593.00        
  17       5               离散机8            43446.43        44676.43        1230.00        

工件 18:
  18       0               打印机1            0.00            33826.57        33826.57       
  18       1               批处理机1           33826.57        34891.57        1065.00        
  18       2               离散机4            34891.57        35936.57        1045.00        
  18       3               离散机2            40422.10        41790.10        1368.00        
  18       4               离散机4            41982.10        43489.10        1507.00        
  18       5               离散机8            44676.43        45639.43        963.00         
  18       6               离散机7            57562.00        59244.00        1682.00        
  18       7               离散机8            61157.00        62822.00        1665.00        
  18       8               离散机2            62822.00        63745.00        923.00         

工件 19:
  19       0               打印机3            0.00            37789.10        37789.10       
  19       1               批处理机1           37789.10        38854.10        1065.00        
  19       2               离散机4            38854.10        40563.10        1709.00        
  19       3               离散机4            43489.10        44778.10        1289.00        
  19       4               离散机8            45639.43        47184.43        1545.00        
  19       5               离散机2            51366.00        52578.00        1212.00        
  19       6               离散机2            53787.00        54803.00        1016.00        
  19       7               离散机6            57573.00        59096.00        1523.00        
  19       8               离散机3            62845.00        63797.00        952.00         

工件 20:
  20       0               打印机1            0.00            33826.57        33826.57       
  20       1               批处理机1           33826.57        34891.57        1065.00        
  20       2               离散机6            34891.57        35842.57        951.00         
  20       3               离散机8            47184.43        48240.43        1056.00        
  20       4               离散机6            61141.00        62350.00        1209.00        

工件 21:
  21       0               打印机2            0.00            25009.02        25009.02       
  21       1               批处理机1           25009.02        26074.02        1065.00        
  21       2               离散机7            30007.02        31721.02        1714.00        
  21       3               离散机6            31721.02        33188.02        1467.00        

工件 22:
  22       0               打印机4            0.00            48023.00        48023.00       
  22       1               批处理机1           48023.00        49088.00        1065.00        
  22       2               离散机2            49088.00        50249.00        1161.00        
  22       3               离散机1            50734.00        52317.00        1583.00        
  22       4               离散机3            53477.00        54382.00        905.00         
  22       5               离散机6            54382.00        56068.00        1686.00        
  22       6               离散机1            56068.00        57415.00        1347.00        

工件 23:
  23       0               打印机3            0.00            37789.10        37789.10       
  23       1               批处理机1           37789.10        38854.10        1065.00        
  23       2               离散机1            38854.10        40048.10        1194.00        
  23       3               离散机1            40048.10        41514.10        1466.00        
  23       4               离散机7            41901.10        43455.10        1554.00        
  23       5               离散机5            47138.10        48434.10        1296.00        

工件 24:
  24       0               打印机2            0.00            25009.02        25009.02       
  24       1               批处理机1           25009.02        26074.02        1065.00        
  24       2               离散机4            26074.02        27246.02        1172.00        
  24       3               离散机5            27246.02        28960.02        1714.00        
  24       4               离散机8            29202.02        30284.02        1082.00        
  24       5               离散机5            30284.02        31432.02        1148.00        
  24       6               离散机7            31721.02        33238.02        1517.00        
  24       7               离散机3            37265.57        38482.57        1217.00        

工件 25:
  25       0               打印机3            0.00            37789.10        37789.10       
  25       1               批处理机1           37789.10        38854.10        1065.00        
  25       2               离散机3            38854.10        40368.10        1514.00        
  25       3               离散机5            45808.10        47138.10        1330.00        
  25       4               离散机7            47138.10        48242.10        1104.00        
  25       5               离散机8            48242.10        49980.10        1738.00        
  25       6               离散机5            54210.00        55177.00        967.00         
  25       7               离散机4            56512.00        57414.00        902.00         
  25       8               离散机1            58936.00        59870.00        934.00         

工件 26:
  26       0               打印机2            0.00            25009.02        25009.02       
  26       1               批处理机1           25009.02        26074.02        1065.00        
  26       2               离散机8            31824.02        33165.02        1341.00        
  26       3               离散机8            33165.02        34571.02        1406.00        
  26       4               离散机5            55177.00        56241.00        1064.00        

工件 27:
  27       0               打印机2            0.00            25009.02        25009.02       
  27       1               批处理机1           25009.02        26074.02        1065.00        

工件 28:
  28       0               打印机1            0.00            33826.57        33826.57       
  28       1               批处理机1           33826.57        34891.57        1065.00        
  28       2               离散机2            41790.10        43505.10        1715.00        
  28       3               离散机7            43505.10        44631.10        1126.00        
  28       4               离散机7            61534.00        62516.00        982.00         

工件 29:
  29       0               打印机2            0.00            25009.02        25009.02       
  29       1               批处理机1           25009.02        26074.02        1065.00        
  29       2               离散机1            27763.02        29539.02        1776.00        
  29       3               离散机1            33554.02        35167.02        1613.00        
  29       4               离散机8            35167.02        36774.02        1607.00        
  29       5               离散机4            51478.00        52803.00        1325.00        
  29       6               离散机2            52803.00        53787.00        984.00         

工件 30:
  30       0               打印机1            33826.57        41367.43        7540.86        
  30       1               批处理机1           41367.43        42432.43        1065.00        
  30       2               离散机8            42432.43        43446.43        1014.00        
  30       3               离散机1            43446.43        44415.43        969.00         
  30       4               离散机2            44415.43        45811.43        1396.00        
  30       5               离散机3            46984.10        47994.10        1010.00        
  30       6               离散机3            47994.10        49040.10        1046.00        
  30       7               离散机1            52317.00        53669.00        1352.00        

工件 31:
  31       0               打印机4            0.00            48023.00        48023.00       
  31       1               批处理机1           48023.00        49088.00        1065.00        
  31       2               离散机4            49088.00        50432.00        1344.00        
  31       3               离散机6            50432.00        52107.00        1675.00        
  31       4               离散机3            52499.00        53477.00        978.00         

工件 32:
  32       0               打印机3            0.00            37789.10        37789.10       
  32       1               批处理机1           37789.10        38854.10        1065.00        
  32       2               离散机8            38854.10        40014.10        1160.00        
  32       3               离散机5            42849.10        44131.10        1282.00        
  32       4               离散机4            45892.10        47614.10        1722.00        
  32       5               离散机6            47672.10        48836.10        1164.00        

工件 33:
  33       0               打印机2            0.00            25009.02        25009.02       
  33       1               批处理机1           25009.02        26074.02        1065.00        
  33       2               离散机7            26074.02        27754.02        1680.00        
  33       3               离散机7            29105.02        30007.02        902.00         
  33       4               离散机2            30007.02        31063.02        1056.00        
  33       5               离散机6            33188.02        34690.02        1502.00        
  33       6               离散机6            48836.10        50001.10        1165.00        
  33       7               离散机3            54382.00        55580.00        1198.00        
  33       8               离散机7            60451.00        61534.00        1083.00        

工件 34:
  34       0               打印机1            0.00            33826.57        33826.57       
  34       1               批处理机1           33826.57        34891.57        1065.00        
  34       2               离散机7            35864.57        37162.57        1298.00        
  34       3               离散机5            37688.57        38662.57        974.00         
  34       4               离散机5            59884.00        60786.00        902.00         

工件 35:
  35       0               打印机2            25009.02        38068.88        13059.86       
  35       1               批处理机2           38068.88        39253.88        1185.00        
  35       2               离散机6            39253.88        40515.88        1262.00        
  35       3               离散机5            44131.10        45808.10        1677.00        
  35       4               离散机3            45808.10        46984.10        1176.00        

工件 36:
  36       0               打印机4            0.00            48023.00        48023.00       
  36       1               批处理机1           48023.00        49088.00        1065.00        
  36       2               离散机5            52839.00        54210.00        1371.00        
  36       3               离散机7            54210.00        55947.00        1737.00        
  36       4               离散机8            56829.00        58019.00        1190.00        
  36       5               离散机8            59370.00        61157.00        1787.00        

工件 37:
  37       0               打印机4            0.00            48023.00        48023.00       
  37       1               批处理机1           48023.00        49088.00        1065.00        
  37       2               离散机5            49088.00        50577.00        1489.00        
  37       3               离散机5            50577.00        51714.00        1137.00        
  37       4               离散机8            51714.00        52786.00        1072.00        
  37       5               离散机4            55581.00        56512.00        931.00         
  37       6               离散机6            56512.00        57573.00        1061.00        
  37       7               离散机3            59057.00        60225.00        1168.00        
  37       8               离散机2            61008.00        62449.00        1441.00        

工件 38:
  38       0               打印机2            0.00            25009.02        25009.02       
  38       1               批处理机1           25009.02        26074.02        1065.00        
  38       2               离散机1            26074.02        27763.02        1689.00        
  38       3               离散机3            27763.02        29400.02        1637.00        
  38       4               离散机1            32265.02        33554.02        1289.00        
  38       5               离散机4            33554.02        34493.02        939.00         
  38       6               离散机2            45811.43        47610.43        1799.00        
  38       7               离散机2            58572.00        59646.00        1074.00        
  38       8               离散机4            60099.00        61004.00        905.00         

工件 39:
  39       0               打印机4            0.00            48023.00        48023.00       
  39       1               批处理机1           48023.00        49088.00        1065.00        

工件 40:
  40       0               打印机1            0.00            33826.57        33826.57       
  40       1               批处理机1           33826.57        34891.57        1065.00        
  40       2               离散机3            34891.57        35875.57        984.00         

工件 41:
  41       0               打印机1            0.00            33826.57        33826.57       
  41       1               批处理机1           33826.57        34891.57        1065.00        

工件 42:
  42       0               打印机1            0.00            33826.57        33826.57       
  42       1               批处理机1           33826.57        34891.57        1065.00        
  42       2               离散机7            34891.57        35864.57        973.00         
  42       3               离散机1            35864.57        36841.57        977.00         
  42       4               离散机7            52670.00        53773.00        1103.00        
  42       5               离散机3            61443.00        62845.00        1402.00        

工件 43:
  43       0               打印机1            0.00            33826.57        33826.57       
  43       1               批处理机1           33826.57        34891.57        1065.00        

工件 44:
  44       0               打印机3            0.00            37789.10        37789.10       
  44       1               批处理机1           37789.10        38854.10        1065.00        
  44       2               离散机6            40515.88        42309.88        1794.00        
  44       3               离散机6            46135.10        47672.10        1537.00        
  44       4               离散机2            47672.10        48929.10        1257.00        
  44       5               离散机7            49857.10        50802.10        945.00         
  44       6               离散机5            60786.00        61777.00        991.00         
  44       7               离散机5            61777.00        62704.00        927.00         

工件 45:
  45       0               打印机2            0.00            25009.02        25009.02       
  45       1               批处理机1           25009.02        26074.02        1065.00        
  45       2               离散机8            52786.00        54147.00        1361.00        

工件 46:
  46       0               打印机4            0.00            48023.00        48023.00       
  46       1               批处理机1           48023.00        49088.00        1065.00        
  46       2               离散机3            50071.00        51184.00        1113.00        
  46       3               离散机7            51184.00        52670.00        1486.00        
  46       4               离散机5            56241.00        57456.00        1215.00        
  46       5               离散机5            58747.00        59884.00        1137.00        

工件 47:
  47       0               打印机1            0.00            33826.57        33826.57       
  47       1               批处理机1           33826.57        34891.57        1065.00        
  47       2               离散机5            34891.57        36289.57        1398.00        
  47       3               离散机6            36289.57        37637.57        1348.00        
  47       4               离散机6            42309.88        43331.88        1022.00        
  47       5               离散机2            54803.00        56274.00        1471.00        

工件 48:
  48       0               打印机2            25009.02        38068.88        13059.86       
  48       1               批处理机2           38068.88        39253.88        1185.00        
  48       2               离散机4            62598.00        63548.00        950.00         

工件 49:
  49       0               打印机3            0.00            37789.10        37789.10       
  49       1               批处理机1           37789.10        38854.10        1065.00        
  49       2               离散机7            38854.10        40296.10        1442.00        
  49       3               离散机5            41876.10        42849.10        973.00         
  49       4               离散机2            59646.00        61008.00        1362.00        

【机器加工顺序记录】
----------------------------------------------------------------------------------------------------

打印机1:
工件号      工序号             开始时间            结束时间            加工时长           
--------------------------------------------------------------------------------
  0        0               0.00            33826.57        33826.57       
  5        0               0.00            33826.57        33826.57       
  15       0               0.00            33826.57        33826.57       
  17       0               0.00            33826.57        33826.57       
  18       0               0.00            33826.57        33826.57       
  20       0               0.00            33826.57        33826.57       
  28       0               0.00            33826.57        33826.57       
  34       0               0.00            33826.57        33826.57       
  40       0               0.00            33826.57        33826.57       
  41       0               0.00            33826.57        33826.57       
  42       0               0.00            33826.57        33826.57       
  43       0               0.00            33826.57        33826.57       
  47       0               0.00            33826.57        33826.57       
  30       0               33826.57        41367.43        7540.86        

  机器利用率: 699.15% (忙碌时间: 447286.29 / 总时间: 63976.00)

打印机2:
工件号      工序号             开始时间            结束时间            加工时长           
--------------------------------------------------------------------------------
  6        0               0.00            25009.02        25009.02       
  8        0               0.00            25009.02        25009.02       
  9        0               0.00            25009.02        25009.02       
  10       0               0.00            25009.02        25009.02       
  11       0               0.00            25009.02        25009.02       
  13       0               0.00            25009.02        25009.02       
  16       0               0.00            25009.02        25009.02       
  21       0               0.00            25009.02        25009.02       
  24       0               0.00            25009.02        25009.02       
  26       0               0.00            25009.02        25009.02       
  27       0               0.00            25009.02        25009.02       
  29       0               0.00            25009.02        25009.02       
  33       0               0.00            25009.02        25009.02       
  38       0               0.00            25009.02        25009.02       
  45       0               0.00            25009.02        25009.02       
  4        0               25009.02        38068.88        13059.86       
  35       0               25009.02        38068.88        13059.86       
  48       0               25009.02        38068.88        13059.86       

  机器利用率: 647.61% (忙碌时间: 414314.85 / 总时间: 63976.00)

打印机3:
工件号      工序号             开始时间            结束时间            加工时长           
--------------------------------------------------------------------------------
  1        0               0.00            37789.10        37789.10       
  2        0               0.00            37789.10        37789.10       
  19       0               0.00            37789.10        37789.10       
  23       0               0.00            37789.10        37789.10       
  25       0               0.00            37789.10        37789.10       
  32       0               0.00            37789.10        37789.10       
  44       0               0.00            37789.10        37789.10       
  49       0               0.00            37789.10        37789.10       

  机器利用率: 472.54% (忙碌时间: 302312.76 / 总时间: 63976.00)

打印机4:
工件号      工序号             开始时间            结束时间            加工时长           
--------------------------------------------------------------------------------
  3        0               0.00            48023.00        48023.00       
  7        0               0.00            48023.00        48023.00       
  12       0               0.00            48023.00        48023.00       
  14       0               0.00            48023.00        48023.00       
  22       0               0.00            48023.00        48023.00       
  31       0               0.00            48023.00        48023.00       
  36       0               0.00            48023.00        48023.00       
  37       0               0.00            48023.00        48023.00       
  39       0               0.00            48023.00        48023.00       
  46       0               0.00            48023.00        48023.00       

  机器利用率: 750.64% (忙碌时间: 480230.00 / 总时间: 63976.00)

批处理机1:
工件号      工序号             开始时间            结束时间            加工时长           
--------------------------------------------------------------------------------
  6        1               25009.02        26074.02        1065.00        
  8        1               25009.02        26074.02        1065.00        
  9        1               25009.02        26074.02        1065.00        
  10       1               25009.02        26074.02        1065.00        
  11       1               25009.02        26074.02        1065.00        
  13       1               25009.02        26074.02        1065.00        
  16       1               25009.02        26074.02        1065.00        
  21       1               25009.02        26074.02        1065.00        
  24       1               25009.02        26074.02        1065.00        
  26       1               25009.02        26074.02        1065.00        
  27       1               25009.02        26074.02        1065.00        
  29       1               25009.02        26074.02        1065.00        
  33       1               25009.02        26074.02        1065.00        
  38       1               25009.02        26074.02        1065.00        
  45       1               25009.02        26074.02        1065.00        
  0        1               33826.57        34891.57        1065.00        
  5        1               33826.57        34891.57        1065.00        
  15       1               33826.57        34891.57        1065.00        
  17       1               33826.57        34891.57        1065.00        
  18       1               33826.57        34891.57        1065.00        
  20       1               33826.57        34891.57        1065.00        
  28       1               33826.57        34891.57        1065.00        
  34       1               33826.57        34891.57        1065.00        
  40       1               33826.57        34891.57        1065.00        
  41       1               33826.57        34891.57        1065.00        
  42       1               33826.57        34891.57        1065.00        
  43       1               33826.57        34891.57        1065.00        
  47       1               33826.57        34891.57        1065.00        
  1        1               37789.10        38854.10        1065.00        
  2        1               37789.10        38854.10        1065.00        
  19       1               37789.10        38854.10        1065.00        
  23       1               37789.10        38854.10        1065.00        
  25       1               37789.10        38854.10        1065.00        
  32       1               37789.10        38854.10        1065.00        
  44       1               37789.10        38854.10        1065.00        
  49       1               37789.10        38854.10        1065.00        
  30       1               41367.43        42432.43        1065.00        
  3        1               48023.00        49088.00        1065.00        
  7        1               48023.00        49088.00        1065.00        
  12       1               48023.00        49088.00        1065.00        
  14       1               48023.00        49088.00        1065.00        
  22       1               48023.00        49088.00        1065.00        
  31       1               48023.00        49088.00        1065.00        
  36       1               48023.00        49088.00        1065.00        
  37       1               48023.00        49088.00        1065.00        
  39       1               48023.00        49088.00        1065.00        
  46       1               48023.00        49088.00        1065.00        

  机器利用率: 78.24% (忙碌时间: 50055.00 / 总时间: 63976.00)

批处理机2:
工件号      工序号             开始时间            结束时间            加工时长           
--------------------------------------------------------------------------------
  4        1               38068.88        39253.88        1185.00        
  35       1               38068.88        39253.88        1185.00        
  48       1               38068.88        39253.88        1185.00        

  机器利用率: 5.56% (忙碌时间: 3555.00 / 总时间: 63976.00)

离散机1:
工件号      工序号             开始时间            结束时间            加工时长           
--------------------------------------------------------------------------------
  38       2               26074.02        27763.02        1689.00        
  29       2               27763.02        29539.02        1776.00        
  8        2               29539.02        30962.02        1423.00        
  10       4               30962.02        32265.02        1303.00        
  38       4               32265.02        33554.02        1289.00        
  29       3               33554.02        35167.02        1613.00        
  42       3               35864.57        36841.57        977.00         
  0        2               36841.57        38169.57        1328.00        
  23       2               38854.10        40048.10        1194.00        
  23       3               40048.10        41514.10        1466.00        
  9        4               41514.10        43183.10        1669.00        
  30       3               43446.43        44415.43        969.00         
  5        6               44857.10        45906.10        1049.00        
  15       5               45906.10        47637.10        1731.00        
  12       2               49088.00        50734.00        1646.00        
  22       3               50734.00        52317.00        1583.00        
  30       7               52317.00        53669.00        1352.00        
  14       2               53669.00        55204.00        1535.00        
  22       6               56068.00        57415.00        1347.00        
  0        7               57415.00        58936.00        1521.00        
  25       8               58936.00        59870.00        934.00         

  机器利用率: 45.95% (忙碌时间: 29394.00 / 总时间: 63976.00)

离散机2:
工件号      工序号             开始时间            结束时间            加工时长           
--------------------------------------------------------------------------------
  6        2               26074.02        27403.02        1329.00        
  33       4               30007.02        31063.02        1056.00        
  17       2               34891.57        35969.57        1078.00        
  5        2               35969.57        37611.57        1642.00        
  2        2               38854.10        40422.10        1568.00        
  18       3               40422.10        41790.10        1368.00        
  28       2               41790.10        43505.10        1715.00        
  30       4               44415.43        45811.43        1396.00        
  38       6               45811.43        47610.43        1799.00        
  44       4               47672.10        48929.10        1257.00        
  22       2               49088.00        50249.00        1161.00        
  0        5               50249.00        51366.00        1117.00        
  19       5               51366.00        52578.00        1212.00        
  29       6               52803.00        53787.00        984.00         
  19       6               53787.00        54803.00        1016.00        
  47       5               54803.00        56274.00        1471.00        
  0        6               56274.00        57356.00        1082.00        
  7        4               57562.00        58572.00        1010.00        
  38       7               58572.00        59646.00        1074.00        
  49       4               59646.00        61008.00        1362.00        
  37       8               61008.00        62449.00        1441.00        
  18       8               62822.00        63745.00        923.00         

  机器利用率: 43.86% (忙碌时间: 28061.00 / 总时间: 63976.00)

离散机3:
工件号      工序号             开始时间            结束时间            加工时长           
--------------------------------------------------------------------------------
  38       3               27763.02        29400.02        1637.00        
  9        2               29400.02        31159.02        1759.00        
  6        5               33130.02        34886.02        1756.00        
  40       2               34891.57        35875.57        984.00         
  17       3               35969.57        37265.57        1296.00        
  24       7               37265.57        38482.57        1217.00        
  25       2               38854.10        40368.10        1514.00        
  4        2               40368.10        41323.10        955.00         
  4        3               41323.10        42315.10        992.00         
  5        4               42315.10        43909.10        1594.00        
  1        3               43909.10        45385.10        1476.00        
  35       4               45808.10        46984.10        1176.00        
  30       5               46984.10        47994.10        1010.00        
  30       6               47994.10        49040.10        1046.00        
  3        2               49088.00        50071.00        983.00         
  46       2               50071.00        51184.00        1113.00        
  12       3               51184.00        52499.00        1315.00        
  31       4               52499.00        53477.00        978.00         
  22       4               53477.00        54382.00        905.00         
  33       7               54382.00        55580.00        1198.00        
  12       5               55581.00        56790.00        1209.00        
  12       6               56790.00        57802.00        1012.00        
  5        7               57802.00        59057.00        1255.00        
  37       7               59057.00        60225.00        1168.00        
  5        8               60225.00        61443.00        1218.00        
  42       5               61443.00        62845.00        1402.00        
  19       8               62845.00        63797.00        952.00         

  机器利用率: 51.77% (忙碌时间: 33120.00 / 总时间: 63976.00)

离散机4:
工件号      工序号             开始时间            结束时间            加工时长           
--------------------------------------------------------------------------------
  24       2               26074.02        27246.02        1172.00        
  6        3               27403.02        28967.02        1564.00        
  16       3               29202.02        30378.02        1176.00        
  13       2               30378.02        31473.02        1095.00        
  6        4               31473.02        33130.02        1657.00        
  38       5               33554.02        34493.02        939.00         
  18       2               34891.57        35936.57        1045.00        
  15       2               35936.57        37253.57        1317.00        
  15       3               37253.57        38391.57        1138.00        
  19       2               38854.10        40563.10        1709.00        
  0        3               40563.10        41982.10        1419.00        
  18       4               41982.10        43489.10        1507.00        
  19       3               43489.10        44778.10        1289.00        
  4        4               44778.10        45892.10        1114.00        
  32       4               45892.10        47614.10        1722.00        
  4        5               47614.10        48958.10        1344.00        
  31       2               49088.00        50432.00        1344.00        
  11       4               50432.00        51478.00        1046.00        
  29       5               51478.00        52803.00        1325.00        
  3        4               52839.00        54536.00        1697.00        
  12       4               54536.00        55581.00        1045.00        
  37       5               55581.00        56512.00        931.00         
  25       7               56512.00        57414.00        902.00         
  9        6               57414.00        59062.00        1648.00        
  11       5               59062.00        60099.00        1037.00        
  38       8               60099.00        61004.00        905.00         
  15       8               61141.00        62598.00        1457.00        
  48       2               62598.00        63548.00        950.00         

  机器利用率: 55.48% (忙碌时间: 35494.00 / 总时间: 63976.00)

离散机5:
工件号      工序号             开始时间            结束时间            加工时长           
--------------------------------------------------------------------------------
  24       3               27246.02        28960.02        1714.00        
  24       5               30284.02        31432.02        1148.00        
  10       5               32265.02        34044.02        1779.00        
  47       2               34891.57        36289.57        1398.00        
  16       5               36289.57        37688.57        1399.00        
  34       3               37688.57        38662.57        974.00         
  15       4               38662.57        39722.57        1060.00        
  2        3               40422.10        41876.10        1454.00        
  49       3               41876.10        42849.10        973.00         
  32       3               42849.10        44131.10        1282.00        
  35       3               44131.10        45808.10        1677.00        
  25       3               45808.10        47138.10        1330.00        
  23       5               47138.10        48434.10        1296.00        
  37       2               49088.00        50577.00        1489.00        
  37       3               50577.00        51714.00        1137.00        
  3        3               51714.00        52839.00        1125.00        
  36       2               52839.00        54210.00        1371.00        
  25       6               54210.00        55177.00        967.00         
  26       4               55177.00        56241.00        1064.00        
  46       4               56241.00        57456.00        1215.00        
  3        7               57456.00        58747.00        1291.00        
  46       5               58747.00        59884.00        1137.00        
  34       4               59884.00        60786.00        902.00         
  44       6               60786.00        61777.00        991.00         
  44       7               61777.00        62704.00        927.00         

  机器利用率: 48.61% (忙碌时间: 31100.00 / 总时间: 63976.00)

离散机6:
工件号      工序号             开始时间            结束时间            加工时长           
--------------------------------------------------------------------------------
  21       3               31721.02        33188.02        1467.00        
  33       5               33188.02        34690.02        1502.00        
  20       2               34891.57        35842.57        951.00         
  47       3               36289.57        37637.57        1348.00        
  17       4               37637.57        39230.57        1593.00        
  35       2               39253.88        40515.88        1262.00        
  44       2               40515.88        42309.88        1794.00        
  47       4               42309.88        43331.88        1022.00        
  5        5               43909.10        44857.10        948.00         
  0        4               44857.10        46135.10        1278.00        
  44       3               46135.10        47672.10        1537.00        
  32       5               47672.10        48836.10        1164.00        
  33       6               48836.10        50001.10        1165.00        
  31       3               50432.00        52107.00        1675.00        
  4        6               52107.00        53542.00        1435.00        
  22       5               54382.00        56068.00        1686.00        
  37       6               56512.00        57573.00        1061.00        
  19       7               57573.00        59096.00        1523.00        
  3        8               59096.00        60191.00        1095.00        
  15       7               60191.00        61141.00        950.00         
  20       4               61141.00        62350.00        1209.00        
  0        8               62350.00        63966.00        1616.00        

  机器利用率: 45.77% (忙碌时间: 29281.00 / 总时间: 63976.00)

离散机7:
工件号      工序号             开始时间            结束时间            加工时长           
--------------------------------------------------------------------------------
  33       2               26074.02        27754.02        1680.00        
  10       3               27754.02        29105.02        1351.00        
  33       3               29105.02        30007.02        902.00         
  21       2               30007.02        31721.02        1714.00        
  24       6               31721.02        33238.02        1517.00        
  16       4               33238.02        34751.02        1513.00        
  42       2               34891.57        35864.57        973.00         
  34       2               35864.57        37162.57        1298.00        
  9        3               37162.57        38582.57        1420.00        
  49       2               38854.10        40296.10        1442.00        
  5        3               40296.10        41901.10        1605.00        
  23       4               41901.10        43455.10        1554.00        
  28       3               43505.10        44631.10        1126.00        
  11       3               44631.10        45772.10        1141.00        
  16       6               45772.10        47127.10        1355.00        
  25       4               47138.10        48242.10        1104.00        
  9        5               48242.10        49857.10        1615.00        
  44       5               49857.10        50802.10        945.00         
  46       3               51184.00        52670.00        1486.00        
  42       4               52670.00        53773.00        1103.00        
  36       3               54210.00        55947.00        1737.00        
  7        3               55947.00        57562.00        1615.00        
  18       6               57562.00        59244.00        1682.00        
  12       7               59244.00        60451.00        1207.00        
  33       8               60451.00        61534.00        1083.00        
  28       4               61534.00        62516.00        982.00         
  15       9               62598.00        63560.00        962.00         

  机器利用率: 56.45% (忙碌时间: 36112.00 / 总时间: 63976.00)

离散机8:
工件号      工序号             开始时间            结束时间            加工时长           
--------------------------------------------------------------------------------
  10       2               26074.02        27591.02        1517.00        
  16       2               27591.02        29202.02        1611.00        
  24       4               29202.02        30284.02        1082.00        
  11       2               30284.02        31824.02        1540.00        
  26       2               31824.02        33165.02        1341.00        
  26       3               33165.02        34571.02        1406.00        
  29       4               35167.02        36774.02        1607.00        
  6        6               36774.02        38086.02        1312.00        
  32       2               38854.10        40014.10        1160.00        
  1        2               40014.10        41351.10        1337.00        
  10       6               41351.10        42253.10        902.00         
  30       2               42432.43        43446.43        1014.00        
  17       5               43446.43        44676.43        1230.00        
  18       5               44676.43        45639.43        963.00         
  19       4               45639.43        47184.43        1545.00        
  20       3               47184.43        48240.43        1056.00        
  25       5               48242.10        49980.10        1738.00        
  7        2               49980.10        51566.10        1586.00        
  37       4               51714.00        52786.00        1072.00        
  45       2               52786.00        54147.00        1361.00        
  3        5               54536.00        55734.00        1198.00        
  3        6               55734.00        56829.00        1095.00        
  36       4               56829.00        58019.00        1190.00        
  15       6               58019.00        59370.00        1351.00        
  36       5               59370.00        61157.00        1787.00        
  18       7               61157.00        62822.00        1665.00        
  3        9               62822.00        63976.00        1154.00        

  机器利用率: 55.99% (忙碌时间: 35820.00 / 总时间: 63976.00)

【打印批次详细信息】
----------------------------------------------------------------------------------------------------

打印机 1 (尺寸: 908.0 x 580.0 x 648.0):
--------------------------------------------------------------------------------
  批次 1: 零件数=13, 占用率=72.91%
    - 28: 尺寸 455.0 x 342.0 x 96.0
    - 15: 尺寸 123.0 x 94.0 x 66.0
    - 18: 尺寸 147.0 x 62.0 x 72.0
    - 41: 尺寸 174.0 x 86.0 x 113.0
    - 42: 尺寸 147.0 x 118.0 x 117.0
    - 17: 尺寸 68.0 x 100.0 x 74.0
    - 43: 尺寸 111.0 x 262.0 x 64.0
    - 47: 尺寸 127.0 x 245.0 x 24.0
    - 0: 尺寸 141.0 x 148.0 x 92.0
    - 20: 尺寸 196.0 x 116.0 x 60.0
    - 34: 尺寸 124.0 x 87.0 x 35.0
    - 40: 尺寸 354.0 x 96.0 x 64.0
    - 5: 尺寸 139.0 x 144.0 x 46.0
  批次 2: 零件数=1, 占用率=39.49%
    - 30: 尺寸 619.0 x 336.0 x 25.0

打印机 2 (尺寸: 1023.0 x 424.0 x 616.0):
--------------------------------------------------------------------------------
  批次 1: 零件数=15, 占用率=80.15%
    - 45: 尺寸 62.0 x 105.0 x 143.0
    - 29: 尺寸 178.0 x 113.0 x 144.0
    - 13: 尺寸 132.0 x 113.0 x 16.0
    - 27: 尺寸 394.0 x 115.0 x 168.0
    - 6: 尺寸 117.0 x 150.0 x 12.0
    - 24: 尺寸 130.0 x 60.0 x 57.0
    - 8: 尺寸 139.0 x 53.0 x 78.0
    - 9: 尺寸 53.0 x 198.0 x 188.0
    - 16: 尺寸 141.0 x 66.0 x 169.0
    - 33: 尺寸 86.0 x 68.0 x 46.0
    - 21: 尺寸 203.0 x 258.0 x 21.0
    - 38: 尺寸 382.0 x 278.0 x 189.0
    - 10: 尺寸 69.0 x 168.0 x 194.0
    - 11: 尺寸 92.0 x 90.0 x 82.0
    - 26: 尺寸 162.0 x 148.0 x 85.0
  批次 2: 零件数=3, 占用率=77.47%
    - 48: 尺寸 423.0 x 356.0 x 100.0
    - 35: 尺寸 351.0 x 359.0 x 99.0
    - 4: 尺寸 205.0 x 290.0 x 73.0

打印机 3 (尺寸: 929.0 x 519.0 x 637.0):
--------------------------------------------------------------------------------
  批次 1: 零件数=8, 占用率=53.69%
    - 49: 尺寸 301.0 x 160.0 x 28.0
    - 1: 尺寸 65.0 x 71.0 x 30.0
    - 32: 尺寸 101.0 x 53.0 x 38.0
    - 19: 尺寸 300.0 x 159.0 x 72.0
    - 25: 尺寸 146.0 x 260.0 x 87.0
    - 23: 尺寸 94.0 x 91.0 x 37.0
    - 44: 尺寸 231.0 x 119.0 x 92.0
    - 2: 尺寸 497.0 x 159.0 x 36.0

打印机 4 (尺寸: 1089.0 x 414.0 x 657.0):
--------------------------------------------------------------------------------
  批次 1: 零件数=10, 占用率=48.19%
    - 39: 尺寸 149.0 x 98.0 x 69.0
    - 7: 尺寸 62.0 x 66.0 x 69.0
    - 46: 尺寸 179.0 x 117.0 x 21.0
    - 14: 尺寸 179.0 x 116.0 x 44.0
    - 22: 尺寸 326.0 x 132.0 x 58.0
    - 37: 尺寸 162.0 x 86.0 x 52.0
    - 12: 尺寸 52.0 x 135.0 x 13.0
    - 31: 尺寸 140.0 x 96.0 x 76.0
    - 3: 尺寸 101.0 x 272.0 x 72.0
    - 36: 尺寸 356.0 x 146.0 x 13.0

════════════════════════════════════════════════════════════════
