════════════════════════════════════════════════════════════════
              最优Cmax解的详细调度记录
════════════════════════════════════════════════════════════════

【基本信息】
----------------------------------------------------------------------------------------------------
Cmax (最大完工时间): 44480.09
能耗: 277.91 kWh
装箱质量: 0.4672
批次总数: 3
工件数量: 20
机器数量: 10 (打印机:3, 批处理机:2, 离散机:5)

【染色体编码】
----------------------------------------------------------------------------------------------------
工序序列 (OS): [2, 13, 14, 4, 8, 3, 16, 17, 19, 1, 15, 5, 7, 18, 11, 12, 0, 10, 9, 6, 18, 2, 3, 10, 5, 1, 4, 2, 3, 15, 7, 2, 0, 0, 19, 4, 1, 17, 19, 5, 5, 1, 16, 11, 16, 5, 17, 5, 18, 0, 7, 4, 19, 8, 18, 17, 3, 1, 9, 1, 19, 7, 9, 10, 0, 8, 11, 16, 10, 10, 15, 9, 13, 5, 1, 10, 19, 17, 11, 10, 18, 0, 4, 7, 14, 16, 1, 11, 11, 0, 11, 8, 14, 9, 10, 2, 9, 8, 3, 14, 11, 0, 2, 3, 11, 9, 2, 5, 7, 17, 19, 9, 18, 1, 15, 0, 16, 13, 12, 9, 12, 7, 4, 2]
机器选择 (MS): [1, 3, 3, 3, 3, 2, 2, 1, 2, 3, 1, 2, 1, 1, 2, 3, 3, 2, 2, 1, 1, 1, 2, 1, 1, 1, 2, 3, 2, 2, 2, 3, 1, 1, 1, 1, 1, 3, 1, 2, 1, 1, 2, 2, 1, 2, 1, 1, 1, 1, 1, 1, 3, 3, 2, 1, 1, 2, 2, 1, 2, 3, 2, 1, 1, 1, 1, 1, 1, 1, 1, 1, 2, 1, 1, 1, 2, 1, 1, 2, 1, 2, 1, 1, 1, 1, 1, 1, 3, 1, 1, 1, 1, 1, 3, 3, 1, 1, 1, 1, 1, 1, 3, 2, 3, 2, 1, 3, 1, 2, 1, 1, 1, 1, 1, 2, 1, 1, 1, 2, 2, 2, 1, 1]

【零件加工顺序记录】
----------------------------------------------------------------------------------------------------
工件号      工序号             机器号             开始时间            结束时间            加工时长           
----------------------------------------------------------------------------------------------------

工件 0:
  0        0               打印机3            0.00            10215.51        10215.51       
  0        1               批处理机2           10215.51        11315.51        1100.00        
  0        2               离散机1            11315.51        12430.51        1115.00        
  0        3               离散机1            12430.51        14124.51        1694.00        
  0        4               离散机2            14124.51        15795.51        1671.00        
  0        5               离散机1            15818.51        16990.51        1172.00        
  0        6               离散机1            18045.51        19018.51        973.00         
  0        7               离散机4            19018.51        20479.51        1461.00        
  0        8               离散机4            20479.51        21703.51        1224.00        
  0        9               离散机5            21703.51        23009.51        1306.00        

工件 1:
  1        0               打印机3            0.00            10215.51        10215.51       
  1        1               批处理机2           10215.51        11315.51        1100.00        
  1        2               离散机4            11315.51        12764.51        1449.00        
  1        3               离散机4            12764.51        14053.51        1289.00        
  1        4               离散机3            14053.51        15006.51        953.00         
  1        5               离散机5            15006.51        16019.51        1013.00        
  1        6               离散机2            16019.51        17536.51        1517.00        
  1        7               离散机5            17536.51        18868.51        1332.00        
  1        8               离散机3            18868.51        20614.51        1746.00        
  1        9               离散机1            21624.51        22612.51        988.00         

工件 2:
  2        0               打印机1            0.00            32777.09        32777.09       
  2        1               批处理机2           32777.09        33877.09        1100.00        
  2        2               离散机1            33877.09        35444.09        1567.00        
  2        3               离散机5            35454.09        36939.09        1485.00        
  2        4               离散机2            36939.09        38487.09        1548.00        
  2        5               离散机3            39113.09        40252.09        1139.00        
  2        6               离散机5            40252.09        41407.09        1155.00        
  2        7               离散机3            41594.09        43057.09        1463.00        
  2        8               离散机5            43057.09        44480.09        1423.00        

工件 3:
  3        0               打印机2            0.00            22479.17        22479.17       
  3        1               批处理机2           22479.17        23579.17        1100.00        
  3        2               离散机3            23579.17        24747.17        1168.00        
  3        3               离散机2            24747.17        26350.17        1603.00        
  3        4               离散机5            29177.17        30257.17        1080.00        
  3        5               离散机4            32468.17        33794.17        1326.00        
  3        6               离散机1            37896.09        39487.09        1591.00        

工件 4:
  4        0               打印机3            0.00            10215.51        10215.51       
  4        1               批处理机2           10215.51        11315.51        1100.00        
  4        2               离散机2            11315.51        12460.51        1145.00        
  4        3               离散机1            14124.51        15818.51        1694.00        
  4        4               离散机3            15818.51        16876.51        1058.00        
  4        5               离散机2            17536.51        18695.51        1159.00        
  4        6               离散机5            20065.51        21139.51        1074.00        

工件 5:
  5        0               打印机2            0.00            22479.17        22479.17       
  5        1               批处理机2           22479.17        23579.17        1100.00        
  5        2               离散机5            23579.17        25053.17        1474.00        
  5        3               离散机4            25053.17        26067.17        1014.00        
  5        4               离散机4            26067.17        27318.17        1251.00        
  5        5               离散机4            27318.17        28473.17        1155.00        
  5        6               离散机4            28473.17        30015.17        1542.00        
  5        7               离散机3            30015.17        31221.17        1206.00        
  5        8               离散机1            40542.09        41524.09        982.00         

工件 6:
  6        0               打印机1            0.00            32777.09        32777.09       
  6        1               批处理机2           32777.09        33877.09        1100.00        

工件 7:
  7        0               打印机1            0.00            32777.09        32777.09       
  7        1               批处理机2           32777.09        33877.09        1100.00        
  7        2               离散机4            33877.09        35196.09        1319.00        
  7        3               离散机3            35196.09        36342.09        1146.00        
  7        4               离散机3            36342.09        37536.09        1194.00        
  7        5               离散机3            37536.09        39113.09        1577.00        
  7        6               离散机4            39398.09        41065.09        1667.00        
  7        7               离散机5            41407.09        42712.09        1305.00        

工件 8:
  8        0               打印机3            0.00            10215.51        10215.51       
  8        1               批处理机2           10215.51        11315.51        1100.00        
  8        2               离散机4            14053.51        15740.51        1687.00        
  8        3               离散机1            16990.51        18045.51        1055.00        
  8        4               离散机5            18868.51        20065.51        1197.00        
  8        5               离散机1            20084.51        21624.51        1540.00        

工件 9:
  9        0               打印机2            0.00            22479.17        22479.17       
  9        1               批处理机2           22479.17        23579.17        1100.00        
  9        2               离散机1            26473.17        27742.17        1269.00        
  9        3               离散机3            27742.17        28697.17        955.00         
  9        4               离散机4            30015.17        31031.17        1016.00        
  9        5               离散机4            31031.17        32468.17        1437.00        
  9        6               离散机2            32468.17        33493.17        1025.00        
  9        7               离散机3            40252.09        41594.09        1342.00        
  9        8               离散机2            42078.09        43412.09        1334.00        
  9        9               离散机1            43412.09        44318.09        906.00         

工件 10:
  10       0               打印机2            0.00            22479.17        22479.17       
  10       1               批处理机2           22479.17        23579.17        1100.00        
  10       2               离散机4            23579.17        24623.17        1044.00        
  10       3               离散机3            24747.17        25887.17        1140.00        
  10       4               离散机3            25887.17        27267.17        1380.00        
  10       5               离散机2            28390.17        29748.17        1358.00        
  10       6               离散机1            29748.17        31172.17        1424.00        
  10       7               离散机1            36848.09        37896.09        1048.00        
  10       8               离散机5            38540.09        39720.09        1180.00        

工件 11:
  11       0               打印机2            0.00            22479.17        22479.17       
  11       1               批处理机2           22479.17        23579.17        1100.00        
  11       2               离散机1            24730.17        26473.17        1743.00        
  11       3               离散机1            27742.17        28949.17        1207.00        
  11       4               离散机2            29748.17        31067.17        1319.00        
  11       5               离散机5            31733.17        32849.17        1116.00        
  11       6               离散机1            32950.17        33869.17        919.00         
  11       7               离散机3            33869.17        34847.17        978.00         
  11       8               离散机2            35343.09        36391.09        1048.00        
  11       9               离散机4            37889.09        39398.09        1509.00        

工件 12:
  12       0               打印机3            0.00            10215.51        10215.51       
  12       1               批处理机2           10215.51        11315.51        1100.00        
  12       2               离散机2            18695.51        20390.51        1695.00        
  12       3               离散机4            21703.51        23016.51        1313.00        

工件 13:
  13       0               打印机3            0.00            10215.51        10215.51       
  13       1               批处理机2           10215.51        11315.51        1100.00        
  13       2               离散机5            11315.51        12781.51        1466.00        
  13       3               离散机5            12781.51        14441.51        1660.00        

工件 14:
  14       0               打印机3            0.00            10215.51        10215.51       
  14       1               批处理机2           10215.51        11315.51        1100.00        
  14       2               离散机1            19018.51        20084.51        1066.00        
  14       3               离散机3            20614.51        21982.51        1368.00        
  14       4               离散机3            21982.51        23196.51        1214.00        

工件 15:
  15       0               打印机1            0.00            32777.09        32777.09       
  15       1               批处理机2           32777.09        33877.09        1100.00        
  15       2               离散机1            35444.09        36848.09        1404.00        
  15       3               离散机2            39528.09        40758.09        1230.00        
  15       4               离散机4            42655.09        43986.09        1331.00        

工件 16:
  16       0               打印机2            0.00            22479.17        22479.17       
  16       1               批处理机2           22479.17        23579.17        1100.00        
  16       2               离散机5            26074.17        27518.17        1444.00        
  16       3               离散机5            27518.17        29177.17        1659.00        
  16       4               离散机5            30257.17        31733.17        1476.00        
  16       5               离散机3            31733.17        32743.17        1010.00        
  16       6               离散机5            32849.17        33822.17        973.00         

工件 17:
  17       0               打印机1            0.00            32777.09        32777.09       
  17       1               批处理机2           32777.09        33877.09        1100.00        
  17       2               离散机2            33877.09        35343.09        1466.00        
  17       3               离散机4            35343.09        36507.09        1164.00        
  17       4               离散机5            36939.09        38540.09        1601.00        
  17       5               离散机2            40758.09        42078.09        1320.00        
  17       6               离散机3            43057.09        44312.09        1255.00        

工件 18:
  18       0               打印机1            0.00            32777.09        32777.09       
  18       1               批处理机2           32777.09        33877.09        1100.00        
  18       2               离散机5            33877.09        35454.09        1577.00        
  18       3               离散机4            36507.09        37889.09        1382.00        
  18       4               离散机2            38487.09        39528.09        1041.00        
  18       5               离散机1            39528.09        40542.09        1014.00        
  18       6               离散机4            41065.09        42655.09        1590.00        

工件 19:
  19       0               打印机2            0.00            22479.17        22479.17       
  19       1               批处理机2           22479.17        23579.17        1100.00        
  19       2               离散机1            23579.17        24730.17        1151.00        
  19       3               离散机5            25053.17        26074.17        1021.00        
  19       4               离散机2            26350.17        27308.17        958.00         
  19       5               离散机2            27308.17        28390.17        1082.00        
  19       6               离散机1            31172.17        32950.17        1778.00        
  19       7               离散机1            41524.09        42967.09        1443.00        

【机器加工顺序记录】
----------------------------------------------------------------------------------------------------

打印机1:
工件号      工序号             开始时间            结束时间            加工时长           
--------------------------------------------------------------------------------
  2        0               0.00            32777.09        32777.09       
  6        0               0.00            32777.09        32777.09       
  7        0               0.00            32777.09        32777.09       
  15       0               0.00            32777.09        32777.09       
  17       0               0.00            32777.09        32777.09       
  18       0               0.00            32777.09        32777.09       

  机器利用率: 442.14% (忙碌时间: 196662.52 / 总时间: 44480.09)

打印机2:
工件号      工序号             开始时间            结束时间            加工时长           
--------------------------------------------------------------------------------
  3        0               0.00            22479.17        22479.17       
  5        0               0.00            22479.17        22479.17       
  9        0               0.00            22479.17        22479.17       
  10       0               0.00            22479.17        22479.17       
  11       0               0.00            22479.17        22479.17       
  16       0               0.00            22479.17        22479.17       
  19       0               0.00            22479.17        22479.17       

  机器利用率: 353.76% (忙碌时间: 157354.18 / 总时间: 44480.09)

打印机3:
工件号      工序号             开始时间            结束时间            加工时长           
--------------------------------------------------------------------------------
  0        0               0.00            10215.51        10215.51       
  1        0               0.00            10215.51        10215.51       
  4        0               0.00            10215.51        10215.51       
  8        0               0.00            10215.51        10215.51       
  12       0               0.00            10215.51        10215.51       
  13       0               0.00            10215.51        10215.51       
  14       0               0.00            10215.51        10215.51       

  机器利用率: 160.77% (忙碌时间: 71508.56 / 总时间: 44480.09)

批处理机1:
工件号      工序号             开始时间            结束时间            加工时长           
--------------------------------------------------------------------------------

  机器利用率: 0.00% (忙碌时间: 0.00 / 总时间: 44480.09)

批处理机2:
工件号      工序号             开始时间            结束时间            加工时长           
--------------------------------------------------------------------------------
  0        1               10215.51        11315.51        1100.00        
  1        1               10215.51        11315.51        1100.00        
  4        1               10215.51        11315.51        1100.00        
  8        1               10215.51        11315.51        1100.00        
  12       1               10215.51        11315.51        1100.00        
  13       1               10215.51        11315.51        1100.00        
  14       1               10215.51        11315.51        1100.00        
  3        1               22479.17        23579.17        1100.00        
  5        1               22479.17        23579.17        1100.00        
  9        1               22479.17        23579.17        1100.00        
  10       1               22479.17        23579.17        1100.00        
  11       1               22479.17        23579.17        1100.00        
  16       1               22479.17        23579.17        1100.00        
  19       1               22479.17        23579.17        1100.00        
  2        1               32777.09        33877.09        1100.00        
  6        1               32777.09        33877.09        1100.00        
  7        1               32777.09        33877.09        1100.00        
  15       1               32777.09        33877.09        1100.00        
  17       1               32777.09        33877.09        1100.00        
  18       1               32777.09        33877.09        1100.00        

  机器利用率: 49.46% (忙碌时间: 22000.00 / 总时间: 44480.09)

离散机1:
工件号      工序号             开始时间            结束时间            加工时长           
--------------------------------------------------------------------------------
  0        2               11315.51        12430.51        1115.00        
  0        3               12430.51        14124.51        1694.00        
  4        3               14124.51        15818.51        1694.00        
  0        5               15818.51        16990.51        1172.00        
  8        3               16990.51        18045.51        1055.00        
  0        6               18045.51        19018.51        973.00         
  14       2               19018.51        20084.51        1066.00        
  8        5               20084.51        21624.51        1540.00        
  1        9               21624.51        22612.51        988.00         
  19       2               23579.17        24730.17        1151.00        
  11       2               24730.17        26473.17        1743.00        
  9        2               26473.17        27742.17        1269.00        
  11       3               27742.17        28949.17        1207.00        
  10       6               29748.17        31172.17        1424.00        
  19       6               31172.17        32950.17        1778.00        
  11       6               32950.17        33869.17        919.00         
  2        2               33877.09        35444.09        1567.00        
  15       2               35444.09        36848.09        1404.00        
  10       7               36848.09        37896.09        1048.00        
  3        6               37896.09        39487.09        1591.00        
  18       5               39528.09        40542.09        1014.00        
  5        8               40542.09        41524.09        982.00         
  19       7               41524.09        42967.09        1443.00        
  9        9               43412.09        44318.09        906.00         

  机器利用率: 69.12% (忙碌时间: 30743.00 / 总时间: 44480.09)

离散机2:
工件号      工序号             开始时间            结束时间            加工时长           
--------------------------------------------------------------------------------
  4        2               11315.51        12460.51        1145.00        
  0        4               14124.51        15795.51        1671.00        
  1        6               16019.51        17536.51        1517.00        
  4        5               17536.51        18695.51        1159.00        
  12       2               18695.51        20390.51        1695.00        
  3        3               24747.17        26350.17        1603.00        
  19       4               26350.17        27308.17        958.00         
  19       5               27308.17        28390.17        1082.00        
  10       5               28390.17        29748.17        1358.00        
  11       4               29748.17        31067.17        1319.00        
  9        6               32468.17        33493.17        1025.00        
  17       2               33877.09        35343.09        1466.00        
  11       8               35343.09        36391.09        1048.00        
  2        4               36939.09        38487.09        1548.00        
  18       4               38487.09        39528.09        1041.00        
  15       3               39528.09        40758.09        1230.00        
  17       5               40758.09        42078.09        1320.00        
  9        8               42078.09        43412.09        1334.00        

  机器利用率: 52.88% (忙碌时间: 23519.00 / 总时间: 44480.09)

离散机3:
工件号      工序号             开始时间            结束时间            加工时长           
--------------------------------------------------------------------------------
  1        4               14053.51        15006.51        953.00         
  4        4               15818.51        16876.51        1058.00        
  1        8               18868.51        20614.51        1746.00        
  14       3               20614.51        21982.51        1368.00        
  14       4               21982.51        23196.51        1214.00        
  3        2               23579.17        24747.17        1168.00        
  10       3               24747.17        25887.17        1140.00        
  10       4               25887.17        27267.17        1380.00        
  9        3               27742.17        28697.17        955.00         
  5        7               30015.17        31221.17        1206.00        
  16       5               31733.17        32743.17        1010.00        
  11       7               33869.17        34847.17        978.00         
  7        3               35196.09        36342.09        1146.00        
  7        4               36342.09        37536.09        1194.00        
  7        5               37536.09        39113.09        1577.00        
  2        5               39113.09        40252.09        1139.00        
  9        7               40252.09        41594.09        1342.00        
  2        7               41594.09        43057.09        1463.00        
  17       6               43057.09        44312.09        1255.00        

  机器利用率: 52.37% (忙碌时间: 23292.00 / 总时间: 44480.09)

离散机4:
工件号      工序号             开始时间            结束时间            加工时长           
--------------------------------------------------------------------------------
  1        2               11315.51        12764.51        1449.00        
  1        3               12764.51        14053.51        1289.00        
  8        2               14053.51        15740.51        1687.00        
  0        7               19018.51        20479.51        1461.00        
  0        8               20479.51        21703.51        1224.00        
  12       3               21703.51        23016.51        1313.00        
  10       2               23579.17        24623.17        1044.00        
  5        3               25053.17        26067.17        1014.00        
  5        4               26067.17        27318.17        1251.00        
  5        5               27318.17        28473.17        1155.00        
  5        6               28473.17        30015.17        1542.00        
  9        4               30015.17        31031.17        1016.00        
  9        5               31031.17        32468.17        1437.00        
  3        5               32468.17        33794.17        1326.00        
  7        2               33877.09        35196.09        1319.00        
  17       3               35343.09        36507.09        1164.00        
  18       3               36507.09        37889.09        1382.00        
  11       9               37889.09        39398.09        1509.00        
  7        6               39398.09        41065.09        1667.00        
  18       6               41065.09        42655.09        1590.00        
  15       4               42655.09        43986.09        1331.00        

  机器利用率: 63.33% (忙碌时间: 28170.00 / 总时间: 44480.09)

离散机5:
工件号      工序号             开始时间            结束时间            加工时长           
--------------------------------------------------------------------------------
  13       2               11315.51        12781.51        1466.00        
  13       3               12781.51        14441.51        1660.00        
  1        5               15006.51        16019.51        1013.00        
  1        7               17536.51        18868.51        1332.00        
  8        4               18868.51        20065.51        1197.00        
  4        6               20065.51        21139.51        1074.00        
  0        9               21703.51        23009.51        1306.00        
  5        2               23579.17        25053.17        1474.00        
  19       3               25053.17        26074.17        1021.00        
  16       2               26074.17        27518.17        1444.00        
  16       3               27518.17        29177.17        1659.00        
  3        4               29177.17        30257.17        1080.00        
  16       4               30257.17        31733.17        1476.00        
  11       5               31733.17        32849.17        1116.00        
  16       6               32849.17        33822.17        973.00         
  18       2               33877.09        35454.09        1577.00        
  2        3               35454.09        36939.09        1485.00        
  17       4               36939.09        38540.09        1601.00        
  10       8               38540.09        39720.09        1180.00        
  2        6               40252.09        41407.09        1155.00        
  7        7               41407.09        42712.09        1305.00        
  2        8               43057.09        44480.09        1423.00        

  机器利用率: 65.24% (忙碌时间: 29017.00 / 总时间: 44480.09)

【打印批次详细信息】
----------------------------------------------------------------------------------------------------

打印机 1 (尺寸: 845.0 x 507.0 x 542.0):
--------------------------------------------------------------------------------
  批次 1: 零件数=6, 占用率=46.72%
    - 2: 尺寸 347.0 x 98.0 x 140.0
    - 17: 尺寸 184.0 x 118.0 x 187.0
    - 7: 尺寸 56.0 x 109.0 x 47.0
    - 18: 尺寸 197.0 x 134.0 x 133.0
    - 6: 尺寸 57.0 x 141.0 x 46.0
    - 15: 尺寸 742.0 x 140.0 x 188.0

打印机 2 (尺寸: 833.0 x 577.0 x 594.0):
--------------------------------------------------------------------------------
  批次 1: 零件数=7, 占用率=54.54%
    - 3: 尺寸 547.0 x 155.0 x 80.0
    - 16: 尺寸 183.0 x 317.0 x 84.0
    - 5: 尺寸 100.0 x 89.0 x 64.0
    - 10: 尺寸 71.0 x 107.0 x 13.0
    - 19: 尺寸 212.0 x 119.0 x 92.0
    - 11: 尺寸 322.0 x 179.0 x 91.0
    - 9: 尺寸 111.0 x 180.0 x 90.0

打印机 3 (尺寸: 926.0 x 501.0 x 541.0):
--------------------------------------------------------------------------------
  批次 1: 零件数=7, 占用率=62.62%
    - 13: 尺寸 73.0 x 78.0 x 24.0
    - 14: 尺寸 159.0 x 81.0 x 15.0
    - 0: 尺寸 676.0 x 234.0 x 22.0
    - 4: 尺寸 170.0 x 137.0 x 29.0
    - 8: 尺寸 85.0 x 119.0 x 26.0
    - 1: 尺寸 268.0 x 244.0 x 21.0
    - 12: 尺寸 110.0 x 136.0 x 21.0

════════════════════════════════════════════════════════════════
