================================================================================
                          实验结果报告
================================================================================
实验配置: GA-TS - 外层GA+内层禁忌搜索
算例名称: 2M20J-03
实验次数: 第 4 次
实验时间: 2026-02-06 12:11:59

【算法参数】
  最大迭代次数: 10000
  种群规模: 100
  变异率: 0.2
  交叉率: 0.8


================================================================================
                          最终实验结果
================================================================================
最优Cmax: 141985.50
运行时间: 300009 ms (300.01 秒)
终止代数: 44289

【收敛曲线数据】
代数	Cmax
1	165640.50
51	148521.75
101	148521.75
151	148521.75
201	148521.75
251	148521.75
301	148521.75
351	148521.75
401	148521.75
451	148521.75
501	148521.75
551	148521.75
601	148521.75
651	148521.75
701	148521.75
751	148521.75
801	148521.75
851	148521.75
901	148521.75
951	148521.75
1001	148521.75
1051	148521.75
1101	148521.75
1151	148521.75
1201	148521.75
1251	148521.75
1301	148521.75
1351	148521.75
1401	148521.75
1451	148521.75
1501	148521.75
1551	148521.75
1601	148521.75
1651	148521.75
1701	148521.75
1751	148521.75
1801	148521.75
1851	148521.75
1901	148521.75
1951	148521.75
2001	148521.75
2051	148521.75
2101	148521.75
2151	148521.75
2201	148521.75
2251	148521.75
2301	148521.75
2351	148521.75
2401	148521.75
2451	148521.75
2501	148521.75
2551	148521.75
2601	148521.75
2651	148521.75
2701	148521.75
2751	148521.75
2801	148521.75
2851	148521.75
2901	148521.75
2951	148521.75
3001	148521.75
3051	148521.75
3101	148521.75
3151	148521.75
3201	148521.75
3251	148521.75
3301	148521.75
3351	148521.75
3401	148521.75
3451	148521.75
3501	148521.75
3551	148521.75
3601	148521.75
3651	148521.75
3701	148521.75
3751	148521.75
3801	148521.75
3851	148521.75
3901	148521.75
3951	148521.75
4001	148521.75
4051	148521.75
4101	148521.75
4151	148521.75
4201	148521.75
4251	148521.75
4301	148521.75
4351	148521.75
4401	148521.75
4451	148521.75
4501	148521.75
4551	148521.75
4601	148521.75
4651	148521.75
4701	148521.75
4751	148521.75
4801	148521.75
4851	148521.75
4901	148521.75
4951	148521.75
5001	148521.75
5051	148521.75
5101	148521.75
5151	148521.75
5201	148521.75
5251	148521.75
5301	148521.75
5351	148521.75
5401	148521.75
5451	148521.75
5501	148521.75
5551	148521.75
5601	148521.75
5651	148521.75
5701	148521.75
5751	148521.75
5801	148521.75
5851	148521.75
5901	148521.75
5951	148521.75
6001	148521.75
6051	148521.75
6101	148521.75
6151	148521.75
6201	148521.75
6251	148521.75
6301	148521.75
6351	148521.75
6401	148521.75
6451	148521.75
6501	148521.75
6551	148521.75
6601	148521.75
6651	148521.75
6701	148521.75
6751	148521.75
6801	148521.75
6851	148521.75
6901	148521.75
6951	148521.75
7001	148521.75
7051	148521.75
7101	148521.75
7151	148521.75
7201	148521.75
7251	148521.75
7301	148521.75
7351	148521.75
7401	148521.75
7451	148521.75
7501	148521.75
7551	148521.75
7601	148521.75
7651	148521.75
7701	148521.75
7751	148521.75
7801	148521.75
7851	148521.75
7901	148521.75
7951	148521.75
8001	148521.75
8051	148521.75
8101	148521.75
8151	148521.75
8201	148521.75
8251	148521.75
8301	148521.75
8351	148521.75
8401	148521.75
8451	148521.75
8501	148521.75
8551	148521.75
8601	148521.75
8651	148521.75
8701	148521.75
8751	148521.75
8801	148521.75
8851	148521.75
8901	148521.75
8951	148521.75
9001	148521.75
9051	148521.75
9101	148521.75
9151	148521.75
9201	148521.75
9251	148521.75
9301	148521.75
9351	148521.75
9401	148521.75
9451	148521.75
9501	148521.75
9551	148521.75
9601	148521.75
9651	148521.75
9701	148521.75
9751	148521.75
9801	148521.75
9851	148521.75
9901	148521.75
9951	148521.75
10001	148521.75
10051	148521.75
10101	148521.75
10151	148521.75
10201	148521.75
10251	148521.75
10301	148521.75
10351	148521.75
10401	148521.75
10451	148521.75
10501	148521.75
10551	148521.75
10601	148521.75
10651	148521.75
10701	148521.75
10751	148521.75
10801	148521.75
10851	148521.75
10901	148521.75
10951	148521.75
11001	148521.75
11051	148521.75
11101	148521.75
11151	148521.75
11201	148521.75
11251	148521.75
11301	148521.75
11351	148521.75
11401	148521.75
11451	148521.75
11501	148521.75
11551	148521.75
11601	148521.75
11651	148521.75
11701	148521.75
11751	148521.75
11801	148521.75
11851	148521.75
11901	148521.75
11951	148521.75
12001	148521.75
12051	148521.75
12101	148521.75
12151	148521.75
12201	148521.75
12251	148521.75
12301	148521.75
12351	148521.75
12401	148521.75
12451	148521.75
12501	148521.75
12551	148521.75
12601	148521.75
12651	148521.75
12701	148521.75
12751	148521.75
12801	148521.75
12851	148521.75
12901	148521.75
12951	148521.75
13001	148521.75
13051	148521.75
13101	148521.75
13151	148521.75
13201	148521.75
13251	148521.75
13301	148521.75
13351	148521.75
13401	148521.75
13451	148521.75
13501	148521.75
13551	148521.75
13601	148521.75
13651	148521.75
13701	148521.75
13751	148521.75
13801	148521.75
13851	148521.75
13901	148521.75
13951	148521.75
14001	148521.75
14051	148521.75
14101	148521.75
14151	148521.75
14201	148521.75
14251	148521.75
14301	148521.75
14351	148521.75
14401	148521.75
14451	148521.75
14501	148521.75
14551	148521.75
14601	148521.75
14651	148521.75
14701	148521.75
14751	148521.75
14801	148521.75
14851	148521.75
14901	148521.75
14951	148521.75
15001	148521.75
15051	148521.75
15101	148521.75
15151	148521.75
15201	148521.75
15251	148521.75
15301	148521.75
15351	148521.75
15401	148521.75
15451	148521.75
15501	148521.75
15551	148521.75
15601	148521.75
15651	148521.75
15701	148521.75
15751	148521.75
15801	148521.75
15851	148521.75
15901	148521.75
15951	148521.75
16001	148521.75
16051	148521.75
16101	148521.75
16151	148521.75
16201	148521.75
16251	148521.75
16301	148521.75
16351	148521.75
16401	148521.75
16451	148521.75
16501	148521.75
16551	148521.75
16601	148521.75
16651	148521.75
16701	148521.75
16751	148521.75
16801	148521.75
16851	148521.75
16901	148521.75
16951	148521.75
17001	148521.75
17051	148521.75
17101	148521.75
17151	148521.75
17201	148521.75
17251	148521.75
17301	148521.75
17351	148521.75
17401	148521.75
17451	148521.75
17501	148521.75
17551	148521.75
17601	148521.75
17651	148521.75
17701	148521.75
17751	148521.75
17801	148521.75
17851	148521.75
17901	148521.75
17951	148521.75
18001	148521.75
18051	148521.75
18101	148521.75
18151	148521.75
18201	148521.75
18251	148521.75
18301	148521.75
18351	148521.75
18401	148521.75
18451	148521.75
18501	148521.75
18551	148521.75
18601	148521.75
18651	148521.75
18701	148521.75
18751	148521.75
18801	148521.75
18851	148521.75
18901	148521.75
18951	148521.75
19001	148521.75
19051	148521.75
19101	148521.75
19151	148521.75
19201	148521.75
19251	148521.75
19301	148521.75
19351	148521.75
19401	148521.75
19451	148521.75
19501	148521.75
19551	148521.75
19601	148521.75
19651	148521.75
19701	148521.75
19751	148521.75
19801	148521.75
19851	148521.75
19901	148521.75
19951	148521.75
20001	148521.75
20051	148521.75
20101	148521.75
20151	148521.75
20201	148521.75
20251	148521.75
20301	148521.75
20351	148521.75
20401	148521.75
20451	148521.75
20501	148521.75
20551	148521.75
20601	148521.75
20651	148521.75
20701	148521.75
20751	148521.75
20801	148521.75
20851	148521.75
20901	148521.75
20951	148521.75
21001	148521.75
21051	148521.75
21101	148521.75
21151	148521.75
21201	148521.75
21251	148521.75
21301	148521.75
21351	148521.75
21401	148521.75
21451	148521.75
21501	148521.75
21551	148521.75
21601	148521.75
21651	148521.75
21701	148521.75
21751	148521.75
21801	148521.75
21851	148521.75
21901	148521.75
21951	148521.75
22001	148521.75
22051	148521.75
22101	148521.75
22151	148521.75
22201	148521.75
22251	148521.75
22301	148521.75
22351	148521.75
22401	148521.75
22451	148521.75
22501	148521.75
22551	148521.75
22601	148521.75
22651	148521.75
22701	148521.75
22751	148521.75
22801	148521.75
22851	148521.75
22901	148521.75
22951	148521.75
23001	148521.75
23051	148521.75
23101	148521.75
23151	148521.75
23201	148521.75
23251	148521.75
23301	148521.75
23351	148521.75
23401	148521.75
23451	148521.75
23501	148521.75
23551	148521.75
23601	148521.75
23651	148521.75
23701	148521.75
23751	148521.75
23801	148521.75
23851	148521.75
23901	148521.75
23951	148521.75
24001	148521.75
24051	148521.75
24101	148521.75
24151	148521.75
24201	148521.75
24251	148521.75
24301	148521.75
24351	148521.75
24401	148521.75
24451	148521.75
24501	148521.75
24551	148521.75
24601	148521.75
24651	141985.50
24701	141985.50
24751	141985.50
24801	141985.50
24851	141985.50
24901	141985.50
24951	141985.50
25001	141985.50
25051	141985.50
25101	141985.50
25151	141985.50
25201	141985.50
25251	141985.50
25301	141985.50
25351	141985.50
25401	141985.50
25451	141985.50
25501	141985.50
25551	141985.50
25601	141985.50
25651	141985.50
25701	141985.50
25751	141985.50
25801	141985.50
25851	141985.50
25901	141985.50
25951	141985.50
26001	141985.50
26051	141985.50
26101	141985.50
26151	141985.50
26201	141985.50
26251	141985.50
26301	141985.50
26351	141985.50
26401	141985.50
26451	141985.50
26501	141985.50
26551	141985.50
26601	141985.50
26651	141985.50
26701	141985.50
26751	141985.50
26801	141985.50
26851	141985.50
26901	141985.50
26951	141985.50
27001	141985.50
27051	141985.50
27101	141985.50
27151	141985.50
27201	141985.50
27251	141985.50
27301	141985.50
27351	141985.50
27401	141985.50
27451	141985.50
27501	141985.50
27551	141985.50
27601	141985.50
27651	141985.50
27701	141985.50
27751	141985.50
27801	141985.50
27851	141985.50
27901	141985.50
27951	141985.50
28001	141985.50
28051	141985.50
28101	141985.50
28151	141985.50
28201	141985.50
28251	141985.50
28301	141985.50
28351	141985.50
28401	141985.50
28451	141985.50
28501	141985.50
28551	141985.50
28601	141985.50
28651	141985.50
28701	141985.50
28751	141985.50
28801	141985.50
28851	141985.50
28901	141985.50
28951	141985.50
29001	141985.50
29051	141985.50
29101	141985.50
29151	141985.50
29201	141985.50
29251	141985.50
29301	141985.50
29351	141985.50
29401	141985.50
29451	141985.50
29501	141985.50
29551	141985.50
29601	141985.50
29651	141985.50
29701	141985.50
29751	141985.50
29801	141985.50
29851	141985.50
29901	141985.50
29951	141985.50
30001	141985.50
30051	141985.50
30101	141985.50
30151	141985.50
30201	141985.50
30251	141985.50
30301	141985.50
30351	141985.50
30401	141985.50
30451	141985.50
30501	141985.50
30551	141985.50
30601	141985.50
30651	141985.50
30701	141985.50
30751	141985.50
30801	141985.50
30851	141985.50
30901	141985.50
30951	141985.50
31001	141985.50
31051	141985.50
31101	141985.50
31151	141985.50
31201	141985.50
31251	141985.50
31301	141985.50
31351	141985.50
31401	141985.50
31451	141985.50
31501	141985.50
31551	141985.50
31601	141985.50
31651	141985.50
31701	141985.50
31751	141985.50
31801	141985.50
31851	141985.50
31901	141985.50
31951	141985.50
32001	141985.50
32051	141985.50
32101	141985.50
32151	141985.50
32201	141985.50
32251	141985.50
32301	141985.50
32351	141985.50
32401	141985.50
32451	141985.50
32501	141985.50
32551	141985.50
32601	141985.50
32651	141985.50
32701	141985.50
32751	141985.50
32801	141985.50
32851	141985.50
32901	141985.50
32951	141985.50
33001	141985.50
33051	141985.50
33101	141985.50
33151	141985.50
33201	141985.50
33251	141985.50
33301	141985.50
33351	141985.50
33401	141985.50
33451	141985.50
33501	141985.50
33551	141985.50
33601	141985.50
33651	141985.50
33701	141985.50
33751	141985.50
33801	141985.50
33851	141985.50
33901	141985.50
33951	141985.50
34001	141985.50
34051	141985.50
34101	141985.50
34151	141985.50
34201	141985.50
34251	141985.50
34301	141985.50
34351	141985.50
34401	141985.50
34451	141985.50
34501	141985.50
34551	141985.50
34601	141985.50
34651	141985.50
34701	141985.50
34751	141985.50
34801	141985.50
34851	141985.50
34901	141985.50
34951	141985.50
35001	141985.50
35051	141985.50
35101	141985.50
35151	141985.50
35201	141985.50
35251	141985.50
35301	141985.50
35351	141985.50
35401	141985.50
35451	141985.50
35501	141985.50
35551	141985.50
35601	141985.50
35651	141985.50
35701	141985.50
35751	141985.50
35801	141985.50
35851	141985.50
35901	141985.50
35951	141985.50
36001	141985.50
36051	141985.50
36101	141985.50
36151	141985.50
36201	141985.50
36251	141985.50
36301	141985.50
36351	141985.50
36401	141985.50
36451	141985.50
36501	141985.50
36551	141985.50
36601	141985.50
36651	141985.50
36701	141985.50
36751	141985.50
36801	141985.50
36851	141985.50
36901	141985.50
36951	141985.50
37001	141985.50
37051	141985.50
37101	141985.50
37151	141985.50
37201	141985.50
37251	141985.50
37301	141985.50
37351	141985.50
37401	141985.50
37451	141985.50
37501	141985.50
37551	141985.50
37601	141985.50
37651	141985.50
37701	141985.50
37751	141985.50
37801	141985.50
37851	141985.50
37901	141985.50
37951	141985.50
38001	141985.50
38051	141985.50
38101	141985.50
38151	141985.50
38201	141985.50
38251	141985.50
38301	141985.50
38351	141985.50
38401	141985.50
38451	141985.50
38501	141985.50
38551	141985.50
38601	141985.50
38651	141985.50
38701	141985.50
38751	141985.50
38801	141985.50
38851	141985.50
38901	141985.50
38951	141985.50
39001	141985.50
39051	141985.50
39101	141985.50
39151	141985.50
39201	141985.50
39251	141985.50
39301	141985.50
39351	141985.50
39401	141985.50
39451	141985.50
39501	141985.50
39551	141985.50
39601	141985.50
39651	141985.50
39701	141985.50
39751	141985.50
39801	141985.50
39851	141985.50
39901	141985.50
39951	141985.50
40001	141985.50
40051	141985.50
40101	141985.50
40151	141985.50
40201	141985.50
40251	141985.50
40301	141985.50
40351	141985.50
40401	141985.50
40451	141985.50
40501	141985.50
40551	141985.50
40601	141985.50
40651	141985.50
40701	141985.50
40751	141985.50
40801	141985.50
40851	141985.50
40901	141985.50
40951	141985.50
41001	141985.50
41051	141985.50
41101	141985.50
41151	141985.50
41201	141985.50
41251	141985.50
41301	141985.50
41351	141985.50
41401	141985.50
41451	141985.50
41501	141985.50
41551	141985.50
41601	141985.50
41651	141985.50
41701	141985.50
41751	141985.50
41801	141985.50
41851	141985.50
41901	141985.50
41951	141985.50
42001	141985.50
42051	141985.50
42101	141985.50
42151	141985.50
42201	141985.50
42251	141985.50
42301	141985.50
42351	141985.50
42401	141985.50
42451	141985.50
42501	141985.50
42551	141985.50
42601	141985.50
42651	141985.50
42701	141985.50
42751	141985.50
42801	141985.50
42851	141985.50
42901	141985.50
42951	141985.50
43001	141985.50
43051	141985.50
43101	141985.50
43151	141985.50
43201	141985.50
43251	141985.50
43301	141985.50
43351	141985.50
43401	141985.50
43451	141985.50
43501	141985.50
43551	141985.50
43601	141985.50
43651	141985.50
43701	141985.50
43751	141985.50
43801	141985.50
43851	141985.50
43901	141985.50
43951	141985.50
44001	141985.50
44051	141985.50
44101	141985.50
44151	141985.50
44201	141985.50
44251	141985.50
44289	141985.50

✓ 收敛曲线图已生成: 收敛曲线图.png
✓ 甘特图已生成: 甘特图.png
✓ 批次布局图已生成: 批次布局图_machine*_batch*.png (共4个批次)
【批次分配详情】

机器 0:
  批次 1:
    开始时间: 361.00
    结束时间: 70689.00
    加工时间: 70328.00
    零件数量: 5
    利用率: 95.87%
    最大高度: 298.00
    零件: 10, 8, 3, 7, 6

  批次 2:
    开始时间: 71050.00
    结束时间: 139254.00
    加工时间: 68204.00
    零件数量: 5
    利用率: 88.34%
    最大高度: 289.00
    零件: 15, 5, 12, 1, 13

  机器完工时间: 139254.00

机器 1:
  批次 1:
    开始时间: 339.00
    结束时间: 86555.25
    加工时间: 86216.25
    零件数量: 6
    利用率: 85.30%
    最大高度: 277.00
    零件: 16, 19, 4, 20, 18, 9

  批次 2:
    开始时间: 86894.25
    结束时间: 141985.50
    加工时间: 55091.25
    零件数量: 4
    利用率: 59.21%
    最大高度: 177.00
    零件: 11, 2, 17, 14

  机器完工时间: 141985.50


【机器负载统计】
  机器 0: 总加工时间=139254.00, 批次数=2, 零件数=10, 平均利用率=92.11%
  机器 1: 总加工时间=141985.50, 批次数=2, 零件数=10, 平均利用率=72.25%


================================================================================
                         实验结果输出完成
================================================================================

实验文件夹: chapter-1/src/main/output/comparison/2M20J-03/GA-TS_run4_20260206_121159/
包含文件:
  - 实验报告.txt (本文件)
  - 收敛曲线图.png
  - 甘特图.png
  - 批次布局图_machine*_batch*.png (每个批次独立PNG文件)
