════════════════════════════════════════════════════════════════
              最优Cmax解的详细调度记录
════════════════════════════════════════════════════════════════

【基本信息】
----------------------------------------------------------------------------------------------------
Cmax (最大完工时间): 50930.00
能耗: 291.91 kWh
装箱质量: 0.2239
批次总数: 3
工件数量: 20
机器数量: 10 (打印机:3, 批处理机:2, 离散机:5)

【染色体编码】
----------------------------------------------------------------------------------------------------
工序序列 (OS): [9, 13, 7, 10, 14, 2, 0, 5, 3, 15, 1, 4, 18, 12, 19, 8, 11, 17, 6, 16, 1, 13, 11, 1, 2, 10, 19, 0, 7, 17, 2, 19, 11, 0, 12, 17, 17, 10, 18, 9, 12, 8, 6, 3, 6, 10, 18, 9, 17, 6, 10, 11, 13, 2, 8, 7, 17, 2, 10, 19, 13, 5, 19, 12, 1, 5, 6, 9, 19, 9, 11, 6, 18, 11, 2, 4, 13, 4, 6, 17, 8, 17, 9, 1, 7, 10, 1, 8, 2, 19, 1, 11, 12, 0, 11, 4, 13, 6, 2, 9, 7, 1, 0, 14, 10, 2, 17]
机器选择 (MS): [3, 3, 3, 3, 2, 3, 3, 1, 3, 3, 1, 2, 3, 1, 3, 3, 3, 2, 2, 3, 2, 2, 1, 3, 3, 1, 1, 1, 3, 1, 1, 1, 1, 3, 1, 2, 1, 1, 1, 1, 3, 1, 1, 2, 1, 3, 2, 1, 1, 2, 3, 1, 2, 1, 2, 2, 1, 1, 2, 2, 1, 2, 1, 2, 1, 2, 1, 1, 1, 2, 2, 1, 2, 1, 3, 1, 1, 1, 1, 1, 2, 2, 2, 2, 1, 1, 1, 1, 2, 1, 1, 1, 1, 1, 3, 1, 1, 2, 2, 2, 1, 2, 1, 1, 1, 1, 1]

【零件加工顺序记录】
----------------------------------------------------------------------------------------------------
工件号      工序号             机器号             开始时间            结束时间            加工时长           
----------------------------------------------------------------------------------------------------

工件 0:
  0        0               打印机3            0.00            34132.00        34132.00       
  0        1               批处理机1           34132.00        35211.00        1079.00        
  0        2               离散机5            35211.00        36804.00        1593.00        
  0        3               离散机4            36804.00        38030.00        1226.00        
  0        4               离散机5            47641.00        48917.00        1276.00        
  0        5               离散机3            49015.00        50157.00        1142.00        

工件 1:
  1        0               打印机1            0.00            28790.89        28790.89       
  1        1               批处理机1           28790.89        29869.89        1079.00        
  1        2               离散机4            29869.89        31016.89        1147.00        
  1        3               离散机4            31016.89        32433.89        1417.00        
  1        4               离散机1            32433.89        33803.89        1370.00        
  1        5               离散机2            33803.89        34737.89        934.00         
  1        6               离散机5            46702.00        47641.00        939.00         
  1        7               离散机2            47761.00        48694.00        933.00         
  1        8               离散机1            48912.00        49877.00        965.00         

工件 2:
  2        0               打印机3            0.00            34132.00        34132.00       
  2        1               批处理机1           34132.00        35211.00        1079.00        
  2        2               离散机3            35211.00        36482.00        1271.00        
  2        3               离散机1            39290.00        40202.00        912.00         
  2        4               离散机5            40202.00        41445.00        1243.00        
  2        5               离散机3            42618.00        43590.00        972.00         
  2        6               离散机5            43886.00        45535.00        1649.00        
  2        7               离散机1            46769.00        47846.00        1077.00        
  2        8               离散机4            47846.00        49595.00        1749.00        
  2        9               离散机1            49877.00        50930.00        1053.00        

工件 3:
  3        0               打印机3            0.00            34132.00        34132.00       
  3        1               批处理机1           34132.00        35211.00        1079.00        
  3        2               离散机3            38221.00        39613.00        1392.00        

工件 4:
  4        0               打印机2            0.00            21591.32        21591.32       
  4        1               批处理机1           21591.32        22670.32        1079.00        
  4        2               离散机5            25672.32        26589.32        917.00         
  4        3               离散机1            27562.32        28974.32        1412.00        
  4        4               离散机1            28974.32        30716.32        1742.00        

工件 5:
  5        0               打印机1            0.00            28790.89        28790.89       
  5        1               批处理机1           28790.89        29869.89        1079.00        
  5        2               离散机3            29869.89        31183.89        1314.00        
  5        3               离散机1            31183.89        32401.89        1218.00        

工件 6:
  6        0               打印机2            0.00            21591.32        21591.32       
  6        1               批处理机1           21591.32        22670.32        1079.00        
  6        2               离散机5            22670.32        23937.32        1267.00        
  6        3               离散机4            23937.32        25094.32        1157.00        
  6        4               离散机1            26650.32        27562.32        912.00         
  6        5               离散机5            27741.32        28908.32        1167.00        
  6        6               离散机5            28908.32        29914.32        1006.00        
  6        7               离散机5            29914.32        30922.32        1008.00        
  6        8               离散机1            33803.89        34739.89        936.00         

工件 7:
  7        0               打印机3            0.00            34132.00        34132.00       
  7        1               批处理机1           34132.00        35211.00        1079.00        
  7        2               离散机4            35211.00        36297.00        1086.00        
  7        3               离散机5            41445.00        42509.00        1064.00        
  7        4               离散机2            46683.00        47761.00        1078.00        
  7        5               离散机4            49595.00        50856.00        1261.00        

工件 8:
  8        0               打印机3            0.00            34132.00        34132.00       
  8        1               批处理机1           34132.00        35211.00        1079.00        
  8        2               离散机2            37961.00        39251.00        1290.00        
  8        3               离散机1            42803.00        44355.00        1552.00        
  8        4               离散机4            45209.00        46495.00        1286.00        
  8        5               离散机3            46495.00        47413.00        918.00         

工件 9:
  9        0               打印机3            0.00            34132.00        34132.00       
  9        1               批处理机1           34132.00        35211.00        1079.00        
  9        2               离散机2            36820.00        37961.00        1141.00        
  9        3               离散机3            39613.00        41413.00        1800.00        
  9        4               离散机4            42729.00        43674.00        945.00         
  9        5               离散机4            43674.00        45209.00        1535.00        
  9        6               离散机1            45482.00        46769.00        1287.00        
  9        7               离散机5            48917.00        50204.00        1287.00        

工件 10:
  10       0               打印机3            0.00            34132.00        34132.00       
  10       1               批处理机1           34132.00        35211.00        1079.00        
  10       2               离散机1            37959.00        39290.00        1331.00        
  10       3               离散机1            40202.00        41578.00        1376.00        
  10       4               离散机3            41578.00        42618.00        1040.00        
  10       5               离散机2            42618.00        44094.00        1476.00        
  10       6               离散机2            44094.00        45067.00        973.00         
  10       7               离散机5            45535.00        46702.00        1167.00        
  10       8               离散机2            49660.00        50706.00        1046.00        

工件 11:
  11       0               打印机3            0.00            34132.00        34132.00       
  11       1               批处理机1           34132.00        35211.00        1079.00        
  11       2               离散机1            36868.00        37959.00        1091.00        
  11       3               离散机5            39148.00        40074.00        926.00         
  11       4               离散机1            41578.00        42803.00        1225.00        
  11       5               离散机5            42803.00        43886.00        1083.00        
  11       6               离散机1            44355.00        45482.00        1127.00        
  11       7               离散机3            45482.00        46442.00        960.00         
  11       8               离散机1            47846.00        48912.00        1066.00        

工件 12:
  12       0               打印机1            0.00            28790.89        28790.89       
  12       1               批处理机1           28790.89        29869.89        1079.00        
  12       2               离散机2            29869.89        31421.89        1552.00        
  12       3               离散机3            31421.89        32382.89        961.00         
  12       4               离散机3            32382.89        33476.89        1094.00        
  12       5               离散机2            48694.00        49660.00        966.00         

工件 13:
  13       0               打印机3            0.00            34132.00        34132.00       
  13       1               批处理机1           34132.00        35211.00        1079.00        
  13       2               离散机1            35211.00        36868.00        1657.00        
  13       3               离散机5            36868.00        38101.00        1233.00        
  13       4               离散机2            39251.00        40841.00        1590.00        
  13       5               离散机3            43590.00        45247.00        1657.00        
  13       6               离散机4            46495.00        47706.00        1211.00        

工件 14:
  14       0               打印机2            0.00            21591.32        21591.32       
  14       1               批处理机1           21591.32        22670.32        1079.00        
  14       2               离散机1            23667.32        24861.32        1194.00        

工件 15:
  15       0               打印机3            0.00            34132.00        34132.00       
  15       1               批处理机1           34132.00        35211.00        1079.00        

工件 16:
  16       0               打印机3            0.00            34132.00        34132.00       
  16       1               批处理机1           34132.00        35211.00        1079.00        

工件 17:
  17       0               打印机2            0.00            21591.32        21591.32       
  17       1               批处理机1           21591.32        22670.32        1079.00        
  17       2               离散机1            22670.32        23667.32        997.00         
  17       3               离散机3            23667.32        24593.32        926.00         
  17       4               离散机5            24593.32        25672.32        1079.00        
  17       5               离散机1            25672.32        26650.32        978.00         
  17       6               离散机5            26650.32        27741.32        1091.00        
  17       7               离散机4            27741.32        29317.32        1576.00        
  17       8               离散机2            31421.89        32413.89        992.00         
  17       9               离散机5            32413.89        33618.89        1205.00        

工件 18:
  18       0               打印机3            0.00            34132.00        34132.00       
  18       1               批处理机1           34132.00        35211.00        1079.00        
  18       2               离散机2            35211.00        36820.00        1609.00        
  18       3               离散机4            38030.00        39413.00        1383.00        
  18       4               离散机2            40841.00        42504.00        1663.00        

工件 19:
  19       0               打印机3            0.00            34132.00        34132.00       
  19       1               批处理机1           34132.00        35211.00        1079.00        
  19       2               离散机3            36482.00        38221.00        1739.00        
  19       3               离散机5            38221.00        39148.00        927.00         
  19       4               离散机4            39413.00        40972.00        1559.00        
  19       5               离散机4            40972.00        42729.00        1757.00        
  19       6               离散机2            45067.00        46683.00        1616.00        
  19       7               离散机3            47413.00        49015.00        1602.00        

【机器加工顺序记录】
----------------------------------------------------------------------------------------------------

打印机1:
工件号      工序号             开始时间            结束时间            加工时长           
--------------------------------------------------------------------------------
  1        0               0.00            28790.89        28790.89       
  5        0               0.00            28790.89        28790.89       
  12       0               0.00            28790.89        28790.89       

  机器利用率: 169.59% (忙碌时间: 86372.67 / 总时间: 50930.00)

打印机2:
工件号      工序号             开始时间            结束时间            加工时长           
--------------------------------------------------------------------------------
  4        0               0.00            21591.32        21591.32       
  6        0               0.00            21591.32        21591.32       
  14       0               0.00            21591.32        21591.32       
  17       0               0.00            21591.32        21591.32       

  机器利用率: 169.58% (忙碌时间: 86365.26 / 总时间: 50930.00)

打印机3:
工件号      工序号             开始时间            结束时间            加工时长           
--------------------------------------------------------------------------------
  0        0               0.00            34132.00        34132.00       
  2        0               0.00            34132.00        34132.00       
  3        0               0.00            34132.00        34132.00       
  7        0               0.00            34132.00        34132.00       
  8        0               0.00            34132.00        34132.00       
  9        0               0.00            34132.00        34132.00       
  10       0               0.00            34132.00        34132.00       
  11       0               0.00            34132.00        34132.00       
  13       0               0.00            34132.00        34132.00       
  15       0               0.00            34132.00        34132.00       
  16       0               0.00            34132.00        34132.00       
  18       0               0.00            34132.00        34132.00       
  19       0               0.00            34132.00        34132.00       

  机器利用率: 871.23% (忙碌时间: 443716.00 / 总时间: 50930.00)

批处理机1:
工件号      工序号             开始时间            结束时间            加工时长           
--------------------------------------------------------------------------------
  4        1               21591.32        22670.32        1079.00        
  6        1               21591.32        22670.32        1079.00        
  14       1               21591.32        22670.32        1079.00        
  17       1               21591.32        22670.32        1079.00        
  1        1               28790.89        29869.89        1079.00        
  5        1               28790.89        29869.89        1079.00        
  12       1               28790.89        29869.89        1079.00        
  0        1               34132.00        35211.00        1079.00        
  2        1               34132.00        35211.00        1079.00        
  3        1               34132.00        35211.00        1079.00        
  7        1               34132.00        35211.00        1079.00        
  8        1               34132.00        35211.00        1079.00        
  9        1               34132.00        35211.00        1079.00        
  10       1               34132.00        35211.00        1079.00        
  11       1               34132.00        35211.00        1079.00        
  13       1               34132.00        35211.00        1079.00        
  15       1               34132.00        35211.00        1079.00        
  16       1               34132.00        35211.00        1079.00        
  18       1               34132.00        35211.00        1079.00        
  19       1               34132.00        35211.00        1079.00        

  机器利用率: 42.37% (忙碌时间: 21580.00 / 总时间: 50930.00)

批处理机2:
工件号      工序号             开始时间            结束时间            加工时长           
--------------------------------------------------------------------------------

  机器利用率: 0.00% (忙碌时间: 0.00 / 总时间: 50930.00)

离散机1:
工件号      工序号             开始时间            结束时间            加工时长           
--------------------------------------------------------------------------------
  17       2               22670.32        23667.32        997.00         
  14       2               23667.32        24861.32        1194.00        
  17       5               25672.32        26650.32        978.00         
  6        4               26650.32        27562.32        912.00         
  4        3               27562.32        28974.32        1412.00        
  4        4               28974.32        30716.32        1742.00        
  5        3               31183.89        32401.89        1218.00        
  1        4               32433.89        33803.89        1370.00        
  6        8               33803.89        34739.89        936.00         
  13       2               35211.00        36868.00        1657.00        
  11       2               36868.00        37959.00        1091.00        
  10       2               37959.00        39290.00        1331.00        
  2        3               39290.00        40202.00        912.00         
  10       3               40202.00        41578.00        1376.00        
  11       4               41578.00        42803.00        1225.00        
  8        3               42803.00        44355.00        1552.00        
  11       6               44355.00        45482.00        1127.00        
  9        6               45482.00        46769.00        1287.00        
  2        7               46769.00        47846.00        1077.00        
  11       8               47846.00        48912.00        1066.00        
  1        8               48912.00        49877.00        965.00         
  2        9               49877.00        50930.00        1053.00        

  机器利用率: 51.99% (忙碌时间: 26478.00 / 总时间: 50930.00)

离散机2:
工件号      工序号             开始时间            结束时间            加工时长           
--------------------------------------------------------------------------------
  12       2               29869.89        31421.89        1552.00        
  17       8               31421.89        32413.89        992.00         
  1        5               33803.89        34737.89        934.00         
  18       2               35211.00        36820.00        1609.00        
  9        2               36820.00        37961.00        1141.00        
  8        2               37961.00        39251.00        1290.00        
  13       4               39251.00        40841.00        1590.00        
  18       4               40841.00        42504.00        1663.00        
  10       5               42618.00        44094.00        1476.00        
  10       6               44094.00        45067.00        973.00         
  19       6               45067.00        46683.00        1616.00        
  7        4               46683.00        47761.00        1078.00        
  1        7               47761.00        48694.00        933.00         
  12       5               48694.00        49660.00        966.00         
  10       8               49660.00        50706.00        1046.00        

  机器利用率: 37.03% (忙碌时间: 18859.00 / 总时间: 50930.00)

离散机3:
工件号      工序号             开始时间            结束时间            加工时长           
--------------------------------------------------------------------------------
  17       3               23667.32        24593.32        926.00         
  5        2               29869.89        31183.89        1314.00        
  12       3               31421.89        32382.89        961.00         
  12       4               32382.89        33476.89        1094.00        
  2        2               35211.00        36482.00        1271.00        
  19       2               36482.00        38221.00        1739.00        
  3        2               38221.00        39613.00        1392.00        
  9        3               39613.00        41413.00        1800.00        
  10       4               41578.00        42618.00        1040.00        
  2        5               42618.00        43590.00        972.00         
  13       5               43590.00        45247.00        1657.00        
  11       7               45482.00        46442.00        960.00         
  8        5               46495.00        47413.00        918.00         
  19       7               47413.00        49015.00        1602.00        
  0        5               49015.00        50157.00        1142.00        

  机器利用率: 36.89% (忙碌时间: 18788.00 / 总时间: 50930.00)

离散机4:
工件号      工序号             开始时间            结束时间            加工时长           
--------------------------------------------------------------------------------
  6        3               23937.32        25094.32        1157.00        
  17       7               27741.32        29317.32        1576.00        
  1        2               29869.89        31016.89        1147.00        
  1        3               31016.89        32433.89        1417.00        
  7        2               35211.00        36297.00        1086.00        
  0        3               36804.00        38030.00        1226.00        
  18       3               38030.00        39413.00        1383.00        
  19       4               39413.00        40972.00        1559.00        
  19       5               40972.00        42729.00        1757.00        
  9        4               42729.00        43674.00        945.00         
  9        5               43674.00        45209.00        1535.00        
  8        4               45209.00        46495.00        1286.00        
  13       6               46495.00        47706.00        1211.00        
  2        8               47846.00        49595.00        1749.00        
  7        5               49595.00        50856.00        1261.00        

  机器利用率: 39.85% (忙碌时间: 20295.00 / 总时间: 50930.00)

离散机5:
工件号      工序号             开始时间            结束时间            加工时长           
--------------------------------------------------------------------------------
  6        2               22670.32        23937.32        1267.00        
  17       4               24593.32        25672.32        1079.00        
  4        2               25672.32        26589.32        917.00         
  17       6               26650.32        27741.32        1091.00        
  6        5               27741.32        28908.32        1167.00        
  6        6               28908.32        29914.32        1006.00        
  6        7               29914.32        30922.32        1008.00        
  17       9               32413.89        33618.89        1205.00        
  0        2               35211.00        36804.00        1593.00        
  13       3               36868.00        38101.00        1233.00        
  19       3               38221.00        39148.00        927.00         
  11       3               39148.00        40074.00        926.00         
  2        4               40202.00        41445.00        1243.00        
  7        3               41445.00        42509.00        1064.00        
  11       5               42803.00        43886.00        1083.00        
  2        6               43886.00        45535.00        1649.00        
  10       7               45535.00        46702.00        1167.00        
  1        6               46702.00        47641.00        939.00         
  0        4               47641.00        48917.00        1276.00        
  9        7               48917.00        50204.00        1287.00        

  机器利用率: 45.41% (忙碌时间: 23127.00 / 总时间: 50930.00)

【打印批次详细信息】
----------------------------------------------------------------------------------------------------

打印机 1 (尺寸: 1194.0 x 531.0 x 505.0):
--------------------------------------------------------------------------------
  批次 1: 零件数=3, 占用率=23.51%
    - 5: 尺寸 561.0 x 201.0 x 64.0
    - 1: 尺寸 151.0 x 67.0 x 73.0
    - 12: 尺寸 206.0 x 127.0 x 73.0

打印机 2 (尺寸: 1191.0 x 505.0 x 607.0):
--------------------------------------------------------------------------------
  批次 1: 零件数=4, 占用率=22.39%
    - 14: 尺寸 451.0 x 235.0 x 16.0
    - 4: 尺寸 139.0 x 90.0 x 29.0
    - 17: 尺寸 72.0 x 63.0 x 16.0
    - 6: 尺寸 112.0 x 104.0 x 47.0

打印机 3 (尺寸: 1145.0 x 521.0 x 525.0):
--------------------------------------------------------------------------------
  批次 1: 零件数=13, 占用率=78.18%
    - 9: 尺寸 219.0 x 148.0 x 192.0
    - 13: 尺寸 214.0 x 75.0 x 74.0
    - 7: 尺寸 184.0 x 129.0 x 151.0
    - 10: 尺寸 331.0 x 213.0 x 121.0
    - 18: 尺寸 181.0 x 332.0 x 136.0
    - 8: 尺寸 215.0 x 198.0 x 64.0
    - 11: 尺寸 168.0 x 324.0 x 142.0
    - 3: 尺寸 202.0 x 163.0 x 93.0
    - 2: 尺寸 95.0 x 58.0 x 97.0
    - 0: 尺寸 152.0 x 261.0 x 88.0
    - 16: 尺寸 97.0 x 205.0 x 23.0
    - 15: 尺寸 70.0 x 159.0 x 101.0
    - 19: 尺寸 309.0 x 186.0 x 74.0

════════════════════════════════════════════════════════════════
