════════════════════════════════════════════════════════════════
              最优Cmax解的详细调度记录
════════════════════════════════════════════════════════════════

【基本信息】
----------------------------------------------------------------------------------------------------
Cmax (最大完工时间): 45436.09
能耗: 275.88 kWh
装箱质量: 0.4872
批次总数: 3
工件数量: 20
机器数量: 10 (打印机:3, 批处理机:2, 离散机:5)

【染色体编码】
----------------------------------------------------------------------------------------------------
工序序列 (OS): [15, 14, 18, 2, 1, 17, 7, 6, 12, 9, 4, 5, 11, 13, 3, 19, 10, 0, 8, 16, 1, 11, 7, 7, 12, 18, 11, 5, 1, 0, 10, 1, 0, 2, 14, 13, 17, 2, 10, 19, 9, 0, 0, 0, 9, 3, 10, 5, 2, 4, 2, 18, 8, 9, 4, 9, 7, 8, 16, 19, 1, 17, 10, 5, 19, 15, 9, 3, 11, 11, 16, 1, 18, 3, 11, 16, 5, 14, 7, 7, 12, 10, 14, 17, 19, 0, 9, 1, 0, 17, 2, 18, 15, 0, 15, 4, 9, 5, 8, 1, 16, 7, 19, 1, 5, 2, 18, 11, 17, 10, 11, 8, 2, 13, 19, 3, 9, 11, 16, 3, 5, 10, 4, 4]
机器选择 (MS): [1, 3, 1, 1, 3, 1, 2, 2, 2, 2, 2, 2, 1, 3, 2, 1, 3, 3, 2, 2, 1, 1, 3, 1, 1, 1, 2, 3, 2, 2, 2, 3, 1, 1, 1, 2, 1, 3, 2, 2, 1, 1, 2, 1, 1, 2, 1, 1, 1, 1, 1, 1, 3, 2, 2, 2, 1, 1, 2, 1, 3, 1, 2, 1, 1, 1, 1, 1, 1, 1, 1, 1, 2, 2, 1, 1, 2, 1, 1, 2, 1, 1, 1, 1, 1, 2, 2, 2, 2, 1, 3, 1, 1, 1, 2, 1, 1, 1, 1, 1, 1, 1, 3, 2, 2, 1, 1, 3, 1, 2, 1, 1, 1, 1, 1, 2, 1, 1, 1, 2, 2, 2, 1, 2]

【零件加工顺序记录】
----------------------------------------------------------------------------------------------------
工件号      工序号             机器号             开始时间            结束时间            加工时长           
----------------------------------------------------------------------------------------------------

工件 0:
  0        0               打印机3            0.00            8520.59         8520.59        
  0        1               批处理机2           8520.59         9620.59         1100.00        
  0        2               离散机1            9620.59         10735.59        1115.00        
  0        3               离散机1            10735.59        12429.59        1694.00        
  0        4               离散机5            12429.59        14160.59        1731.00        
  0        5               离散机1            14160.59        15332.59        1172.00        
  0        6               离散机1            15332.59        16305.59        973.00         
  0        7               离散机4            16305.59        17766.59        1461.00        
  0        8               离散机4            17766.59        18990.59        1224.00        
  0        9               离散机5            18990.59        20296.59        1306.00        

工件 1:
  1        0               打印机3            0.00            8520.59         8520.59        
  1        1               批处理机2           8520.59         9620.59         1100.00        
  1        2               离散机4            9620.59         11069.59        1449.00        
  1        3               离散机4            11069.59        12358.59        1289.00        
  1        4               离散机3            12358.59        13311.59        953.00         
  1        5               离散机5            14160.59        15173.59        1013.00        
  1        6               离散机2            15173.59        16690.59        1517.00        
  1        7               离散机5            16690.59        18022.59        1332.00        
  1        8               离散机3            18504.59        20250.59        1746.00        
  1        9               离散机5            20296.59        21377.59        1081.00        

工件 2:
  2        0               打印机1            0.00            32777.09        32777.09       
  2        1               批处理机2           32777.09        33877.09        1100.00        
  2        2               离散机1            33877.09        35444.09        1567.00        
  2        3               离散机5            35454.09        36939.09        1485.00        
  2        4               离散机3            36939.09        38180.09        1241.00        
  2        5               离散机3            38180.09        39319.09        1139.00        
  2        6               离散机5            39601.09        40756.09        1155.00        
  2        7               离散机3            40834.09        42297.09        1463.00        
  2        8               离散机5            42879.09        44302.09        1423.00        

工件 3:
  3        0               打印机2            0.00            22000.30        22000.30       
  3        1               批处理机2           22000.30        23100.30        1100.00        
  3        2               离散机1            25485.30        26576.30        1091.00        
  3        3               离散机2            26576.30        28179.30        1603.00        
  3        4               离散机5            28946.30        30026.30        1080.00        
  3        5               离散机4            31876.30        33202.30        1326.00        
  3        6               离散机1            39013.09        40604.09        1591.00        

工件 4:
  4        0               打印机2            0.00            22000.30        22000.30       
  4        1               批处理机2           22000.30        23100.30        1100.00        
  4        2               离散机2            24795.30        25940.30        1145.00        
  4        3               离散机1            26576.30        28270.30        1694.00        
  4        4               离散机3            31313.30        32371.30        1058.00        
  4        5               离散机2            32647.30        33806.30        1159.00        
  4        6               离散机5            44302.09        45376.09        1074.00        

工件 5:
  5        0               打印机2            0.00            22000.30        22000.30       
  5        1               批处理机2           22000.30        23100.30        1100.00        
  5        2               离散机4            23100.30        24017.30        917.00         
  5        3               离散机4            24017.30        25031.30        1014.00        
  5        4               离散机5            25820.30        26806.30        986.00         
  5        5               离散机4            29054.30        30209.30        1155.00        
  5        6               离散机1            30209.30        31320.30        1111.00        
  5        7               离散机3            33381.30        34587.30        1206.00        
  5        8               离散机1            43531.09        44513.09        982.00         

工件 6:
  6        0               打印机2            0.00            22000.30        22000.30       
  6        1               批处理机2           22000.30        23100.30        1100.00        

工件 7:
  7        0               打印机2            0.00            22000.30        22000.30       
  7        1               批处理机2           22000.30        23100.30        1100.00        
  7        2               离散机5            23100.30        24376.30        1276.00        
  7        3               离散机1            24376.30        25485.30        1109.00        
  7        4               离散机3            25485.30        26679.30        1194.00        
  7        5               离散机3            26679.30        28256.30        1577.00        
  7        6               离散机4            30209.30        31876.30        1667.00        
  7        7               离散机5            31876.30        33181.30        1305.00        

工件 8:
  8        0               打印机2            0.00            22000.30        22000.30       
  8        1               批处理机2           22000.30        23100.30        1100.00        
  8        2               离散机4            25031.30        26718.30        1687.00        
  8        3               离散机1            28270.30        29325.30        1055.00        
  8        4               离散机5            30026.30        31223.30        1197.00        
  8        5               离散机1            31320.30        32860.30        1540.00        

工件 9:
  9        0               打印机2            0.00            22000.30        22000.30       
  9        1               批处理机2           22000.30        23100.30        1100.00        
  9        2               离散机1            23100.30        24369.30        1269.00        
  9        3               离散机3            24369.30        25324.30        955.00         
  9        4               离散机4            26718.30        27734.30        1016.00        
  9        5               离散机5            27734.30        28946.30        1212.00        
  9        6               离散机2            28946.30        29971.30        1025.00        
  9        7               离散机3            29971.30        31313.30        1342.00        
  9        8               离散机2            31313.30        32647.30        1334.00        
  9        9               离散机1            32860.30        33766.30        906.00         

工件 10:
  10       0               打印机3            0.00            8520.59         8520.59        
  10       1               批处理机2           8520.59         9620.59         1100.00        
  10       2               离散机4            12358.59        13402.59        1044.00        
  10       3               离散机3            13402.59        14542.59        1140.00        
  10       4               离散机3            14542.59        15922.59        1380.00        
  10       5               离散机1            16305.59        17525.59        1220.00        
  10       6               离散机1            17525.59        18949.59        1424.00        
  10       7               离散机1            18949.59        19997.59        1048.00        
  10       8               离散机5            21377.59        22557.59        1180.00        

工件 11:
  11       0               打印机1            0.00            32777.09        32777.09       
  11       1               批处理机2           32777.09        33877.09        1100.00        
  11       2               离散机2            33877.09        35350.09        1473.00        
  11       3               离散机3            35350.09        36519.09        1169.00        
  11       4               离散机4            38000.09        39737.09        1737.00        
  11       5               离散机3            39737.09        40834.09        1097.00        
  11       6               离散机1            40834.09        41753.09        919.00         
  11       7               离散机5            41753.09        42879.09        1126.00        
  11       8               离散机2            42879.09        43927.09        1048.00        
  11       9               离散机4            43927.09        45436.09        1509.00        

工件 12:
  12       0               打印机2            0.00            22000.30        22000.30       
  12       1               批处理机2           22000.30        23100.30        1100.00        
  12       2               离散机2            23100.30        24795.30        1695.00        
  12       3               离散机3            28256.30        29526.30        1270.00        

工件 13:
  13       0               打印机3            0.00            8520.59         8520.59        
  13       1               批处理机2           8520.59         9620.59         1100.00        
  13       2               离散机2            9620.59         10745.59        1125.00        
  13       3               离散机5            10745.59        12405.59        1660.00        

工件 14:
  14       0               打印机3            0.00            8520.59         8520.59        
  14       1               批处理机2           8520.59         9620.59         1100.00        
  14       2               离散机1            12429.59        13495.59        1066.00        
  14       3               离散机3            15922.59        17290.59        1368.00        
  14       4               离散机3            17290.59        18504.59        1214.00        

工件 15:
  15       0               打印机1            0.00            32777.09        32777.09       
  15       1               批处理机2           32777.09        33877.09        1100.00        
  15       2               离散机1            36595.09        37999.09        1404.00        
  15       3               离散机2            41320.09        42550.09        1230.00        
  15       4               离散机4            42550.09        43881.09        1331.00        

工件 16:
  16       0               打印机2            0.00            22000.30        22000.30       
  16       1               批处理机2           22000.30        23100.30        1100.00        
  16       2               离散机5            24376.30        25820.30        1444.00        
  16       3               离散机4            27734.30        29054.30        1320.00        
  16       4               离散机2            29971.30        31228.30        1257.00        
  16       5               离散机3            32371.30        33381.30        1010.00        
  16       6               离散机5            40756.09        41729.09        973.00         

工件 17:
  17       0               打印机1            0.00            32777.09        32777.09       
  17       1               批处理机2           32777.09        33877.09        1100.00        
  17       2               离散机2            35350.09        36816.09        1466.00        
  17       3               离散机4            36836.09        38000.09        1164.00        
  17       4               离散机5            38000.09        39601.09        1601.00        
  17       5               离散机2            40000.09        41320.09        1320.00        
  17       6               离散机3            42297.09        43552.09        1255.00        

工件 18:
  18       0               打印机1            0.00            32777.09        32777.09       
  18       1               批处理机2           32777.09        33877.09        1100.00        
  18       2               离散机5            33877.09        35454.09        1577.00        
  18       3               离散机4            35454.09        36836.09        1382.00        
  18       4               离散机2            36836.09        37877.09        1041.00        
  18       5               离散机1            37999.09        39013.09        1014.00        
  18       6               离散机4            39737.09        41327.09        1590.00        

工件 19:
  19       0               打印机1            0.00            32777.09        32777.09       
  19       1               批处理机2           32777.09        33877.09        1100.00        
  19       2               离散机1            35444.09        36595.09        1151.00        
  19       3               离散机5            36939.09        37960.09        1021.00        
  19       4               离散机2            37960.09        38918.09        958.00         
  19       5               离散机2            38918.09        40000.09        1082.00        
  19       6               离散机1            41753.09        43531.09        1778.00        
  19       7               离散机3            43552.09        45120.09        1568.00        

【机器加工顺序记录】
----------------------------------------------------------------------------------------------------

打印机1:
工件号      工序号             开始时间            结束时间            加工时长           
--------------------------------------------------------------------------------
  2        0               0.00            32777.09        32777.09       
  11       0               0.00            32777.09        32777.09       
  15       0               0.00            32777.09        32777.09       
  17       0               0.00            32777.09        32777.09       
  18       0               0.00            32777.09        32777.09       
  19       0               0.00            32777.09        32777.09       

  机器利用率: 432.83% (忙碌时间: 196662.52 / 总时间: 45436.09)

打印机2:
工件号      工序号             开始时间            结束时间            加工时长           
--------------------------------------------------------------------------------
  3        0               0.00            22000.30        22000.30       
  4        0               0.00            22000.30        22000.30       
  5        0               0.00            22000.30        22000.30       
  6        0               0.00            22000.30        22000.30       
  7        0               0.00            22000.30        22000.30       
  8        0               0.00            22000.30        22000.30       
  9        0               0.00            22000.30        22000.30       
  12       0               0.00            22000.30        22000.30       
  16       0               0.00            22000.30        22000.30       

  机器利用率: 435.78% (忙碌时间: 198002.66 / 总时间: 45436.09)

打印机3:
工件号      工序号             开始时间            结束时间            加工时长           
--------------------------------------------------------------------------------
  0        0               0.00            8520.59         8520.59        
  1        0               0.00            8520.59         8520.59        
  10       0               0.00            8520.59         8520.59        
  13       0               0.00            8520.59         8520.59        
  14       0               0.00            8520.59         8520.59        

  机器利用率: 93.76% (忙碌时间: 42602.97 / 总时间: 45436.09)

批处理机1:
工件号      工序号             开始时间            结束时间            加工时长           
--------------------------------------------------------------------------------

  机器利用率: 0.00% (忙碌时间: 0.00 / 总时间: 45436.09)

批处理机2:
工件号      工序号             开始时间            结束时间            加工时长           
--------------------------------------------------------------------------------
  0        1               8520.59         9620.59         1100.00        
  1        1               8520.59         9620.59         1100.00        
  10       1               8520.59         9620.59         1100.00        
  13       1               8520.59         9620.59         1100.00        
  14       1               8520.59         9620.59         1100.00        
  3        1               22000.30        23100.30        1100.00        
  4        1               22000.30        23100.30        1100.00        
  5        1               22000.30        23100.30        1100.00        
  6        1               22000.30        23100.30        1100.00        
  7        1               22000.30        23100.30        1100.00        
  8        1               22000.30        23100.30        1100.00        
  9        1               22000.30        23100.30        1100.00        
  12       1               22000.30        23100.30        1100.00        
  16       1               22000.30        23100.30        1100.00        
  2        1               32777.09        33877.09        1100.00        
  11       1               32777.09        33877.09        1100.00        
  15       1               32777.09        33877.09        1100.00        
  17       1               32777.09        33877.09        1100.00        
  18       1               32777.09        33877.09        1100.00        
  19       1               32777.09        33877.09        1100.00        

  机器利用率: 48.42% (忙碌时间: 22000.00 / 总时间: 45436.09)

离散机1:
工件号      工序号             开始时间            结束时间            加工时长           
--------------------------------------------------------------------------------
  0        2               9620.59         10735.59        1115.00        
  0        3               10735.59        12429.59        1694.00        
  14       2               12429.59        13495.59        1066.00        
  0        5               14160.59        15332.59        1172.00        
  0        6               15332.59        16305.59        973.00         
  10       5               16305.59        17525.59        1220.00        
  10       6               17525.59        18949.59        1424.00        
  10       7               18949.59        19997.59        1048.00        
  9        2               23100.30        24369.30        1269.00        
  7        3               24376.30        25485.30        1109.00        
  3        2               25485.30        26576.30        1091.00        
  4        3               26576.30        28270.30        1694.00        
  8        3               28270.30        29325.30        1055.00        
  5        6               30209.30        31320.30        1111.00        
  8        5               31320.30        32860.30        1540.00        
  9        9               32860.30        33766.30        906.00         
  2        2               33877.09        35444.09        1567.00        
  19       2               35444.09        36595.09        1151.00        
  15       2               36595.09        37999.09        1404.00        
  18       5               37999.09        39013.09        1014.00        
  3        6               39013.09        40604.09        1591.00        
  11       6               40834.09        41753.09        919.00         
  19       6               41753.09        43531.09        1778.00        
  5        8               43531.09        44513.09        982.00         

  机器利用率: 65.79% (忙碌时间: 29893.00 / 总时间: 45436.09)

离散机2:
工件号      工序号             开始时间            结束时间            加工时长           
--------------------------------------------------------------------------------
  13       2               9620.59         10745.59        1125.00        
  1        6               15173.59        16690.59        1517.00        
  12       2               23100.30        24795.30        1695.00        
  4        2               24795.30        25940.30        1145.00        
  3        3               26576.30        28179.30        1603.00        
  9        6               28946.30        29971.30        1025.00        
  16       4               29971.30        31228.30        1257.00        
  9        8               31313.30        32647.30        1334.00        
  4        5               32647.30        33806.30        1159.00        
  11       2               33877.09        35350.09        1473.00        
  17       2               35350.09        36816.09        1466.00        
  18       4               36836.09        37877.09        1041.00        
  19       4               37960.09        38918.09        958.00         
  19       5               38918.09        40000.09        1082.00        
  17       5               40000.09        41320.09        1320.00        
  15       3               41320.09        42550.09        1230.00        
  11       8               42879.09        43927.09        1048.00        

  机器利用率: 47.27% (忙碌时间: 21478.00 / 总时间: 45436.09)

离散机3:
工件号      工序号             开始时间            结束时间            加工时长           
--------------------------------------------------------------------------------
  1        4               12358.59        13311.59        953.00         
  10       3               13402.59        14542.59        1140.00        
  10       4               14542.59        15922.59        1380.00        
  14       3               15922.59        17290.59        1368.00        
  14       4               17290.59        18504.59        1214.00        
  1        8               18504.59        20250.59        1746.00        
  9        3               24369.30        25324.30        955.00         
  7        4               25485.30        26679.30        1194.00        
  7        5               26679.30        28256.30        1577.00        
  12       3               28256.30        29526.30        1270.00        
  9        7               29971.30        31313.30        1342.00        
  4        4               31313.30        32371.30        1058.00        
  16       5               32371.30        33381.30        1010.00        
  5        7               33381.30        34587.30        1206.00        
  11       3               35350.09        36519.09        1169.00        
  2        4               36939.09        38180.09        1241.00        
  2        5               38180.09        39319.09        1139.00        
  11       5               39737.09        40834.09        1097.00        
  2        7               40834.09        42297.09        1463.00        
  17       6               42297.09        43552.09        1255.00        
  19       7               43552.09        45120.09        1568.00        

  机器利用率: 57.98% (忙碌时间: 26345.00 / 总时间: 45436.09)

离散机4:
工件号      工序号             开始时间            结束时间            加工时长           
--------------------------------------------------------------------------------
  1        2               9620.59         11069.59        1449.00        
  1        3               11069.59        12358.59        1289.00        
  10       2               12358.59        13402.59        1044.00        
  0        7               16305.59        17766.59        1461.00        
  0        8               17766.59        18990.59        1224.00        
  5        2               23100.30        24017.30        917.00         
  5        3               24017.30        25031.30        1014.00        
  8        2               25031.30        26718.30        1687.00        
  9        4               26718.30        27734.30        1016.00        
  16       3               27734.30        29054.30        1320.00        
  5        5               29054.30        30209.30        1155.00        
  7        6               30209.30        31876.30        1667.00        
  3        5               31876.30        33202.30        1326.00        
  18       3               35454.09        36836.09        1382.00        
  17       3               36836.09        38000.09        1164.00        
  11       4               38000.09        39737.09        1737.00        
  18       6               39737.09        41327.09        1590.00        
  15       4               42550.09        43881.09        1331.00        
  11       9               43927.09        45436.09        1509.00        

  机器利用率: 55.64% (忙碌时间: 25282.00 / 总时间: 45436.09)

离散机5:
工件号      工序号             开始时间            结束时间            加工时长           
--------------------------------------------------------------------------------
  13       3               10745.59        12405.59        1660.00        
  0        4               12429.59        14160.59        1731.00        
  1        5               14160.59        15173.59        1013.00        
  1        7               16690.59        18022.59        1332.00        
  0        9               18990.59        20296.59        1306.00        
  1        9               20296.59        21377.59        1081.00        
  10       8               21377.59        22557.59        1180.00        
  7        2               23100.30        24376.30        1276.00        
  16       2               24376.30        25820.30        1444.00        
  5        4               25820.30        26806.30        986.00         
  9        5               27734.30        28946.30        1212.00        
  3        4               28946.30        30026.30        1080.00        
  8        4               30026.30        31223.30        1197.00        
  7        7               31876.30        33181.30        1305.00        
  18       2               33877.09        35454.09        1577.00        
  2        3               35454.09        36939.09        1485.00        
  19       3               36939.09        37960.09        1021.00        
  17       4               38000.09        39601.09        1601.00        
  2        6               39601.09        40756.09        1155.00        
  16       6               40756.09        41729.09        973.00         
  11       7               41753.09        42879.09        1126.00        
  2        8               42879.09        44302.09        1423.00        
  4        6               44302.09        45376.09        1074.00        

  机器利用率: 64.35% (忙碌时间: 29238.00 / 总时间: 45436.09)

【打印批次详细信息】
----------------------------------------------------------------------------------------------------

打印机 1 (尺寸: 845.0 x 507.0 x 542.0):
--------------------------------------------------------------------------------
  批次 1: 零件数=6, 占用率=62.76%
    - 15: 尺寸 742.0 x 140.0 x 188.0
    - 2: 尺寸 98.0 x 347.0 x 140.0
    - 18: 尺寸 197.0 x 134.0 x 133.0
    - 17: 尺寸 184.0 x 118.0 x 187.0
    - 11: 尺寸 322.0 x 179.0 x 91.0
    - 19: 尺寸 212.0 x 119.0 x 92.0

打印机 2 (尺寸: 833.0 x 577.0 x 594.0):
--------------------------------------------------------------------------------
  批次 1: 零件数=9, 占用率=48.72%
    - 7: 尺寸 56.0 x 109.0 x 47.0
    - 6: 尺寸 57.0 x 141.0 x 46.0
    - 12: 尺寸 110.0 x 136.0 x 21.0
    - 9: 尺寸 180.0 x 111.0 x 90.0
    - 4: 尺寸 170.0 x 137.0 x 29.0
    - 5: 尺寸 100.0 x 89.0 x 64.0
    - 3: 尺寸 155.0 x 547.0 x 80.0
    - 8: 尺寸 85.0 x 119.0 x 26.0
    - 16: 尺寸 183.0 x 317.0 x 84.0

打印机 3 (尺寸: 926.0 x 501.0 x 541.0):
--------------------------------------------------------------------------------
  批次 1: 零件数=5, 占用率=53.83%
    - 14: 尺寸 159.0 x 81.0 x 15.0
    - 1: 尺寸 268.0 x 244.0 x 21.0
    - 13: 尺寸 73.0 x 78.0 x 24.0
    - 10: 尺寸 107.0 x 71.0 x 13.0
    - 0: 尺寸 676.0 x 234.0 x 22.0

════════════════════════════════════════════════════════════════
