════════════════════════════════════════════════════════════════
              Pareto前沿解集详细数据
════════════════════════════════════════════════════════════════

算例: J10P2B1D2_04
算法: NSGAII
运行次数: 4
解的数量: 14

----------------------------------------------------------------------------------------------------
序号       Cmax                 能耗(kWh)              装箱质量            批次数       
----------------------------------------------------------------------------------------------------
1        48896.45             79.06                0.8993          1         
2        38125.45             96.02                0.3249          2         
3        46854.45             79.37                0.8993          1         
4        44437.45             94.64                0.1208          2         
5        41609.45             95.56                0.1722          2         
6        42395.45             94.95                0.1208          2         
7        47771.45             79.26                0.8993          1         
8        47979.45             79.18                0.8993          1         
9        39042.45             95.90                0.3249          2         
10       39250.45             95.82                0.3249          2         
11       43312.45             94.83                0.1208          2         
12       43520.45             94.75                0.1208          2         
13       40167.45             95.71                0.3249          2         
14       40692.45             95.68                0.1722          2         
----------------------------------------------------------------------------------------------------

统计信息:
  Cmax范围: [38125.45, 48896.45]
  能耗范围: [79.06, 96.02] kWh
  Cmax跨度: 10771.00 (22.03%)
  能耗跨度: 16.96 (17.66%)

════════════════════════════════════════════════════════════════
