════════════════════════════════════════════════════════════════
              最优Cmax解的详细调度记录
════════════════════════════════════════════════════════════════

【基本信息】
----------------------------------------------------------------------------------------------------
Cmax (最大完工时间): 45101.11
能耗: 281.74 kWh
装箱质量: 0.5306
批次总数: 3
工件数量: 20
机器数量: 10 (打印机:3, 批处理机:2, 离散机:5)

【染色体编码】
----------------------------------------------------------------------------------------------------
工序序列 (OS): [1, 16, 17, 3, 5, 12, 10, 18, 9, 13, 14, 7, 19, 4, 6, 11, 0, 8, 2, 15, 6, 12, 14, 10, 0, 4, 3, 5, 8, 12, 13, 5, 11, 13, 3, 0, 4, 13, 10, 6, 2, 19, 8, 5, 13, 3, 7, 13, 11, 15, 14, 17, 17, 11, 4, 6, 1, 7, 7, 9, 14, 13, 5, 15, 19, 17, 8, 9, 16, 14, 0, 1, 10, 3, 16, 16, 3, 10, 6, 7, 13, 18, 0, 17, 4, 12, 4, 15, 6, 12, 8, 7, 6, 17, 15, 8, 0, 9, 15, 10, 19, 12, 5, 8, 7, 5, 3, 3, 17, 13, 4, 9, 11, 15, 7, 0, 19, 5, 17, 1, 2, 4, 8, 12, 1, 4, 19, 6]
机器选择 (MS): [1, 3, 2, 2, 3, 3, 1, 1, 3, 1, 1, 1, 3, 3, 2, 3, 2, 2, 1, 1, 1, 1, 2, 3, 1, 1, 1, 1, 3, 1, 1, 1, 1, 1, 1, 1, 1, 1, 1, 2, 1, 3, 3, 3, 3, 2, 2, 1, 1, 1, 3, 2, 1, 1, 1, 1, 1, 1, 2, 3, 1, 3, 1, 1, 1, 1, 1, 1, 1, 1, 1, 1, 2, 2, 1, 1, 2, 1, 1, 2, 2, 1, 2, 1, 1, 2, 1, 1, 1, 2, 1, 1, 1, 1, 3, 1, 3, 2, 1, 1, 2, 2, 1, 1, 3, 1, 2, 1, 2, 3, 2, 2, 1, 1, 2, 1, 1, 1, 2, 1, 1, 3, 1, 1, 1, 1, 1, 1]

【零件加工顺序记录】
----------------------------------------------------------------------------------------------------
工件号      工序号             机器号             开始时间            结束时间            加工时长           
----------------------------------------------------------------------------------------------------

工件 0:
  0        0               打印机2            0.00            14895.43        14895.43       
  0        1               批处理机1           14895.43        15979.43        1084.00        
  0        2               离散机4            15979.43        17327.43        1348.00        
  0        3               离散机5            19150.43        20792.43        1642.00        
  0        4               离散机5            20792.43        22045.43        1253.00        
  0        5               离散机5            27408.58        28590.58        1182.00        
  0        6               离散机4            36420.11        37965.11        1545.00        
  0        7               离散机4            40576.11        41561.11        985.00         

工件 1:
  1        0               打印机1            0.00            19041.58        19041.58       
  1        1               批处理机1           19041.58        20125.58        1084.00        
  1        2               离散机2            22065.58        23010.58        945.00         
  1        3               离散机1            31669.11        32584.11        915.00         
  1        4               离散机3            35129.58        36289.58        1160.00        
  1        5               离散机1            41482.11        42462.11        980.00         

工件 2:
  2        0               打印机1            0.00            19041.58        19041.58       
  2        1               批处理机1           19041.58        20125.58        1084.00        
  2        2               离散机4            23454.58        24881.58        1427.00        
  2        3               离散机2            41659.11        42564.11        905.00         

工件 3:
  3        0               打印机2            0.00            14895.43        14895.43       
  3        1               批处理机1           14895.43        15979.43        1084.00        
  3        2               离散机5            17520.43        19150.43        1630.00        
  3        3               离散机3            19150.43        20061.43        911.00         
  3        4               离散机2            21152.58        22065.58        913.00         
  3        5               离散机5            22065.58        23357.58        1292.00        
  3        6               离散机5            24567.58        26286.58        1719.00        
  3        7               离散机2            26942.58        28070.58        1128.00        
  3        8               离散机2            28070.58        28988.58        918.00         

工件 4:
  4        0               打印机3            0.00            28602.11        28602.11       
  4        1               批处理机1           28602.11        29686.11        1084.00        
  4        2               离散机2            29686.11        30669.11        983.00         
  4        3               离散机3            30948.11        32315.11        1367.00        
  4        4               离散机3            32315.11        33454.11        1139.00        
  4        5               离散机4            34517.11        35424.11        907.00         
  4        6               离散机3            37204.11        38607.11        1403.00        
  4        7               离散机3            41123.11        42042.11        919.00         
  4        8               离散机4            42560.11        43515.11        955.00         
  4        9               离散机4            43515.11        44693.11        1178.00        

工件 5:
  5        0               打印机3            0.00            28602.11        28602.11       
  5        1               批处理机1           28602.11        29686.11        1084.00        
  5        2               离散机2            30669.11        32181.11        1512.00        
  5        3               离散机2            33341.11        35011.11        1670.00        
  5        4               离散机5            35011.11        36010.11        999.00         
  5        5               离散机5            36010.11        37072.11        1062.00        
  5        6               离散机5            39762.11        40662.11        900.00         
  5        7               离散机5            40662.11        41740.11        1078.00        
  5        8               离散机3            43261.11        44529.11        1268.00        

工件 6:
  6        0               打印机2            0.00            14895.43        14895.43       
  6        1               批处理机1           14895.43        15979.43        1084.00        
  6        2               离散机5            15979.43        17520.43        1541.00        
  6        3               离散机1            17520.43        18901.43        1381.00        
  6        4               离散机1            22450.58        24170.58        1720.00        
  6        5               离散机2            25538.58        26942.58        1404.00        
  6        6               离散机5            29751.58        31459.58        1708.00        
  6        7               离散机5            33856.58        34977.58        1121.00        
  6        8               离散机1            42462.11        43921.11        1459.00        

工件 7:
  7        0               打印机1            0.00            19041.58        19041.58       
  7        1               批处理机1           19041.58        20125.58        1084.00        
  7        2               离散机3            21425.58        22524.58        1099.00        
  7        3               离散机1            24170.58        25626.58        1456.00        
  7        4               离散机1            25626.58        26901.58        1275.00        
  7        5               离散机4            27498.58        29012.58        1514.00        
  7        6               离散机5            32814.58        33856.58        1042.00        
  7        7               离散机3            33856.58        35129.58        1273.00        
  7        8               离散机1            40407.11        41482.11        1075.00        

工件 8:
  8        0               打印机2            0.00            14895.43        14895.43       
  8        1               批处理机1           14895.43        15979.43        1084.00        
  8        2               离散机2            15979.43        17581.43        1602.00        
  8        3               离散机1            18901.43        19945.43        1044.00        
  8        4               离散机3            25860.58        27416.58        1556.00        
  8        5               离散机5            31459.58        32814.58        1355.00        
  8        6               离散机5            38236.11        39762.11        1526.00        
  8        7               离散机3            39970.11        41123.11        1153.00        
  8        8               离散机2            42564.11        44113.11        1549.00        

工件 9:
  9        0               打印机3            0.00            28602.11        28602.11       
  9        1               批处理机1           28602.11        29686.11        1084.00        
  9        2               离散机2            35011.11        36291.11        1280.00        
  9        3               离散机3            36291.11        37204.11        913.00         
  9        4               离散机1            38094.11        39439.11        1345.00        
  9        5               离散机1            39439.11        40407.11        968.00         

工件 10:
  10       0               打印机1            0.00            19041.58        19041.58       
  10       1               批处理机1           19041.58        20125.58        1084.00        
  10       2               离散机2            20125.58        21152.58        1027.00        
  10       3               离散机4            21152.58        22321.58        1169.00        
  10       4               离散机2            23010.58        24184.58        1174.00        
  10       5               离散机5            26286.58        27408.58        1122.00        
  10       6               离散机1            35370.11        36271.11        901.00         

工件 11:
  11       0               打印机3            0.00            28602.11        28602.11       
  11       1               批处理机1           28602.11        29686.11        1084.00        
  11       2               离散机4            29686.11        30632.11        946.00         
  11       3               离散机4            30632.11        31878.11        1246.00        
  11       4               离散机4            31878.11        33559.11        1681.00        
  11       5               离散机4            39037.11        40576.11        1539.00        

工件 12:
  12       0               打印机3            0.00            28602.11        28602.11       
  12       1               批处理机1           28602.11        29686.11        1084.00        
  12       2               离散机3            29686.11        30948.11        1262.00        
  12       3               离散机2            32181.11        33341.11        1160.00        
  12       4               离散机4            35424.11        36420.11        996.00         
  12       5               离散机1            36420.11        38094.11        1674.00        
  12       6               离散机3            38607.11        39970.11        1363.00        
  12       7               离散机5            42757.11        43913.11        1156.00        

工件 13:
  13       0               打印机1            0.00            19041.58        19041.58       
  13       1               批处理机1           19041.58        20125.58        1084.00        
  13       2               离散机4            20125.58        21138.58        1013.00        
  13       3               离散机1            21138.58        22450.58        1312.00        
  13       4               离散机4            22450.58        23454.58        1004.00        
  13       5               离散机5            23454.58        24567.58        1113.00        
  13       6               离散机4            24881.58        26567.58        1686.00        
  13       7               离散机1            26901.58        28043.58        1142.00        
  13       8               离散机4            33559.11        34517.11        958.00         
  13       9               离散机5            41740.11        42757.11        1017.00        

工件 14:
  14       0               打印机1            0.00            19041.58        19041.58       
  14       1               批处理机1           19041.58        20125.58        1084.00        
  14       2               离散机3            20125.58        21425.58        1300.00        
  14       3               离散机3            24210.58        25860.58        1650.00        
  14       4               离散机4            26567.58        27498.58        931.00         
  14       5               离散机1            28043.58        29582.58        1539.00        

工件 15:
  15       0               打印机1            0.00            19041.58        19041.58       
  15       1               批处理机1           19041.58        20125.58        1084.00        
  15       2               离散机3            22524.58        24210.58        1686.00        
  15       3               离散机2            24210.58        25538.58        1328.00        
  15       4               离散机3            28586.58        29547.58        961.00         
  15       5               离散机5            37072.11        38236.11        1164.00        
  15       6               离散机2            38603.11        39608.11        1005.00        
  15       7               离散机3            42042.11        43261.11        1219.00        

工件 16:
  16       0               打印机3            0.00            28602.11        28602.11       
  16       1               批处理机1           28602.11        29686.11        1084.00        
  16       2               离散机1            30682.11        31669.11        987.00         
  16       3               离散机1            32584.11        33908.11        1324.00        
  16       4               离散机2            37535.11        38603.11        1068.00        

工件 17:
  17       0               打印机2            0.00            14895.43        14895.43       
  17       1               批处理机1           14895.43        15979.43        1084.00        
  17       2               离散机3            15979.43        17728.43        1749.00        
  17       3               离散机2            17728.43        19278.43        1550.00        
  17       4               离散机1            19945.43        21107.43        1162.00        
  17       5               离散机5            28590.58        29751.58        1161.00        
  17       6               离散机1            33908.11        35370.11        1462.00        
  17       7               离散机2            39608.11        40617.11        1009.00        
  17       8               离散机4            41561.11        42560.11        999.00         

工件 18:
  18       0               打印机1            0.00            19041.58        19041.58       
  18       1               批处理机1           19041.58        20125.58        1084.00        
  18       2               离散机3            27416.58        28586.58        1170.00        

工件 19:
  19       0               打印机3            0.00            28602.11        28602.11       
  19       1               批处理机1           28602.11        29686.11        1084.00        
  19       2               离散机1            29686.11        30682.11        996.00         
  19       3               离散机2            36291.11        37535.11        1244.00        
  19       4               离散机4            37965.11        39037.11        1072.00        
  19       5               离散机2            40617.11        41659.11        1042.00        
  19       6               离散机2            44113.11        45101.11        988.00         

【机器加工顺序记录】
----------------------------------------------------------------------------------------------------

打印机1:
工件号      工序号             开始时间            结束时间            加工时长           
--------------------------------------------------------------------------------
  1        0               0.00            19041.58        19041.58       
  2        0               0.00            19041.58        19041.58       
  7        0               0.00            19041.58        19041.58       
  10       0               0.00            19041.58        19041.58       
  13       0               0.00            19041.58        19041.58       
  14       0               0.00            19041.58        19041.58       
  15       0               0.00            19041.58        19041.58       
  18       0               0.00            19041.58        19041.58       

  机器利用率: 337.76% (忙碌时间: 152332.60 / 总时间: 45101.11)

打印机2:
工件号      工序号             开始时间            结束时间            加工时长           
--------------------------------------------------------------------------------
  0        0               0.00            14895.43        14895.43       
  3        0               0.00            14895.43        14895.43       
  6        0               0.00            14895.43        14895.43       
  8        0               0.00            14895.43        14895.43       
  17       0               0.00            14895.43        14895.43       

  机器利用率: 165.13% (忙碌时间: 74477.14 / 总时间: 45101.11)

打印机3:
工件号      工序号             开始时间            结束时间            加工时长           
--------------------------------------------------------------------------------
  4        0               0.00            28602.11        28602.11       
  5        0               0.00            28602.11        28602.11       
  9        0               0.00            28602.11        28602.11       
  11       0               0.00            28602.11        28602.11       
  12       0               0.00            28602.11        28602.11       
  16       0               0.00            28602.11        28602.11       
  19       0               0.00            28602.11        28602.11       

  机器利用率: 443.92% (忙碌时间: 200214.76 / 总时间: 45101.11)

批处理机1:
工件号      工序号             开始时间            结束时间            加工时长           
--------------------------------------------------------------------------------
  0        1               14895.43        15979.43        1084.00        
  3        1               14895.43        15979.43        1084.00        
  6        1               14895.43        15979.43        1084.00        
  8        1               14895.43        15979.43        1084.00        
  17       1               14895.43        15979.43        1084.00        
  1        1               19041.58        20125.58        1084.00        
  2        1               19041.58        20125.58        1084.00        
  7        1               19041.58        20125.58        1084.00        
  10       1               19041.58        20125.58        1084.00        
  13       1               19041.58        20125.58        1084.00        
  14       1               19041.58        20125.58        1084.00        
  15       1               19041.58        20125.58        1084.00        
  18       1               19041.58        20125.58        1084.00        
  4        1               28602.11        29686.11        1084.00        
  5        1               28602.11        29686.11        1084.00        
  9        1               28602.11        29686.11        1084.00        
  11       1               28602.11        29686.11        1084.00        
  12       1               28602.11        29686.11        1084.00        
  16       1               28602.11        29686.11        1084.00        
  19       1               28602.11        29686.11        1084.00        

  机器利用率: 48.07% (忙碌时间: 21680.00 / 总时间: 45101.11)

批处理机2:
工件号      工序号             开始时间            结束时间            加工时长           
--------------------------------------------------------------------------------

  机器利用率: 0.00% (忙碌时间: 0.00 / 总时间: 45101.11)

离散机1:
工件号      工序号             开始时间            结束时间            加工时长           
--------------------------------------------------------------------------------
  6        3               17520.43        18901.43        1381.00        
  8        3               18901.43        19945.43        1044.00        
  17       4               19945.43        21107.43        1162.00        
  13       3               21138.58        22450.58        1312.00        
  6        4               22450.58        24170.58        1720.00        
  7        3               24170.58        25626.58        1456.00        
  7        4               25626.58        26901.58        1275.00        
  13       7               26901.58        28043.58        1142.00        
  14       5               28043.58        29582.58        1539.00        
  19       2               29686.11        30682.11        996.00         
  16       2               30682.11        31669.11        987.00         
  1        3               31669.11        32584.11        915.00         
  16       3               32584.11        33908.11        1324.00        
  17       6               33908.11        35370.11        1462.00        
  10       6               35370.11        36271.11        901.00         
  12       5               36420.11        38094.11        1674.00        
  9        4               38094.11        39439.11        1345.00        
  9        5               39439.11        40407.11        968.00         
  7        8               40407.11        41482.11        1075.00        
  1        5               41482.11        42462.11        980.00         
  6        8               42462.11        43921.11        1459.00        

  机器利用率: 57.91% (忙碌时间: 26117.00 / 总时间: 45101.11)

离散机2:
工件号      工序号             开始时间            结束时间            加工时长           
--------------------------------------------------------------------------------
  8        2               15979.43        17581.43        1602.00        
  17       3               17728.43        19278.43        1550.00        
  10       2               20125.58        21152.58        1027.00        
  3        4               21152.58        22065.58        913.00         
  1        2               22065.58        23010.58        945.00         
  10       4               23010.58        24184.58        1174.00        
  15       3               24210.58        25538.58        1328.00        
  6        5               25538.58        26942.58        1404.00        
  3        7               26942.58        28070.58        1128.00        
  3        8               28070.58        28988.58        918.00         
  4        2               29686.11        30669.11        983.00         
  5        2               30669.11        32181.11        1512.00        
  12       3               32181.11        33341.11        1160.00        
  5        3               33341.11        35011.11        1670.00        
  9        2               35011.11        36291.11        1280.00        
  19       3               36291.11        37535.11        1244.00        
  16       4               37535.11        38603.11        1068.00        
  15       6               38603.11        39608.11        1005.00        
  17       7               39608.11        40617.11        1009.00        
  19       5               40617.11        41659.11        1042.00        
  2        3               41659.11        42564.11        905.00         
  8        8               42564.11        44113.11        1549.00        
  19       6               44113.11        45101.11        988.00         

  机器利用率: 60.76% (忙碌时间: 27404.00 / 总时间: 45101.11)

离散机3:
工件号      工序号             开始时间            结束时间            加工时长           
--------------------------------------------------------------------------------
  17       2               15979.43        17728.43        1749.00        
  3        3               19150.43        20061.43        911.00         
  14       2               20125.58        21425.58        1300.00        
  7        2               21425.58        22524.58        1099.00        
  15       2               22524.58        24210.58        1686.00        
  14       3               24210.58        25860.58        1650.00        
  8        4               25860.58        27416.58        1556.00        
  18       2               27416.58        28586.58        1170.00        
  15       4               28586.58        29547.58        961.00         
  12       2               29686.11        30948.11        1262.00        
  4        3               30948.11        32315.11        1367.00        
  4        4               32315.11        33454.11        1139.00        
  7        7               33856.58        35129.58        1273.00        
  1        4               35129.58        36289.58        1160.00        
  9        3               36291.11        37204.11        913.00         
  4        6               37204.11        38607.11        1403.00        
  12       6               38607.11        39970.11        1363.00        
  8        7               39970.11        41123.11        1153.00        
  4        7               41123.11        42042.11        919.00         
  15       7               42042.11        43261.11        1219.00        
  5        8               43261.11        44529.11        1268.00        

  机器利用率: 58.80% (忙碌时间: 26521.00 / 总时间: 45101.11)

离散机4:
工件号      工序号             开始时间            结束时间            加工时长           
--------------------------------------------------------------------------------
  0        2               15979.43        17327.43        1348.00        
  13       2               20125.58        21138.58        1013.00        
  10       3               21152.58        22321.58        1169.00        
  13       4               22450.58        23454.58        1004.00        
  2        2               23454.58        24881.58        1427.00        
  13       6               24881.58        26567.58        1686.00        
  14       4               26567.58        27498.58        931.00         
  7        5               27498.58        29012.58        1514.00        
  11       2               29686.11        30632.11        946.00         
  11       3               30632.11        31878.11        1246.00        
  11       4               31878.11        33559.11        1681.00        
  13       8               33559.11        34517.11        958.00         
  4        5               34517.11        35424.11        907.00         
  12       4               35424.11        36420.11        996.00         
  0        6               36420.11        37965.11        1545.00        
  19       4               37965.11        39037.11        1072.00        
  11       5               39037.11        40576.11        1539.00        
  0        7               40576.11        41561.11        985.00         
  17       8               41561.11        42560.11        999.00         
  4        8               42560.11        43515.11        955.00         
  4        9               43515.11        44693.11        1178.00        

  机器利用率: 55.65% (忙碌时间: 25099.00 / 总时间: 45101.11)

离散机5:
工件号      工序号             开始时间            结束时间            加工时长           
--------------------------------------------------------------------------------
  6        2               15979.43        17520.43        1541.00        
  3        2               17520.43        19150.43        1630.00        
  0        3               19150.43        20792.43        1642.00        
  0        4               20792.43        22045.43        1253.00        
  3        5               22065.58        23357.58        1292.00        
  13       5               23454.58        24567.58        1113.00        
  3        6               24567.58        26286.58        1719.00        
  10       5               26286.58        27408.58        1122.00        
  0        5               27408.58        28590.58        1182.00        
  17       5               28590.58        29751.58        1161.00        
  6        6               29751.58        31459.58        1708.00        
  8        5               31459.58        32814.58        1355.00        
  7        6               32814.58        33856.58        1042.00        
  6        7               33856.58        34977.58        1121.00        
  5        4               35011.11        36010.11        999.00         
  5        5               36010.11        37072.11        1062.00        
  15       5               37072.11        38236.11        1164.00        
  8        6               38236.11        39762.11        1526.00        
  5        6               39762.11        40662.11        900.00         
  5        7               40662.11        41740.11        1078.00        
  13       9               41740.11        42757.11        1017.00        
  12       7               42757.11        43913.11        1156.00        

  机器利用率: 61.60% (忙碌时间: 27783.00 / 总时间: 45101.11)

【打印批次详细信息】
----------------------------------------------------------------------------------------------------

打印机 1 (尺寸: 947.0 x 563.0 x 569.0):
--------------------------------------------------------------------------------
  批次 1: 零件数=8, 占用率=88.53%
    - 1: 尺寸 605.0 x 328.0 x 110.0
    - 14: 尺寸 327.0 x 125.0 x 26.0
    - 10: 尺寸 239.0 x 93.0 x 68.0
    - 18: 尺寸 93.0 x 158.0 x 56.0
    - 7: 尺寸 248.0 x 292.0 x 80.0
    - 2: 尺寸 85.0 x 123.0 x 96.0
    - 13: 尺寸 433.0 x 219.0 x 93.0
    - 15: 尺寸 102.0 x 177.0 x 59.0

打印机 2 (尺寸: 870.0 x 568.0 x 567.0):
--------------------------------------------------------------------------------
  批次 1: 零件数=5, 占用率=57.38%
    - 17: 尺寸 175.0 x 117.0 x 29.0
    - 3: 尺寸 390.0 x 222.0 x 11.0
    - 6: 尺寸 290.0 x 255.0 x 34.0
    - 8: 尺寸 99.0 x 126.0 x 12.0
    - 0: 尺寸 421.0 x 214.0 x 34.0

打印机 3 (尺寸: 1192.0 x 557.0 x 575.0):
--------------------------------------------------------------------------------
  批次 1: 零件数=7, 占用率=53.06%
    - 16: 尺寸 55.0 x 139.0 x 75.0
    - 5: 尺寸 170.0 x 53.0 x 48.0
    - 12: 尺寸 484.0 x 296.0 x 69.0
    - 9: 尺寸 328.0 x 354.0 x 185.0
    - 19: 尺寸 77.0 x 123.0 x 187.0
    - 11: 尺寸 70.0 x 186.0 x 154.0
    - 4: 尺寸 210.0 x 256.0 x 195.0

════════════════════════════════════════════════════════════════
