════════════════════════════════════════════════════════════════
              Pareto前沿解集详细数据
════════════════════════════════════════════════════════════════

算例: J20P3B2D5_04
算法: NSGAII-Basic
运行次数: 4
解的数量: 16

----------------------------------------------------------------------------------------------------
序号       Cmax                 能耗(kWh)              装箱质量            批次数       
----------------------------------------------------------------------------------------------------
1        59490.67             293.13               0.6640          2         
2        53044.67             300.43               0.2328          3         
3        55500.67             299.87               0.1551          3         
4        55692.67             297.01               0.0571          3         
5        56936.67             296.73               0.0571          3         
6        53314.27             300.33               0.2328          3         
7        57873.67             294.72               0.6640          2         
8        58257.67             293.28               0.6640          2         
9        59438.67             293.14               0.6640          2         
10       55997.67             296.83               0.1257          3         
11       57970.67             294.26               0.6640          2         
12       58001.67             294.15               0.6640          2         
13       58099.67             293.80               0.6640          2         
14       58217.67             293.50               0.6640          2         
15       58110.67             293.60               0.6640          2         
16       58116.67             293.57               0.6640          2         
----------------------------------------------------------------------------------------------------

统计信息:
  Cmax范围: [53044.67, 59490.67]
  能耗范围: [293.13, 300.43] kWh
  Cmax跨度: 6446.00 (10.84%)
  能耗跨度: 7.30 (2.43%)

════════════════════════════════════════════════════════════════
