================================================================================
                          实验结果报告
================================================================================
实验配置: ALNS - 自适应大邻域搜索
算例名称: 2M20J-03
实验次数: 第 7 次
实验时间: 2026-02-06 12:17:34

【算法参数】
  最大迭代次数: 1000000000
  种群规模: 0
  变异率: 0.0
  交叉率: 0.0

================================================================================
                          最终实验结果
================================================================================
最优Cmax: 130050.00
运行时间: 300002 ms (300.00 秒)
迭代次数: 42666

【收敛曲线数据】
迭代次数	Cmax
1	160147.00
51	144475.50
101	141686.70
151	139254.00
201	136422.00
251	136422.00
301	136422.00
351	136422.00
401	136422.00
451	136422.00
501	136422.00
551	134540.40
601	131230.00
651	131230.00
701	131230.00
751	131230.00
801	131230.00
851	131230.00
901	131230.00
951	131230.00
1001	131230.00
1051	131230.00
1101	131230.00
1151	131230.00
1201	131230.00
1251	131230.00
1301	131230.00
1351	131230.00
1401	131230.00
1451	131230.00
1501	131230.00
1551	131230.00
1601	131230.00
1651	131230.00
1701	131230.00
1751	131230.00
1801	131230.00
1851	131230.00
1901	131230.00
1951	131230.00
2001	131230.00
2051	131230.00
2101	131230.00
2151	131230.00
2201	131230.00
2251	131230.00
2301	131230.00
2351	131230.00
2401	131230.00
2451	131230.00
2501	131230.00
2551	131230.00
2601	131230.00
2651	131230.00
2701	131230.00
2751	131230.00
2801	131230.00
2851	131230.00
2901	131230.00
2951	131230.00
3001	131230.00
3051	131230.00
3101	131230.00
3151	131230.00
3201	131230.00
3251	131230.00
3301	131230.00
3351	131230.00
3401	131230.00
3451	131230.00
3501	131230.00
3551	131230.00
3601	131230.00
3651	131230.00
3701	131230.00
3751	131230.00
3801	131230.00
3851	131230.00
3901	131230.00
3951	131230.00
4001	131230.00
4051	131230.00
4101	131230.00
4151	131230.00
4201	131230.00
4251	131230.00
4301	131230.00
4351	131230.00
4401	131230.00
4451	131230.00
4501	131230.00
4551	131230.00
4601	131230.00
4651	131230.00
4701	131230.00
4751	131230.00
4801	131230.00
4851	131230.00
4901	131230.00
4951	131230.00
5001	131230.00
5051	131230.00
5101	131230.00
5151	131230.00
5201	131230.00
5251	131230.00
5301	131230.00
5351	131230.00
5401	131230.00
5451	131230.00
5501	131230.00
5551	131230.00
5601	131230.00
5651	131230.00
5701	131230.00
5751	131230.00
5801	131230.00
5851	131230.00
5901	131230.00
5951	131230.00
6001	131230.00
6051	131230.00
6101	131230.00
6151	131230.00
6201	131230.00
6251	131230.00
6301	131230.00
6351	131230.00
6401	131230.00
6451	131230.00
6501	131230.00
6551	131230.00
6601	131230.00
6651	131230.00
6701	131230.00
6751	131230.00
6801	131230.00
6851	131230.00
6901	131230.00
6951	131230.00
7001	131230.00
7051	131230.00
7101	131230.00
7151	131230.00
7201	131230.00
7251	131230.00
7301	131230.00
7351	131104.20
7401	131104.20
7451	131104.20
7501	131104.20
7551	131104.20
7601	131104.20
7651	131104.20
7701	131104.20
7751	131104.20
7801	131104.20
7851	131104.20
7901	131104.20
7951	131104.20
8001	131104.20
8051	131104.20
8101	131104.20
8151	131104.20
8201	131104.20
8251	131104.20
8301	131104.20
8351	131104.20
8401	131104.20
8451	131104.20
8501	131104.20
8551	131104.20
8601	131104.20
8651	131104.20
8701	131104.20
8751	131104.20
8801	131104.20
8851	131104.20
8901	131104.20
8951	131104.20
9001	131104.20
9051	131104.20
9101	131104.20
9151	131104.20
9201	131104.20
9251	131104.20
9301	131104.20
9351	131104.20
9401	131104.20
9451	131104.20
9501	131104.20
9551	131104.20
9601	131104.20
9651	131104.20
9701	131104.20
9751	131104.20
9801	131104.20
9851	131104.20
9901	130050.00
9951	130050.00
10001	130050.00
10051	130050.00
10101	130050.00
10151	130050.00
10201	130050.00
10251	130050.00
10301	130050.00
10351	130050.00
10401	130050.00
10451	130050.00
10501	130050.00
10551	130050.00
10601	130050.00
10651	130050.00
10701	130050.00
10751	130050.00
10801	130050.00
10851	130050.00
10901	130050.00
10951	130050.00
11001	130050.00
11051	130050.00
11101	130050.00
11151	130050.00
11201	130050.00
11251	130050.00
11301	130050.00
11351	130050.00
11401	130050.00
11451	130050.00
11501	130050.00
11551	130050.00
11601	130050.00
11651	130050.00
11701	130050.00
11751	130050.00
11801	130050.00
11851	130050.00
11901	130050.00
11951	130050.00
12001	130050.00
12051	130050.00
12101	130050.00
12151	130050.00
12201	130050.00
12251	130050.00
12301	130050.00
12351	130050.00
12401	130050.00
12451	130050.00
12501	130050.00
12551	130050.00
12601	130050.00
12651	130050.00
12701	130050.00
12751	130050.00
12801	130050.00
12851	130050.00
12901	130050.00
12951	130050.00
13001	130050.00
13051	130050.00
13101	130050.00
13151	130050.00
13201	130050.00
13251	130050.00
13301	130050.00
13351	130050.00
13401	130050.00
13451	130050.00
13501	130050.00
13551	130050.00
13601	130050.00
13651	130050.00
13701	130050.00
13751	130050.00
13801	130050.00
13851	130050.00
13901	130050.00
13951	130050.00
14001	130050.00
14051	130050.00
14101	130050.00
14151	130050.00
14201	130050.00
14251	130050.00
14301	130050.00
14351	130050.00
14401	130050.00
14451	130050.00
14501	130050.00
14551	130050.00
14601	130050.00
14651	130050.00
14701	130050.00
14751	130050.00
14801	130050.00
14851	130050.00
14901	130050.00
14951	130050.00
15001	130050.00
15051	130050.00
15101	130050.00
15151	130050.00
15201	130050.00
15251	130050.00
15301	130050.00
15351	130050.00
15401	130050.00
15451	130050.00
15501	130050.00
15551	130050.00
15601	130050.00
15651	130050.00
15701	130050.00
15751	130050.00
15801	130050.00
15851	130050.00
15901	130050.00
15951	130050.00
16001	130050.00
16051	130050.00
16101	130050.00
16151	130050.00
16201	130050.00
16251	130050.00
16301	130050.00
16351	130050.00
16401	130050.00
16451	130050.00
16501	130050.00
16551	130050.00
16601	130050.00
16651	130050.00
16701	130050.00
16751	130050.00
16801	130050.00
16851	130050.00
16901	130050.00
16951	130050.00
17001	130050.00
17051	130050.00
17101	130050.00
17151	130050.00
17201	130050.00
17251	130050.00
17301	130050.00
17351	130050.00
17401	130050.00
17451	130050.00
17501	130050.00
17551	130050.00
17601	130050.00
17651	130050.00
17701	130050.00
17751	130050.00
17801	130050.00
17851	130050.00
17901	130050.00
17951	130050.00
18001	130050.00
18051	130050.00
18101	130050.00
18151	130050.00
18201	130050.00
18251	130050.00
18301	130050.00
18351	130050.00
18401	130050.00
18451	130050.00
18501	130050.00
18551	130050.00
18601	130050.00
18651	130050.00
18701	130050.00
18751	130050.00
18801	130050.00
18851	130050.00
18901	130050.00
18951	130050.00
19001	130050.00
19051	130050.00
19101	130050.00
19151	130050.00
19201	130050.00
19251	130050.00
19301	130050.00
19351	130050.00
19401	130050.00
19451	130050.00
19501	130050.00
19551	130050.00
19601	130050.00
19651	130050.00
19701	130050.00
19751	130050.00
19801	130050.00
19851	130050.00
19901	130050.00
19951	130050.00
20001	130050.00
20051	130050.00
20101	130050.00
20151	130050.00
20201	130050.00
20251	130050.00
20301	130050.00
20351	130050.00
20401	130050.00
20451	130050.00
20501	130050.00
20551	130050.00
20601	130050.00
20651	130050.00
20701	130050.00
20751	130050.00
20801	130050.00
20851	130050.00
20901	130050.00
20951	130050.00
21001	130050.00
21051	130050.00
21101	130050.00
21151	130050.00
21201	130050.00
21251	130050.00
21301	130050.00
21351	130050.00
21401	130050.00
21451	130050.00
21501	130050.00
21551	130050.00
21601	130050.00
21651	130050.00
21701	130050.00
21751	130050.00
21801	130050.00
21851	130050.00
21901	130050.00
21951	130050.00
22001	130050.00
22051	130050.00
22101	130050.00
22151	130050.00
22201	130050.00
22251	130050.00
22301	130050.00
22351	130050.00
22401	130050.00
22451	130050.00
22501	130050.00
22551	130050.00
22601	130050.00
22651	130050.00
22701	130050.00
22751	130050.00
22801	130050.00
22851	130050.00
22901	130050.00
22951	130050.00
23001	130050.00
23051	130050.00
23101	130050.00
23151	130050.00
23201	130050.00
23251	130050.00
23301	130050.00
23351	130050.00
23401	130050.00
23451	130050.00
23501	130050.00
23551	130050.00
23601	130050.00
23651	130050.00
23701	130050.00
23751	130050.00
23801	130050.00
23851	130050.00
23901	130050.00
23951	130050.00
24001	130050.00
24051	130050.00
24101	130050.00
24151	130050.00
24201	130050.00
24251	130050.00
24301	130050.00
24351	130050.00
24401	130050.00
24451	130050.00
24501	130050.00
24551	130050.00
24601	130050.00
24651	130050.00
24701	130050.00
24751	130050.00
24801	130050.00
24851	130050.00
24901	130050.00
24951	130050.00
25001	130050.00
25051	130050.00
25101	130050.00
25151	130050.00
25201	130050.00
25251	130050.00
25301	130050.00
25351	130050.00
25401	130050.00
25451	130050.00
25501	130050.00
25551	130050.00
25601	130050.00
25651	130050.00
25701	130050.00
25751	130050.00
25801	130050.00
25851	130050.00
25901	130050.00
25951	130050.00
26001	130050.00
26051	130050.00
26101	130050.00
26151	130050.00
26201	130050.00
26251	130050.00
26301	130050.00
26351	130050.00
26401	130050.00
26451	130050.00
26501	130050.00
26551	130050.00
26601	130050.00
26651	130050.00
26701	130050.00
26751	130050.00
26801	130050.00
26851	130050.00
26901	130050.00
26951	130050.00
27001	130050.00
27051	130050.00
27101	130050.00
27151	130050.00
27201	130050.00
27251	130050.00
27301	130050.00
27351	130050.00
27401	130050.00
27451	130050.00
27501	130050.00
27551	130050.00
27601	130050.00
27651	130050.00
27701	130050.00
27751	130050.00
27801	130050.00
27851	130050.00
27901	130050.00
27951	130050.00
28001	130050.00
28051	130050.00
28101	130050.00
28151	130050.00
28201	130050.00
28251	130050.00
28301	130050.00
28351	130050.00
28401	130050.00
28451	130050.00
28501	130050.00
28551	130050.00
28601	130050.00
28651	130050.00
28701	130050.00
28751	130050.00
28801	130050.00
28851	130050.00
28901	130050.00
28951	130050.00
29001	130050.00
29051	130050.00
29101	130050.00
29151	130050.00
29201	130050.00
29251	130050.00
29301	130050.00
29351	130050.00
29401	130050.00
29451	130050.00
29501	130050.00
29551	130050.00
29601	130050.00
29651	130050.00
29701	130050.00
29751	130050.00
29801	130050.00
29851	130050.00
29901	130050.00
29951	130050.00
30001	130050.00
30051	130050.00
30101	130050.00
30151	130050.00
30201	130050.00
30251	130050.00
30301	130050.00
30351	130050.00
30401	130050.00
30451	130050.00
30501	130050.00
30551	130050.00
30601	130050.00
30651	130050.00
30701	130050.00
30751	130050.00
30801	130050.00
30851	130050.00
30901	130050.00
30951	130050.00
31001	130050.00
31051	130050.00
31101	130050.00
31151	130050.00
31201	130050.00
31251	130050.00
31301	130050.00
31351	130050.00
31401	130050.00
31451	130050.00
31501	130050.00
31551	130050.00
31601	130050.00
31651	130050.00
31701	130050.00
31751	130050.00
31801	130050.00
31851	130050.00
31901	130050.00
31951	130050.00
32001	130050.00
32051	130050.00
32101	130050.00
32151	130050.00
32201	130050.00
32251	130050.00
32301	130050.00
32351	130050.00
32401	130050.00
32451	130050.00
32501	130050.00
32551	130050.00
32601	130050.00
32651	130050.00
32701	130050.00
32751	130050.00
32801	130050.00
32851	130050.00
32901	130050.00
32951	130050.00
33001	130050.00
33051	130050.00
33101	130050.00
33151	130050.00
33201	130050.00
33251	130050.00
33301	130050.00
33351	130050.00
33401	130050.00
33451	130050.00
33501	130050.00
33551	130050.00
33601	130050.00
33651	130050.00
33701	130050.00
33751	130050.00
33801	130050.00
33851	130050.00
33901	130050.00
33951	130050.00
34001	130050.00
34051	130050.00
34101	130050.00
34151	130050.00
34201	130050.00
34251	130050.00
34301	130050.00
34351	130050.00
34401	130050.00
34451	130050.00
34501	130050.00
34551	130050.00
34601	130050.00
34651	130050.00
34701	130050.00
34751	130050.00
34801	130050.00
34851	130050.00
34901	130050.00
34951	130050.00
35001	130050.00
35051	130050.00
35101	130050.00
35151	130050.00
35201	130050.00
35251	130050.00
35301	130050.00
35351	130050.00
35401	130050.00
35451	130050.00
35501	130050.00
35551	130050.00
35601	130050.00
35651	130050.00
35701	130050.00
35751	130050.00
35801	130050.00
35851	130050.00
35901	130050.00
35951	130050.00
36001	130050.00
36051	130050.00
36101	130050.00
36151	130050.00
36201	130050.00
36251	130050.00
36301	130050.00
36351	130050.00
36401	130050.00
36451	130050.00
36501	130050.00
36551	130050.00
36601	130050.00
36651	130050.00
36701	130050.00
36751	130050.00
36801	130050.00
36851	130050.00
36901	130050.00
36951	130050.00
37001	130050.00
37051	130050.00
37101	130050.00
37151	130050.00
37201	130050.00
37251	130050.00
37301	130050.00
37351	130050.00
37401	130050.00
37451	130050.00
37501	130050.00
37551	130050.00
37601	130050.00
37651	130050.00
37701	130050.00
37751	130050.00
37801	130050.00
37851	130050.00
37901	130050.00
37951	130050.00
38001	130050.00
38051	130050.00
38101	130050.00
38151	130050.00
38201	130050.00
38251	130050.00
38301	130050.00
38351	130050.00
38401	130050.00
38451	130050.00
38501	130050.00
38551	130050.00
38601	130050.00
38651	130050.00
38701	130050.00
38751	130050.00
38801	130050.00
38851	130050.00
38901	130050.00
38951	130050.00
39001	130050.00
39051	130050.00
39101	130050.00
39151	130050.00
39201	130050.00
39251	130050.00
39301	130050.00
39351	130050.00
39401	130050.00
39451	130050.00
39501	130050.00
39551	130050.00
39601	130050.00
39651	130050.00
39701	130050.00
39751	130050.00
39801	130050.00
39851	130050.00
39901	130050.00
39951	130050.00
40001	130050.00
40051	130050.00
40101	130050.00
40151	130050.00
40201	130050.00
40251	130050.00
40301	130050.00
40351	130050.00
40401	130050.00
40451	130050.00
40501	130050.00
40551	130050.00
40601	130050.00
40651	130050.00
40701	130050.00
40751	130050.00
40801	130050.00
40851	130050.00
40901	130050.00
40951	130050.00
41001	130050.00
41051	130050.00
41101	130050.00
41151	130050.00
41201	130050.00
41251	130050.00
41301	130050.00
41351	130050.00
41401	130050.00
41451	130050.00
41501	130050.00
41551	130050.00
41601	130050.00
41651	130050.00
41701	130050.00
41751	130050.00
41801	130050.00
41851	130050.00
41901	130050.00
41951	130050.00
42001	130050.00
42051	130050.00
42101	130050.00
42151	130050.00
42201	130050.00
42251	130050.00
42301	130050.00
42351	130050.00
42401	130050.00
42451	130050.00
42501	130050.00
42551	130050.00
42601	130050.00
42651	130050.00
42666	130050.00

✓ 迭代数据已保存: 迭代数据.csv

【批次分布数据】
机器编号	批次数量	总加工时间	利用率(%)
1	2	130050.00	100.00%
2	2	129859.20	99.85%

✓ 批次分布数据已保存: 批次分布数据.csv

【生成可视化图表】
✓ 迭代曲线图已生成: iteration_curve.png
✓ 批次分布图已生成: batch_distribution.png
✓ 甘特图已生成: gantt_chart.png
✓ 批次布局图已生成: 4 张 (machine_*_batch_*_layout.png)

================================================================================
                         实验结果输出完成
================================================================================

实验文件夹: chapter-1/src/main/output/comparison/2M20J-03/ALNS_run7_20260206_121734/
包含文件:
  - 实验报告.txt (本文件)
  - 收敛曲线图.png
  - 甘特图.png
  - 批次布局图_machine*_batch*.png (每个批次独立PNG文件)
