════════════════════════════════════════════════════════════════
              最优Cmax解的详细调度记录
════════════════════════════════════════════════════════════════

【基本信息】
----------------------------------------------------------------------------------------------------
Cmax (最大完工时间): 40596.86
能耗: 198.14 kWh
装箱质量: 0.4968
批次总数: 3
工件数量: 20
机器数量: 10 (打印机:3, 批处理机:2, 离散机:5)

【染色体编码】
----------------------------------------------------------------------------------------------------
工序序列 (OS): [8, 3, 10, 11, 6, 4, 19, 16, 17, 18, 14, 12, 0, 5, 9, 7, 15, 2, 13, 1, 14, 3, 17, 13, 14, 8, 3, 4, 7, 4, 11, 14, 9, 3, 8, 4, 1, 16, 4, 11, 0, 6, 13, 1, 0, 9, 17, 16, 18, 13, 7, 6, 0, 6, 1, 14, 3, 2, 2, 8, 0, 4, 3, 11, 14, 8, 0, 4, 19, 17, 8, 4, 17, 17, 16, 1, 1, 6, 14, 16, 7, 0, 17, 0, 11, 11, 13, 0, 6, 2, 9, 10, 11, 13, 3, 18, 14, 4, 11]
机器选择 (MS): [2, 2, 3, 2, 1, 3, 3, 3, 3, 3, 2, 3, 1, 3, 2, 1, 2, 3, 2, 3, 1, 1, 1, 1, 1, 1, 2, 1, 2, 1, 2, 1, 2, 1, 1, 1, 1, 1, 1, 1, 3, 1, 1, 1, 2, 1, 3, 1, 1, 1, 1, 1, 2, 2, 1, 2, 2, 1, 1, 1, 1, 1, 1, 2, 1, 1, 1, 1, 1, 2, 2, 1, 2, 1, 1, 2, 2, 1, 3, 2, 2, 1, 2, 1, 1, 3, 1, 2, 1, 2, 1, 2, 2, 1, 2, 2, 2, 1, 1]

【零件加工顺序记录】
----------------------------------------------------------------------------------------------------
工件号      工序号             机器号             开始时间            结束时间            加工时长           
----------------------------------------------------------------------------------------------------

工件 0:
  0        0               打印机1            0.00            17846.09        17846.09       
  0        1               批处理机2           17846.09        18941.09        1095.00        
  0        2               离散机1            20537.17        21613.17        1076.00        
  0        3               离散机4            22419.17        23563.17        1144.00        
  0        4               离散机5            23850.17        25202.17        1352.00        
  0        5               离散机4            25202.17        26140.17        938.00         
  0        6               离散机1            26299.17        27364.17        1065.00        
  0        7               离散机2            27747.17        28816.17        1069.00        
  0        8               离散机4            30857.86        31909.86        1052.00        
  0        9               离散机3            35341.86        36534.86        1193.00        

工件 1:
  1        0               打印机3            0.00            28723.86        28723.86       
  1        1               批处理机2           28723.86        29818.86        1095.00        
  1        2               离散机5            29818.86        31079.86        1261.00        
  1        3               离散机1            33885.86        34811.86        926.00         
  1        4               离散机4            34811.86        36022.86        1211.00        
  1        5               离散机4            36022.86        37029.86        1007.00        
  1        6               离散机2            38318.86        39219.86        901.00         

工件 2:
  2        0               打印机3            0.00            28723.86        28723.86       
  2        1               批处理机2           28723.86        29818.86        1095.00        
  2        2               离散机1            34811.86        36403.86        1592.00        
  2        3               离散机1            36403.86        37560.86        1157.00        
  2        4               离散机2            39219.86        40190.86        971.00         

工件 3:
  3        0               打印机2            0.00            16073.17        16073.17       
  3        1               批处理机2           16073.17        17168.17        1095.00        
  3        2               离散机3            17168.17        18743.17        1575.00        
  3        3               离散机4            19431.17        21231.17        1800.00        
  3        4               离散机5            21231.17        22795.17        1564.00        
  3        5               离散机1            23662.17        24688.17        1026.00        
  3        6               离散机4            26140.17        27595.17        1455.00        
  3        7               离散机4            32927.86        34593.86        1666.00        

工件 4:
  4        0               打印机3            0.00            28723.86        28723.86       
  4        1               批处理机2           28723.86        29818.86        1095.00        
  4        2               离散机1            29818.86        31404.86        1586.00        
  4        3               离散机1            31404.86        32598.86        1194.00        
  4        4               离散机3            32598.86        34157.86        1559.00        
  4        5               离散机2            34157.86        35446.86        1289.00        
  4        6               离散机5            35446.86        36874.86        1428.00        
  4        7               离散机5            36874.86        37779.86        905.00         
  4        8               离散机1            37779.86        39181.86        1402.00        
  4        9               离散机1            39181.86        40596.86        1415.00        

工件 5:
  5        0               打印机3            0.00            28723.86        28723.86       
  5        1               批处理机2           28723.86        29818.86        1095.00        

工件 6:
  6        0               打印机1            0.00            17846.09        17846.09       
  6        1               批处理机2           17846.09        18941.09        1095.00        
  6        2               离散机4            21231.17        22419.17        1188.00        
  6        3               离散机1            22419.17        23662.17        1243.00        
  6        4               离散机4            23662.17        25106.17        1444.00        
  6        5               离散机4            27595.17        28834.17        1239.00        
  6        6               离散机3            29485.17        30763.17        1278.00        

工件 7:
  7        0               打印机1            0.00            17846.09        17846.09       
  7        1               批处理机2           17846.09        18941.09        1095.00        
  7        2               离散机3            18941.09        20637.09        1696.00        
  7        3               离散机5            22795.17        23850.17        1055.00        
  7        4               离散机5            26830.17        28267.17        1437.00        

工件 8:
  8        0               打印机2            0.00            16073.17        16073.17       
  8        1               批处理机2           16073.17        17168.17        1095.00        
  8        2               离散机1            18243.17        19472.17        1229.00        
  8        3               离散机2            20146.17        21256.17        1110.00        
  8        4               离散机5            25202.17        26830.17        1628.00        
  8        5               离散机2            26830.17        27747.17        917.00         
  8        6               离散机3            27747.17        29485.17        1738.00        

工件 9:
  9        0               打印机2            0.00            16073.17        16073.17       
  9        1               批处理机2           16073.17        17168.17        1095.00        
  9        2               离散机2            18574.17        20146.17        1572.00        
  9        3               离散机2            21256.17        22629.17        1373.00        
  9        4               离散机3            24182.09        25892.09        1710.00        

工件 10:
  10       0               打印机3            0.00            28723.86        28723.86       
  10       1               批处理机2           28723.86        29818.86        1095.00        
  10       2               离散机4            31909.86        32927.86        1018.00        

工件 11:
  11       0               打印机2            0.00            16073.17        16073.17       
  11       1               批处理机2           16073.17        17168.17        1095.00        
  11       2               离散机2            17168.17        18574.17        1406.00        
  11       3               离散机1            19472.17        20537.17        1065.00        
  11       4               离散机3            21802.09        23184.09        1382.00        
  11       5               离散机3            23184.09        24182.09        998.00         
  11       6               离散机2            24182.09        25401.09        1219.00        
  11       7               离散机3            25892.09        27388.09        1496.00        
  11       8               离散机5            28267.17        29435.17        1168.00        

工件 12:
  12       0               打印机3            0.00            28723.86        28723.86       
  12       1               批处理机2           28723.86        29818.86        1095.00        

工件 13:
  13       0               打印机2            0.00            16073.17        16073.17       
  13       1               批处理机2           16073.17        17168.17        1095.00        
  13       2               离散机1            17168.17        18243.17        1075.00        
  13       3               离散机5            18243.17        19363.17        1120.00        
  13       4               离散机5            19363.17        20673.17        1310.00        
  13       5               离散机1            28585.17        29494.17        909.00         
  13       6               离散机5            34001.86        35027.86        1026.00        

工件 14:
  14       0               打印机2            0.00            16073.17        16073.17       
  14       1               批处理机2           16073.17        17168.17        1095.00        
  14       2               离散机4            17168.17        18525.17        1357.00        
  14       3               离散机4            18525.17        19431.17        906.00         
  14       4               离散机3            20637.09        21802.09        1165.00        
  14       5               离散机2            22629.17        24173.17        1544.00        
  14       6               离散机1            24688.17        26299.17        1611.00        
  14       7               离散机1            27364.17        28585.17        1221.00        
  14       8               离散机3            36534.86        38005.86        1471.00        

工件 15:
  15       0               打印机2            0.00            16073.17        16073.17       
  15       1               批处理机2           16073.17        17168.17        1095.00        

工件 16:
  16       0               打印机3            0.00            28723.86        28723.86       
  16       1               批处理机2           28723.86        29818.86        1095.00        
  16       2               离散机1            32598.86        33885.86        1287.00        
  16       3               离散机3            34157.86        35341.86        1184.00        
  16       4               离散机2            37231.86        38318.86        1087.00        
  16       5               离散机3            38318.86        39569.86        1251.00        

工件 17:
  17       0               打印机3            0.00            28723.86        28723.86       
  17       1               批处理机2           28723.86        29818.86        1095.00        
  17       2               离散机4            29818.86        30857.86        1039.00        
  17       3               离散机3            30857.86        32456.86        1599.00        
  17       4               离散机5            32456.86        34001.86        1545.00        
  17       5               离散机2            35446.86        37231.86        1785.00        
  17       6               离散机5            37779.86        39125.86        1346.00        
  17       7               离散机5            39125.86        40372.86        1247.00        

工件 18:
  18       0               打印机3            0.00            28723.86        28723.86       
  18       1               批处理机2           28723.86        29818.86        1095.00        
  18       2               离散机5            31079.86        32013.86        934.00         
  18       3               离散机2            32013.86        33274.86        1261.00        

工件 19:
  19       0               打印机3            0.00            28723.86        28723.86       
  19       1               批处理机2           28723.86        29818.86        1095.00        
  19       2               离散机2            29818.86        31518.86        1700.00        

【机器加工顺序记录】
----------------------------------------------------------------------------------------------------

打印机1:
工件号      工序号             开始时间            结束时间            加工时长           
--------------------------------------------------------------------------------
  0        0               0.00            17846.09        17846.09       
  6        0               0.00            17846.09        17846.09       
  7        0               0.00            17846.09        17846.09       

  机器利用率: 131.88% (忙碌时间: 53538.27 / 总时间: 40596.86)

打印机2:
工件号      工序号             开始时间            结束时间            加工时长           
--------------------------------------------------------------------------------
  3        0               0.00            16073.17        16073.17       
  8        0               0.00            16073.17        16073.17       
  9        0               0.00            16073.17        16073.17       
  11       0               0.00            16073.17        16073.17       
  13       0               0.00            16073.17        16073.17       
  14       0               0.00            16073.17        16073.17       
  15       0               0.00            16073.17        16073.17       

  机器利用率: 277.15% (忙碌时间: 112512.22 / 总时间: 40596.86)

打印机3:
工件号      工序号             开始时间            结束时间            加工时长           
--------------------------------------------------------------------------------
  1        0               0.00            28723.86        28723.86       
  2        0               0.00            28723.86        28723.86       
  4        0               0.00            28723.86        28723.86       
  5        0               0.00            28723.86        28723.86       
  10       0               0.00            28723.86        28723.86       
  12       0               0.00            28723.86        28723.86       
  16       0               0.00            28723.86        28723.86       
  17       0               0.00            28723.86        28723.86       
  18       0               0.00            28723.86        28723.86       
  19       0               0.00            28723.86        28723.86       

  机器利用率: 707.54% (忙碌时间: 287238.57 / 总时间: 40596.86)

批处理机1:
工件号      工序号             开始时间            结束时间            加工时长           
--------------------------------------------------------------------------------

  机器利用率: 0.00% (忙碌时间: 0.00 / 总时间: 40596.86)

批处理机2:
工件号      工序号             开始时间            结束时间            加工时长           
--------------------------------------------------------------------------------
  3        1               16073.17        17168.17        1095.00        
  8        1               16073.17        17168.17        1095.00        
  9        1               16073.17        17168.17        1095.00        
  11       1               16073.17        17168.17        1095.00        
  13       1               16073.17        17168.17        1095.00        
  14       1               16073.17        17168.17        1095.00        
  15       1               16073.17        17168.17        1095.00        
  0        1               17846.09        18941.09        1095.00        
  6        1               17846.09        18941.09        1095.00        
  7        1               17846.09        18941.09        1095.00        
  1        1               28723.86        29818.86        1095.00        
  2        1               28723.86        29818.86        1095.00        
  4        1               28723.86        29818.86        1095.00        
  5        1               28723.86        29818.86        1095.00        
  10       1               28723.86        29818.86        1095.00        
  12       1               28723.86        29818.86        1095.00        
  16       1               28723.86        29818.86        1095.00        
  17       1               28723.86        29818.86        1095.00        
  18       1               28723.86        29818.86        1095.00        
  19       1               28723.86        29818.86        1095.00        

  机器利用率: 53.95% (忙碌时间: 21900.00 / 总时间: 40596.86)

离散机1:
工件号      工序号             开始时间            结束时间            加工时长           
--------------------------------------------------------------------------------
  13       2               17168.17        18243.17        1075.00        
  8        2               18243.17        19472.17        1229.00        
  11       3               19472.17        20537.17        1065.00        
  0        2               20537.17        21613.17        1076.00        
  6        3               22419.17        23662.17        1243.00        
  3        5               23662.17        24688.17        1026.00        
  14       6               24688.17        26299.17        1611.00        
  0        6               26299.17        27364.17        1065.00        
  14       7               27364.17        28585.17        1221.00        
  13       5               28585.17        29494.17        909.00         
  4        2               29818.86        31404.86        1586.00        
  4        3               31404.86        32598.86        1194.00        
  16       2               32598.86        33885.86        1287.00        
  1        3               33885.86        34811.86        926.00         
  2        2               34811.86        36403.86        1592.00        
  2        3               36403.86        37560.86        1157.00        
  4        8               37779.86        39181.86        1402.00        
  4        9               39181.86        40596.86        1415.00        

  机器利用率: 54.39% (忙碌时间: 22079.00 / 总时间: 40596.86)

离散机2:
工件号      工序号             开始时间            结束时间            加工时长           
--------------------------------------------------------------------------------
  11       2               17168.17        18574.17        1406.00        
  9        2               18574.17        20146.17        1572.00        
  8        3               20146.17        21256.17        1110.00        
  9        3               21256.17        22629.17        1373.00        
  14       5               22629.17        24173.17        1544.00        
  11       6               24182.09        25401.09        1219.00        
  8        5               26830.17        27747.17        917.00         
  0        7               27747.17        28816.17        1069.00        
  19       2               29818.86        31518.86        1700.00        
  18       3               32013.86        33274.86        1261.00        
  4        5               34157.86        35446.86        1289.00        
  17       5               35446.86        37231.86        1785.00        
  16       4               37231.86        38318.86        1087.00        
  1        6               38318.86        39219.86        901.00         
  2        4               39219.86        40190.86        971.00         

  机器利用率: 47.30% (忙碌时间: 19204.00 / 总时间: 40596.86)

离散机3:
工件号      工序号             开始时间            结束时间            加工时长           
--------------------------------------------------------------------------------
  3        2               17168.17        18743.17        1575.00        
  7        2               18941.09        20637.09        1696.00        
  14       4               20637.09        21802.09        1165.00        
  11       4               21802.09        23184.09        1382.00        
  11       5               23184.09        24182.09        998.00         
  9        4               24182.09        25892.09        1710.00        
  11       7               25892.09        27388.09        1496.00        
  8        6               27747.17        29485.17        1738.00        
  6        6               29485.17        30763.17        1278.00        
  17       3               30857.86        32456.86        1599.00        
  4        4               32598.86        34157.86        1559.00        
  16       3               34157.86        35341.86        1184.00        
  0        9               35341.86        36534.86        1193.00        
  14       8               36534.86        38005.86        1471.00        
  16       5               38318.86        39569.86        1251.00        

  机器利用率: 52.45% (忙碌时间: 21295.00 / 总时间: 40596.86)

离散机4:
工件号      工序号             开始时间            结束时间            加工时长           
--------------------------------------------------------------------------------
  14       2               17168.17        18525.17        1357.00        
  14       3               18525.17        19431.17        906.00         
  3        3               19431.17        21231.17        1800.00        
  6        2               21231.17        22419.17        1188.00        
  0        3               22419.17        23563.17        1144.00        
  6        4               23662.17        25106.17        1444.00        
  0        5               25202.17        26140.17        938.00         
  3        6               26140.17        27595.17        1455.00        
  6        5               27595.17        28834.17        1239.00        
  17       2               29818.86        30857.86        1039.00        
  0        8               30857.86        31909.86        1052.00        
  10       2               31909.86        32927.86        1018.00        
  3        7               32927.86        34593.86        1666.00        
  1        4               34811.86        36022.86        1211.00        
  1        5               36022.86        37029.86        1007.00        

  机器利用率: 45.48% (忙碌时间: 18464.00 / 总时间: 40596.86)

离散机5:
工件号      工序号             开始时间            结束时间            加工时长           
--------------------------------------------------------------------------------
  13       3               18243.17        19363.17        1120.00        
  13       4               19363.17        20673.17        1310.00        
  3        4               21231.17        22795.17        1564.00        
  7        3               22795.17        23850.17        1055.00        
  0        4               23850.17        25202.17        1352.00        
  8        4               25202.17        26830.17        1628.00        
  7        4               26830.17        28267.17        1437.00        
  11       8               28267.17        29435.17        1168.00        
  1        2               29818.86        31079.86        1261.00        
  18       2               31079.86        32013.86        934.00         
  17       4               32456.86        34001.86        1545.00        
  13       6               34001.86        35027.86        1026.00        
  4        6               35446.86        36874.86        1428.00        
  4        7               36874.86        37779.86        905.00         
  17       6               37779.86        39125.86        1346.00        
  17       7               39125.86        40372.86        1247.00        

  机器利用率: 50.07% (忙碌时间: 20326.00 / 总时间: 40596.86)

【打印批次详细信息】
----------------------------------------------------------------------------------------------------

打印机 1 (尺寸: 1168.0 x 443.0 x 687.0):
--------------------------------------------------------------------------------
  批次 1: 零件数=3, 占用率=64.98%
    - 6: 尺寸 432.0 x 257.0 x 14.0
    - 0: 尺寸 581.0 x 352.0 x 68.0
    - 7: 尺寸 102.0 x 203.0 x 55.0

打印机 2 (尺寸: 1146.0 x 446.0 x 514.0):
--------------------------------------------------------------------------------
  批次 1: 零件数=7, 占用率=49.68%
    - 8: 尺寸 334.0 x 192.0 x 17.0
    - 3: 尺寸 319.0 x 149.0 x 64.0
    - 9: 尺寸 213.0 x 149.0 x 90.0
    - 11: 尺寸 64.0 x 153.0 x 65.0
    - 14: 尺寸 96.0 x 84.0 x 64.0
    - 15: 尺寸 168.0 x 346.0 x 15.0
    - 13: 尺寸 194.0 x 178.0 x 31.0

打印机 3 (尺寸: 1078.0 x 483.0 x 616.0):
--------------------------------------------------------------------------------
  批次 1: 零件数=10, 占用率=80.10%
    - 10: 尺寸 82.0 x 148.0 x 195.0
    - 4: 尺寸 136.0 x 142.0 x 38.0
    - 19: 尺寸 169.0 x 69.0 x 37.0
    - 2: 尺寸 650.0 x 276.0 x 77.0
    - 16: 尺寸 159.0 x 143.0 x 146.0
    - 17: 尺寸 87.0 x 204.0 x 197.0
    - 18: 尺寸 88.0 x 120.0 x 106.0
    - 5: 尺寸 183.0 x 251.0 x 90.0
    - 12: 尺寸 411.0 x 155.0 x 43.0
    - 1: 尺寸 385.0 x 88.0 x 77.0

════════════════════════════════════════════════════════════════
