════════════════════════════════════════════════════════════════
              最优Cmax解的详细调度记录
════════════════════════════════════════════════════════════════

【基本信息】
----------------------------------------------------------------------------------------------------
Cmax (最大完工时间): 59357.70
能耗: 633.85 kWh
装箱质量: 0.1291
批次总数: 8
工件数量: 50
机器数量: 14 (打印机:4, 批处理机:2, 离散机:8)

【染色体编码】
----------------------------------------------------------------------------------------------------
工序序列 (OS): [41, 20, 10, 6, 4, 48, 31, 24, 44, 9, 46, 38, 8, 37, 0, 11, 25, 17, 22, 16, 27, 43, 30, 42, 15, 7, 47, 13, 29, 26, 23, 3, 49, 45, 18, 40, 32, 1, 33, 14, 21, 19, 12, 2, 35, 36, 34, 5, 39, 28, 43, 16, 34, 48, 16, 2, 40, 40, 1, 49, 36, 30, 36, 18, 1, 45, 36, 42, 42, 43, 5, 27, 16, 14, 7, 6, 6, 2, 9, 44, 19, 22, 10, 7, 36, 13, 15, 47, 17, 1, 45, 38, 2, 20, 38, 23, 32, 25, 39, 49, 1, 11, 47, 42, 25, 36, 2, 9, 12, 11, 46, 45, 11, 20, 44, 42, 14, 44, 22, 26, 14, 45, 7, 14, 41, 30, 38, 23, 22, 42, 36, 48, 2, 23, 16, 26, 22, 9, 46, 46, 23, 44, 44, 7, 6, 23, 48, 46, 9, 30, 18, 6, 47, 11, 23, 13, 36, 40, 42, 35, 11, 34, 13, 2, 20, 11, 28, 47, 46, 44, 38, 48, 42, 27, 45, 49, 30, 44, 39, 27, 43, 41, 7, 6, 7, 9, 43, 11, 34, 27, 20, 46, 40, 0, 9, 15, 13, 19, 20, 33, 48, 26, 1, 22, 45, 43, 11, 38, 44, 15, 39, 34, 35, 2, 14, 1, 14, 25, 27, 6, 42, 49, 43, 43, 47, 23, 18, 48, 30, 16, 9, 30, 15, 49]
机器选择 (MS): [1, 4, 1, 4, 4, 3, 4, 4, 4, 4, 4, 3, 4, 3, 4, 3, 2, 4, 4, 1, 4, 3, 2, 1, 4, 1, 4, 1, 2, 3, 1, 4, 4, 3, 3, 4, 2, 2, 4, 2, 4, 4, 4, 4, 1, 3, 2, 3, 1, 2, 1, 1, 1, 1, 1, 3, 1, 2, 3, 1, 1, 2, 2, 2, 2, 2, 2, 1, 1, 1, 3, 1, 1, 2, 1, 3, 1, 1, 2, 1, 2, 1, 1, 1, 1, 1, 1, 2, 1, 2, 1, 1, 1, 2, 1, 1, 2, 3, 1, 3, 1, 1, 1, 1, 2, 1, 1, 1, 1, 1, 1, 1, 1, 3, 2, 2, 2, 2, 2, 2, 2, 3, 2, 3, 1, 1, 2, 2, 1, 3, 3, 1, 1, 2, 1, 1, 1, 1, 1, 3, 2, 1, 3, 2, 1, 1, 1, 1, 2, 1, 3, 3, 1, 1, 2, 1, 3, 1, 2, 1, 1, 1, 1, 1, 2, 1, 2, 1, 2, 1, 2, 1, 1, 1, 1, 1, 2, 3, 2, 1, 1, 1, 1, 1, 2, 1, 1, 1, 1, 2, 3, 2, 1, 2, 1, 2, 1, 1, 1, 1, 1, 2, 2, 2, 2, 1, 1, 1, 3, 3, 1, 2, 2, 3, 2, 1, 2, 1, 1, 1, 3, 1, 1, 1, 2, 1, 1, 1, 2, 2, 1, 1, 1, 1]

【零件加工顺序记录】
----------------------------------------------------------------------------------------------------
工件号      工序号             机器号             开始时间            结束时间            加工时长           
----------------------------------------------------------------------------------------------------

工件 0:
  0        0               打印机4            0.00            22605.72        22605.72       
  0        1               批处理机2           22605.72        23440.72        835.00         
  0        2               离散机2            43249.00        44473.00        1224.00        

工件 1:
  1        0               打印机2            0.00            48111.70        48111.70       
  1        1               批处理机1           48111.70        49057.70        946.00         
  1        2               离散机5            49057.70        50561.70        1504.00        
  1        3               离散机2            50561.70        52039.70        1478.00        
  1        4               离散机3            52039.70        53809.70        1770.00        
  1        5               离散机8            53809.70        55395.70        1586.00        
  1        6               离散机7            57063.76        58117.76        1054.00        
  1        7               离散机1            58117.76        59051.76        934.00         

工件 2:
  2        0               打印机4            22605.72        33108.00        10502.28       
  2        1               批处理机1           33108.00        34054.00        946.00         
  2        2               离散机6            34054.00        35850.00        1796.00        
  2        3               离散机7            35850.00        36982.00        1132.00        
  2        4               离散机2            36982.00        38284.00        1302.00        
  2        5               离散机7            40004.00        41429.00        1425.00        
  2        6               离散机7            41429.00        42571.00        1142.00        
  2        7               离散机5            42571.00        43973.00        1402.00        
  2        8               离散机5            55410.70        56484.70        1074.00        

工件 3:
  3        0               打印机4            22605.72        33108.00        10502.28       
  3        1               批处理机1           33108.00        34054.00        946.00         

工件 4:
  4        0               打印机4            0.00            22605.72        22605.72       
  4        1               批处理机2           22605.72        23440.72        835.00         

工件 5:
  5        0               打印机3            0.00            30754.78        30754.78       
  5        1               批处理机2           30754.78        31589.78        835.00         
  5        2               离散机8            31589.78        32529.78        940.00         

工件 6:
  6        0               打印机4            0.00            22605.72        22605.72       
  6        1               批处理机2           22605.72        23440.72        835.00         
  6        2               离散机5            23440.72        24651.72        1211.00        
  6        3               离散机4            25872.72        27054.72        1182.00        
  6        4               离散机7            27470.72        28575.72        1105.00        
  6        5               离散机4            28575.72        29942.72        1367.00        
  6        6               离散机2            29942.72        31673.72        1731.00        
  6        7               离散机8            44289.00        45874.00        1585.00        

工件 7:
  7        0               打印机1            0.00            32541.00        32541.00       
  7        1               批处理机2           32541.00        33376.00        835.00         
  7        2               离散机6            38474.00        39575.00        1101.00        
  7        3               离散机1            39575.00        40938.00        1363.00        
  7        4               离散机4            40938.00        42055.00        1117.00        
  7        5               离散机1            44883.00        46313.00        1430.00        
  7        6               离散机8            46313.00        47791.00        1478.00        
  7        7               离散机5            52157.70        53326.70        1169.00        

工件 8:
  8        0               打印机4            22605.72        33108.00        10502.28       
  8        1               批处理机1           33108.00        34054.00        946.00         

工件 9:
  9        0               打印机4            0.00            22605.72        22605.72       
  9        1               批处理机2           22605.72        23440.72        835.00         
  9        2               离散机1            23440.72        25078.72        1638.00        
  9        3               离散机5            25078.72        26176.72        1098.00        
  9        4               离散机3            27747.72        28878.72        1131.00        
  9        5               离散机5            29095.72        30301.72        1206.00        
  9        6               离散机5            30301.72        31710.72        1409.00        
  9        7               离散机8            41180.00        42978.00        1798.00        
  9        8               离散机2            45820.00        46743.00        923.00         

工件 10:
  10       0               打印机1            0.00            32541.00        32541.00       
  10       1               批处理机2           32541.00        33376.00        835.00         
  10       2               离散机7            36982.00        38303.00        1321.00        

工件 11:
  11       0               打印机3            0.00            30754.78        30754.78       
  11       1               批处理机2           30754.78        31589.78        835.00         
  11       2               离散机8            34378.00        35816.00        1438.00        
  11       3               离散机8            35816.00        37270.00        1454.00        
  11       4               离散机2            38284.00        39335.00        1051.00        
  11       5               离散机3            39335.00        40688.00        1353.00        
  11       6               离散机4            42055.00        43593.00        1538.00        
  11       7               离散机5            43973.00        44969.00        996.00         
  11       8               离散机3            46098.00        47783.00        1685.00        
  11       9               离散机2            47783.00        49490.00        1707.00        

工件 12:
  12       0               打印机4            0.00            22605.72        22605.72       
  12       1               批处理机2           22605.72        23440.72        835.00         
  12       2               离散机8            23440.72        24370.72        930.00         

工件 13:
  13       0               打印机1            0.00            32541.00        32541.00       
  13       1               批处理机2           32541.00        33376.00        835.00         
  13       2               离散机4            33376.00        34902.00        1526.00        
  13       3               离散机2            41984.00        43249.00        1265.00        
  13       4               离散机7            46191.00        47906.00        1715.00        
  13       5               离散机7            54139.70        55718.70        1579.00        

工件 14:
  14       0               打印机2            0.00            48111.70        48111.70       
  14       1               批处理机1           48111.70        49057.70        946.00         
  14       2               离散机3            49057.70        50409.70        1352.00        
  14       3               离散机8            51172.70        52298.70        1126.00        
  14       4               离散机1            54306.76        55871.76        1565.00        
  14       5               离散机7            55871.76        57063.76        1192.00        
  14       6               离散机1            57063.76        57974.76        911.00         
  14       7               离散机4            58357.70        59321.70        964.00         

工件 15:
  15       0               打印机4            36662.00        51198.76        14536.76       
  15       1               批处理机2           51198.76        52033.76        835.00         
  15       2               离散机2            52039.70        53336.70        1297.00        
  15       3               离散机6            54114.76        55761.76        1647.00        
  15       4               离散机6            55761.76        57481.76        1720.00        
  15       5               离散机2            57700.70        59091.70        1391.00        

工件 16:
  16       0               打印机1            0.00            32541.00        32541.00       
  16       1               批处理机2           32541.00        33376.00        835.00         
  16       2               离散机7            33376.00        34329.00        953.00         
  16       3               离散机3            34329.00        35674.00        1345.00        
  16       4               离散机3            35674.00        36994.00        1320.00        
  16       5               离散机1            43387.00        44883.00        1496.00        
  16       6               离散机3            56280.70        57485.70        1205.00        

工件 17:
  17       0               打印机4            0.00            22605.72        22605.72       
  17       1               批处理机2           22605.72        23440.72        835.00         
  17       2               离散机6            24369.72        25468.72        1099.00        

工件 18:
  18       0               打印机3            0.00            30754.78        30754.78       
  18       1               批处理机2           30754.78        31589.78        835.00         
  18       2               离散机6            32594.78        33696.78        1102.00        
  18       3               离散机8            39575.00        41180.00        1605.00        
  18       4               离散机6            57481.76        59167.76        1686.00        

工件 19:
  19       0               打印机4            22605.72        33108.00        10502.28       
  19       1               批处理机1           33108.00        34054.00        946.00         
  19       2               离散机5            34512.00        35852.00        1340.00        
  19       3               离散机3            38223.00        39249.00        1026.00        

工件 20:
  20       0               打印机4            0.00            22605.72        22605.72       
  20       1               批处理机2           22605.72        23440.72        835.00         
  20       2               离散机6            25468.72        26628.72        1160.00        
  20       3               离散机3            26628.72        27747.72        1119.00        
  20       4               离散机7            28575.72        30076.72        1501.00        
  20       5               离散机5            37510.00        38452.00        942.00         
  20       6               离散机8            42978.00        44289.00        1311.00        

工件 21:
  21       0               打印机4            22605.72        33108.00        10502.28       
  21       1               批处理机1           33108.00        34054.00        946.00         

工件 22:
  22       0               打印机4            0.00            22605.72        22605.72       
  22       1               批处理机2           22605.72        23440.72        835.00         
  22       2               离散机1            25078.72        26733.72        1655.00        
  22       3               离散机1            26733.72        27719.72        986.00         
  22       4               离散机6            27719.72        28940.72        1221.00        
  22       5               离散机6            28940.72        29940.72        1000.00        
  22       6               离散机6            29940.72        31518.72        1578.00        

工件 23:
  23       0               打印机1            0.00            32541.00        32541.00       
  23       1               批处理机2           32541.00        33376.00        835.00         
  23       2               离散机8            33376.00        34378.00        1002.00        
  23       3               离散机3            36994.00        38223.00        1229.00        
  23       4               离散机6            40999.00        41943.00        944.00         
  23       5               离散机6            41943.00        43491.00        1548.00        
  23       6               离散机3            43531.00        44441.00        910.00         
  23       7               离散机7            44441.00        46191.00        1750.00        
  23       8               离散机6            47542.00        48776.00        1234.00        

工件 24:
  24       0               打印机4            22605.72        33108.00        10502.28       
  24       1               批处理机1           33108.00        34054.00        946.00         

工件 25:
  25       0               打印机2            0.00            48111.70        48111.70       
  25       1               批处理机1           48111.70        49057.70        946.00         
  25       2               离散机8            50028.70        51172.70        1144.00        
  25       3               离散机4            51172.70        52657.70        1485.00        
  25       4               离散机2            53336.70        54834.70        1498.00        

工件 26:
  26       0               打印机3            30754.78        47454.77        16699.99       
  26       1               批处理机2           47454.77        48289.77        835.00         
  26       2               离散机7            48289.77        49309.77        1020.00        
  26       3               离散机5            50561.70        52157.70        1596.00        
  26       4               离散机5            53326.70        54313.70        987.00         

工件 27:
  27       0               打印机4            0.00            22605.72        22605.72       
  27       1               批处理机2           22605.72        23440.72        835.00         
  27       2               离散机7            23440.72        24837.72        1397.00        
  27       3               离散机4            27054.72        28052.72        998.00         
  27       4               离散机2            28052.72        29659.72        1607.00        
  27       5               离散机5            31710.72        33013.72        1303.00        
  27       6               离散机1            55871.76        56915.76        1044.00        

工件 28:
  28       0               打印机2            0.00            48111.70        48111.70       
  28       1               批处理机1           48111.70        49057.70        946.00         
  28       2               离散机7            49309.77        50368.77        1059.00        

工件 29:
  29       0               打印机2            0.00            48111.70        48111.70       
  29       1               批处理机1           48111.70        49057.70        946.00         

工件 30:
  30       0               打印机2            0.00            48111.70        48111.70       
  30       1               批处理机1           48111.70        49057.70        946.00         
  30       2               离散机4            49057.70        50541.70        1484.00        
  30       3               离散机6            50541.70        51670.70        1129.00        
  30       4               离散机7            51670.70        52830.70        1160.00        
  30       5               离散机7            52830.70        54139.70        1309.00        
  30       6               离散机3            55347.70        56280.70        933.00         
  30       7               离散机2            56280.70        57700.70        1420.00        

工件 31:
  31       0               打印机4            22605.72        33108.00        10502.28       
  31       1               批处理机1           33108.00        34054.00        946.00         

工件 32:
  32       0               打印机2            0.00            48111.70        48111.70       
  32       1               批处理机1           48111.70        49057.70        946.00         
  32       2               离散机6            49057.70        50130.70        1073.00        

工件 33:
  33       0               打印机4            0.00            22605.72        22605.72       
  33       1               批处理机2           22605.72        23440.72        835.00         
  33       2               离散机3            29796.72        31403.72        1607.00        

工件 34:
  34       0               打印机2            0.00            48111.70        48111.70       
  34       1               批处理机1           48111.70        49057.70        946.00         
  34       2               离散机8            49057.70        50028.70        971.00         
  34       3               离散机1            50028.70        51590.70        1562.00        
  34       4               离散机6            53076.76        54114.76        1038.00        
  34       5               离散机4            54114.76        55243.76        1129.00        

工件 35:
  35       0               打印机1            0.00            32541.00        32541.00       
  35       1               批处理机2           32541.00        33376.00        835.00         
  35       2               离散机1            34743.00        36171.00        1428.00        
  35       3               离散机5            54313.70        55410.70        1097.00        

工件 36:
  36       0               打印机3            0.00            30754.78        30754.78       
  36       1               批处理机2           30754.78        31589.78        835.00         
  36       2               离散机6            31589.78        32594.78        1005.00        
  36       3               离散机2            32594.78        34176.78        1582.00        
  36       4               离散机6            35850.00        37030.00        1180.00        
  36       5               离散机1            37030.00        38790.00        1760.00        
  36       6               离散机5            38790.00        39731.00        941.00         
  36       7               离散机1            42405.00        43387.00        982.00         
  36       8               离散机3            44441.00        46098.00        1657.00        

工件 37:
  37       0               打印机3            0.00            30754.78        30754.78       
  37       1               批处理机2           30754.78        31589.78        835.00         

工件 38:
  38       0               打印机3            0.00            30754.78        30754.78       
  38       1               批处理机2           30754.78        31589.78        835.00         
  38       2               离散机7            31589.78        32854.78        1265.00        
  38       3               离散机3            32854.78        33801.78        947.00         
  38       4               离散机2            35767.78        36790.78        1023.00        
  38       5               离散机3            40688.00        42168.00        1480.00        
  38       6               离散机2            44473.00        45820.00        1347.00        

工件 39:
  39       0               打印机1            0.00            32541.00        32541.00       
  39       1               批处理机2           32541.00        33376.00        835.00         
  39       2               离散机1            33376.00        34743.00        1367.00        
  39       3               离散机5            39731.00        41191.00        1460.00        
  39       4               离散机6            46270.00        47542.00        1272.00        

工件 40:
  40       0               打印机4            0.00            22605.72        22605.72       
  40       1               批处理机2           22605.72        23440.72        835.00         
  40       2               离散机4            23440.72        24431.72        991.00         
  40       3               离散机4            24431.72        25872.72        1441.00        
  40       4               离散机2            25872.72        27455.72        1583.00        
  40       5               离散机4            29942.72        31231.72        1289.00        

工件 41:
  41       0               打印机1            0.00            32541.00        32541.00       
  41       1               批处理机2           32541.00        33376.00        835.00         
  41       2               离散机4            34902.00        36424.00        1522.00        
  41       3               离散机7            42571.00        44170.00        1599.00        

工件 42:
  42       0               打印机1            0.00            32541.00        32541.00       
  42       1               批处理机2           32541.00        33376.00        835.00         
  42       2               离散机5            33376.00        34512.00        1136.00        
  42       3               离散机6            37030.00        38474.00        1444.00        
  42       4               离散机7            38474.00        40004.00        1530.00        
  42       5               离散机1            40938.00        42405.00        1467.00        
  42       6               离散机3            42405.00        43531.00        1126.00        
  42       7               离散机1            46313.00        48063.00        1750.00        
  42       8               离散机3            50409.70        52010.70        1601.00        
  42       9               离散机8            52298.70        53579.70        1281.00        

工件 43:
  43       0               打印机3            0.00            30754.78        30754.78       
  43       1               批处理机2           30754.78        31589.78        835.00         
  43       2               离散机3            31589.78        32725.78        1136.00        
  43       3               离散机7            34329.00        35271.00        942.00         
  43       4               离散机4            38519.00        39762.00        1243.00        
  43       5               离散机5            41191.00        42510.00        1319.00        
  43       6               离散机3            47783.00        48772.00        989.00         
  43       7               离散机3            53809.70        55347.70        1538.00        
  43       8               离散机8            56891.70        58354.70        1463.00        

工件 44:
  44       0               打印机4            33108.00        36662.00        3554.00        
  44       1               批处理机2           36662.00        37497.00        835.00         
  44       2               离散机8            37497.00        38515.00        1018.00        
  44       3               离散机2            39335.00        40771.00        1436.00        
  44       4               离散机2            40771.00        41984.00        1213.00        
  44       5               离散机6            43491.00        45079.00        1588.00        
  44       6               离散机5            45079.00        46094.00        1015.00        
  44       7               离散机5            46094.00        47653.00        1559.00        
  44       8               离散机5            47653.00        48921.00        1268.00        
  44       9               离散机2            49490.00        50457.00        967.00         

工件 45:
  45       0               打印机3            0.00            30754.78        30754.78       
  45       1               批处理机2           30754.78        31589.78        835.00         
  45       2               离散机1            31589.78        33154.78        1565.00        
  45       3               离散机2            34176.78        35767.78        1591.00        
  45       4               离散机8            38515.00        39575.00        1060.00        
  45       5               离散机6            39575.00        40999.00        1424.00        
  45       6               离散机1            48063.00        49646.00        1583.00        
  45       7               离散机7            50368.77        51557.77        1189.00        

工件 46:
  46       0               打印机4            0.00            22605.72        22605.72       
  46       1               批处理机2           22605.72        23440.72        835.00         
  46       2               离散机3            23440.72        25140.72        1700.00        
  46       3               离散机7            25140.72        26240.72        1100.00        
  46       4               离散机7            26240.72        27470.72        1230.00        
  46       5               离散机5            27470.72        29095.72        1625.00        
  46       6               离散机7            30076.72        31574.72        1498.00        
  46       7               离散机4            43593.00        44934.00        1341.00        

工件 47:
  47       0               打印机4            36662.00        51198.76        14536.76       
  47       1               批处理机2           51198.76        52033.76        835.00         
  47       2               离散机6            52033.76        53076.76        1043.00        
  47       3               离散机1            53076.76        54306.76        1230.00        
  47       4               离散机8            55395.70        56891.70        1496.00        
  47       5               离散机4            56891.70        58357.70        1466.00        
  47       6               离散机7            58357.70        59357.70        1000.00        

工件 48:
  48       0               打印机3            0.00            30754.78        30754.78       
  48       1               批处理机2           30754.78        31589.78        835.00         
  48       2               离散机4            31589.78        32560.78        971.00         
  48       3               离散机5            35852.00        37510.00        1658.00        
  48       4               离散机4            37510.00        38519.00        1009.00        
  48       5               离散机6            45079.00        46270.00        1191.00        
  48       6               离散机1            51590.70        52546.70        956.00         
  48       7               离散机2            54834.70        55897.70        1063.00        

工件 49:
  49       0               打印机4            0.00            22605.72        22605.72       
  49       1               批处理机2           22605.72        23440.72        835.00         
  49       2               离散机6            23440.72        24369.72        929.00         
  49       3               离散机2            24369.72        25726.72        1357.00        
  49       4               离散机3            28878.72        29796.72        918.00         
  49       5               离散机8            29796.72        30755.72        959.00         
  49       6               离散机4            36424.00        37349.00        925.00         

【机器加工顺序记录】
----------------------------------------------------------------------------------------------------

打印机1:
工件号      工序号             开始时间            结束时间            加工时长           
--------------------------------------------------------------------------------
  7        0               0.00            32541.00        32541.00       
  10       0               0.00            32541.00        32541.00       
  13       0               0.00            32541.00        32541.00       
  16       0               0.00            32541.00        32541.00       
  23       0               0.00            32541.00        32541.00       
  35       0               0.00            32541.00        32541.00       
  39       0               0.00            32541.00        32541.00       
  41       0               0.00            32541.00        32541.00       
  42       0               0.00            32541.00        32541.00       

  机器利用率: 493.40% (忙碌时间: 292869.00 / 总时间: 59357.70)

打印机2:
工件号      工序号             开始时间            结束时间            加工时长           
--------------------------------------------------------------------------------
  1        0               0.00            48111.70        48111.70       
  14       0               0.00            48111.70        48111.70       
  25       0               0.00            48111.70        48111.70       
  28       0               0.00            48111.70        48111.70       
  29       0               0.00            48111.70        48111.70       
  30       0               0.00            48111.70        48111.70       
  32       0               0.00            48111.70        48111.70       
  34       0               0.00            48111.70        48111.70       

  机器利用率: 648.43% (忙碌时间: 384893.63 / 总时间: 59357.70)

打印机3:
工件号      工序号             开始时间            结束时间            加工时长           
--------------------------------------------------------------------------------
  5        0               0.00            30754.78        30754.78       
  11       0               0.00            30754.78        30754.78       
  18       0               0.00            30754.78        30754.78       
  36       0               0.00            30754.78        30754.78       
  37       0               0.00            30754.78        30754.78       
  38       0               0.00            30754.78        30754.78       
  43       0               0.00            30754.78        30754.78       
  45       0               0.00            30754.78        30754.78       
  48       0               0.00            30754.78        30754.78       
  26       0               30754.78        47454.77        16699.99       

  机器利用率: 494.45% (忙碌时间: 293493.01 / 总时间: 59357.70)

打印机4:
工件号      工序号             开始时间            结束时间            加工时长           
--------------------------------------------------------------------------------
  0        0               0.00            22605.72        22605.72       
  4        0               0.00            22605.72        22605.72       
  6        0               0.00            22605.72        22605.72       
  9        0               0.00            22605.72        22605.72       
  12       0               0.00            22605.72        22605.72       
  17       0               0.00            22605.72        22605.72       
  20       0               0.00            22605.72        22605.72       
  22       0               0.00            22605.72        22605.72       
  27       0               0.00            22605.72        22605.72       
  33       0               0.00            22605.72        22605.72       
  40       0               0.00            22605.72        22605.72       
  46       0               0.00            22605.72        22605.72       
  49       0               0.00            22605.72        22605.72       
  2        0               22605.72        33108.00        10502.28       
  3        0               22605.72        33108.00        10502.28       
  8        0               22605.72        33108.00        10502.28       
  19       0               22605.72        33108.00        10502.28       
  21       0               22605.72        33108.00        10502.28       
  24       0               22605.72        33108.00        10502.28       
  31       0               22605.72        33108.00        10502.28       
  44       0               33108.00        36662.00        3554.00        
  15       0               36662.00        51198.76        14536.76       
  47       0               36662.00        51198.76        14536.76       

  机器利用率: 673.91% (忙碌时间: 400017.86 / 总时间: 59357.70)

批处理机1:
工件号      工序号             开始时间            结束时间            加工时长           
--------------------------------------------------------------------------------
  2        1               33108.00        34054.00        946.00         
  3        1               33108.00        34054.00        946.00         
  8        1               33108.00        34054.00        946.00         
  19       1               33108.00        34054.00        946.00         
  21       1               33108.00        34054.00        946.00         
  24       1               33108.00        34054.00        946.00         
  31       1               33108.00        34054.00        946.00         
  1        1               48111.70        49057.70        946.00         
  14       1               48111.70        49057.70        946.00         
  25       1               48111.70        49057.70        946.00         
  28       1               48111.70        49057.70        946.00         
  29       1               48111.70        49057.70        946.00         
  30       1               48111.70        49057.70        946.00         
  32       1               48111.70        49057.70        946.00         
  34       1               48111.70        49057.70        946.00         

  机器利用率: 23.91% (忙碌时间: 14190.00 / 总时间: 59357.70)

批处理机2:
工件号      工序号             开始时间            结束时间            加工时长           
--------------------------------------------------------------------------------
  0        1               22605.72        23440.72        835.00         
  4        1               22605.72        23440.72        835.00         
  6        1               22605.72        23440.72        835.00         
  9        1               22605.72        23440.72        835.00         
  12       1               22605.72        23440.72        835.00         
  17       1               22605.72        23440.72        835.00         
  20       1               22605.72        23440.72        835.00         
  22       1               22605.72        23440.72        835.00         
  27       1               22605.72        23440.72        835.00         
  33       1               22605.72        23440.72        835.00         
  40       1               22605.72        23440.72        835.00         
  46       1               22605.72        23440.72        835.00         
  49       1               22605.72        23440.72        835.00         
  5        1               30754.78        31589.78        835.00         
  11       1               30754.78        31589.78        835.00         
  18       1               30754.78        31589.78        835.00         
  36       1               30754.78        31589.78        835.00         
  37       1               30754.78        31589.78        835.00         
  38       1               30754.78        31589.78        835.00         
  43       1               30754.78        31589.78        835.00         
  45       1               30754.78        31589.78        835.00         
  48       1               30754.78        31589.78        835.00         
  7        1               32541.00        33376.00        835.00         
  10       1               32541.00        33376.00        835.00         
  13       1               32541.00        33376.00        835.00         
  16       1               32541.00        33376.00        835.00         
  23       1               32541.00        33376.00        835.00         
  35       1               32541.00        33376.00        835.00         
  39       1               32541.00        33376.00        835.00         
  41       1               32541.00        33376.00        835.00         
  42       1               32541.00        33376.00        835.00         
  44       1               36662.00        37497.00        835.00         
  26       1               47454.77        48289.77        835.00         
  15       1               51198.76        52033.76        835.00         
  47       1               51198.76        52033.76        835.00         

  机器利用率: 49.24% (忙碌时间: 29225.00 / 总时间: 59357.70)

离散机1:
工件号      工序号             开始时间            结束时间            加工时长           
--------------------------------------------------------------------------------
  9        2               23440.72        25078.72        1638.00        
  22       2               25078.72        26733.72        1655.00        
  22       3               26733.72        27719.72        986.00         
  45       2               31589.78        33154.78        1565.00        
  39       2               33376.00        34743.00        1367.00        
  35       2               34743.00        36171.00        1428.00        
  36       5               37030.00        38790.00        1760.00        
  7        3               39575.00        40938.00        1363.00        
  42       5               40938.00        42405.00        1467.00        
  36       7               42405.00        43387.00        982.00         
  16       5               43387.00        44883.00        1496.00        
  7        5               44883.00        46313.00        1430.00        
  42       7               46313.00        48063.00        1750.00        
  45       6               48063.00        49646.00        1583.00        
  34       3               50028.70        51590.70        1562.00        
  48       6               51590.70        52546.70        956.00         
  47       3               53076.76        54306.76        1230.00        
  14       4               54306.76        55871.76        1565.00        
  27       6               55871.76        56915.76        1044.00        
  14       6               57063.76        57974.76        911.00         
  1        7               58117.76        59051.76        934.00         

  机器利用率: 48.30% (忙碌时间: 28672.00 / 总时间: 59357.70)

离散机2:
工件号      工序号             开始时间            结束时间            加工时长           
--------------------------------------------------------------------------------
  49       3               24369.72        25726.72        1357.00        
  40       4               25872.72        27455.72        1583.00        
  27       4               28052.72        29659.72        1607.00        
  6        6               29942.72        31673.72        1731.00        
  36       3               32594.78        34176.78        1582.00        
  45       3               34176.78        35767.78        1591.00        
  38       4               35767.78        36790.78        1023.00        
  2        4               36982.00        38284.00        1302.00        
  11       4               38284.00        39335.00        1051.00        
  44       3               39335.00        40771.00        1436.00        
  44       4               40771.00        41984.00        1213.00        
  13       3               41984.00        43249.00        1265.00        
  0        2               43249.00        44473.00        1224.00        
  38       6               44473.00        45820.00        1347.00        
  9        8               45820.00        46743.00        923.00         
  11       9               47783.00        49490.00        1707.00        
  44       9               49490.00        50457.00        967.00         
  1        3               50561.70        52039.70        1478.00        
  15       2               52039.70        53336.70        1297.00        
  25       4               53336.70        54834.70        1498.00        
  48       7               54834.70        55897.70        1063.00        
  30       7               56280.70        57700.70        1420.00        
  15       5               57700.70        59091.70        1391.00        

  机器利用率: 52.32% (忙碌时间: 31056.00 / 总时间: 59357.70)

离散机3:
工件号      工序号             开始时间            结束时间            加工时长           
--------------------------------------------------------------------------------
  46       2               23440.72        25140.72        1700.00        
  20       3               26628.72        27747.72        1119.00        
  9        4               27747.72        28878.72        1131.00        
  49       4               28878.72        29796.72        918.00         
  33       2               29796.72        31403.72        1607.00        
  43       2               31589.78        32725.78        1136.00        
  38       3               32854.78        33801.78        947.00         
  16       3               34329.00        35674.00        1345.00        
  16       4               35674.00        36994.00        1320.00        
  23       3               36994.00        38223.00        1229.00        
  19       3               38223.00        39249.00        1026.00        
  11       5               39335.00        40688.00        1353.00        
  38       5               40688.00        42168.00        1480.00        
  42       6               42405.00        43531.00        1126.00        
  23       6               43531.00        44441.00        910.00         
  36       8               44441.00        46098.00        1657.00        
  11       8               46098.00        47783.00        1685.00        
  43       6               47783.00        48772.00        989.00         
  14       2               49057.70        50409.70        1352.00        
  42       8               50409.70        52010.70        1601.00        
  1        4               52039.70        53809.70        1770.00        
  43       7               53809.70        55347.70        1538.00        
  30       6               55347.70        56280.70        933.00         
  16       6               56280.70        57485.70        1205.00        

  机器利用率: 52.36% (忙碌时间: 31077.00 / 总时间: 59357.70)

离散机4:
工件号      工序号             开始时间            结束时间            加工时长           
--------------------------------------------------------------------------------
  40       2               23440.72        24431.72        991.00         
  40       3               24431.72        25872.72        1441.00        
  6        3               25872.72        27054.72        1182.00        
  27       3               27054.72        28052.72        998.00         
  6        5               28575.72        29942.72        1367.00        
  40       5               29942.72        31231.72        1289.00        
  48       2               31589.78        32560.78        971.00         
  13       2               33376.00        34902.00        1526.00        
  41       2               34902.00        36424.00        1522.00        
  49       6               36424.00        37349.00        925.00         
  48       4               37510.00        38519.00        1009.00        
  43       4               38519.00        39762.00        1243.00        
  7        4               40938.00        42055.00        1117.00        
  11       6               42055.00        43593.00        1538.00        
  46       7               43593.00        44934.00        1341.00        
  30       2               49057.70        50541.70        1484.00        
  25       3               51172.70        52657.70        1485.00        
  34       5               54114.76        55243.76        1129.00        
  47       5               56891.70        58357.70        1466.00        
  14       7               58357.70        59321.70        964.00         

  机器利用率: 42.10% (忙碌时间: 24988.00 / 总时间: 59357.70)

离散机5:
工件号      工序号             开始时间            结束时间            加工时长           
--------------------------------------------------------------------------------
  6        2               23440.72        24651.72        1211.00        
  9        3               25078.72        26176.72        1098.00        
  46       5               27470.72        29095.72        1625.00        
  9        5               29095.72        30301.72        1206.00        
  9        6               30301.72        31710.72        1409.00        
  27       5               31710.72        33013.72        1303.00        
  42       2               33376.00        34512.00        1136.00        
  19       2               34512.00        35852.00        1340.00        
  48       3               35852.00        37510.00        1658.00        
  20       5               37510.00        38452.00        942.00         
  36       6               38790.00        39731.00        941.00         
  39       3               39731.00        41191.00        1460.00        
  43       5               41191.00        42510.00        1319.00        
  2        7               42571.00        43973.00        1402.00        
  11       7               43973.00        44969.00        996.00         
  44       6               45079.00        46094.00        1015.00        
  44       7               46094.00        47653.00        1559.00        
  44       8               47653.00        48921.00        1268.00        
  1        2               49057.70        50561.70        1504.00        
  26       3               50561.70        52157.70        1596.00        
  7        7               52157.70        53326.70        1169.00        
  26       4               53326.70        54313.70        987.00         
  35       3               54313.70        55410.70        1097.00        
  2        8               55410.70        56484.70        1074.00        

  机器利用率: 51.07% (忙碌时间: 30315.00 / 总时间: 59357.70)

离散机6:
工件号      工序号             开始时间            结束时间            加工时长           
--------------------------------------------------------------------------------
  49       2               23440.72        24369.72        929.00         
  17       2               24369.72        25468.72        1099.00        
  20       2               25468.72        26628.72        1160.00        
  22       4               27719.72        28940.72        1221.00        
  22       5               28940.72        29940.72        1000.00        
  22       6               29940.72        31518.72        1578.00        
  36       2               31589.78        32594.78        1005.00        
  18       2               32594.78        33696.78        1102.00        
  2        2               34054.00        35850.00        1796.00        
  36       4               35850.00        37030.00        1180.00        
  42       3               37030.00        38474.00        1444.00        
  7        2               38474.00        39575.00        1101.00        
  45       5               39575.00        40999.00        1424.00        
  23       4               40999.00        41943.00        944.00         
  23       5               41943.00        43491.00        1548.00        
  44       5               43491.00        45079.00        1588.00        
  48       5               45079.00        46270.00        1191.00        
  39       4               46270.00        47542.00        1272.00        
  23       8               47542.00        48776.00        1234.00        
  32       2               49057.70        50130.70        1073.00        
  30       3               50541.70        51670.70        1129.00        
  47       2               52033.76        53076.76        1043.00        
  34       4               53076.76        54114.76        1038.00        
  15       3               54114.76        55761.76        1647.00        
  15       4               55761.76        57481.76        1720.00        
  18       4               57481.76        59167.76        1686.00        

  机器利用率: 55.85% (忙碌时间: 33152.00 / 总时间: 59357.70)

离散机7:
工件号      工序号             开始时间            结束时间            加工时长           
--------------------------------------------------------------------------------
  27       2               23440.72        24837.72        1397.00        
  46       3               25140.72        26240.72        1100.00        
  46       4               26240.72        27470.72        1230.00        
  6        4               27470.72        28575.72        1105.00        
  20       4               28575.72        30076.72        1501.00        
  46       6               30076.72        31574.72        1498.00        
  38       2               31589.78        32854.78        1265.00        
  16       2               33376.00        34329.00        953.00         
  43       3               34329.00        35271.00        942.00         
  2        3               35850.00        36982.00        1132.00        
  10       2               36982.00        38303.00        1321.00        
  42       4               38474.00        40004.00        1530.00        
  2        5               40004.00        41429.00        1425.00        
  2        6               41429.00        42571.00        1142.00        
  41       3               42571.00        44170.00        1599.00        
  23       7               44441.00        46191.00        1750.00        
  13       4               46191.00        47906.00        1715.00        
  26       2               48289.77        49309.77        1020.00        
  28       2               49309.77        50368.77        1059.00        
  45       7               50368.77        51557.77        1189.00        
  30       4               51670.70        52830.70        1160.00        
  30       5               52830.70        54139.70        1309.00        
  13       5               54139.70        55718.70        1579.00        
  14       5               55871.76        57063.76        1192.00        
  1        6               57063.76        58117.76        1054.00        
  47       6               58357.70        59357.70        1000.00        

  机器利用率: 55.88% (忙碌时间: 33167.00 / 总时间: 59357.70)

离散机8:
工件号      工序号             开始时间            结束时间            加工时长           
--------------------------------------------------------------------------------
  12       2               23440.72        24370.72        930.00         
  49       5               29796.72        30755.72        959.00         
  5        2               31589.78        32529.78        940.00         
  23       2               33376.00        34378.00        1002.00        
  11       2               34378.00        35816.00        1438.00        
  11       3               35816.00        37270.00        1454.00        
  44       2               37497.00        38515.00        1018.00        
  45       4               38515.00        39575.00        1060.00        
  18       3               39575.00        41180.00        1605.00        
  9        7               41180.00        42978.00        1798.00        
  20       6               42978.00        44289.00        1311.00        
  6        7               44289.00        45874.00        1585.00        
  7        6               46313.00        47791.00        1478.00        
  34       2               49057.70        50028.70        971.00         
  25       2               50028.70        51172.70        1144.00        
  14       3               51172.70        52298.70        1126.00        
  42       9               52298.70        53579.70        1281.00        
  1        5               53809.70        55395.70        1586.00        
  47       4               55395.70        56891.70        1496.00        
  43       8               56891.70        58354.70        1463.00        

  机器利用率: 43.20% (忙碌时间: 25645.00 / 总时间: 59357.70)

【打印批次详细信息】
----------------------------------------------------------------------------------------------------

打印机 1 (尺寸: 1061.0 x 460.0 x 511.0):
--------------------------------------------------------------------------------
  批次 1: 零件数=9, 占用率=81.58%
    - 41: 尺寸 444.0 x 226.0 x 15.0
    - 10: 尺寸 140.0 x 79.0 x 32.0
    - 16: 尺寸 438.0 x 159.0 x 84.0
    - 42: 尺寸 168.0 x 183.0 x 70.0
    - 7: 尺寸 153.0 x 146.0 x 90.0
    - 23: 尺寸 263.0 x 91.0 x 136.0
    - 35: 尺寸 147.0 x 74.0 x 98.0
    - 39: 尺寸 243.0 x 134.0 x 70.0
    - 13: 尺寸 636.0 x 152.0 x 46.0

打印机 2 (尺寸: 1102.0 x 487.0 x 623.0):
--------------------------------------------------------------------------------
  批次 1: 零件数=8, 占用率=22.15%
    - 25: 尺寸 105.0 x 80.0 x 86.0
    - 30: 尺寸 51.0 x 57.0 x 63.0
    - 29: 尺寸 90.0 x 93.0 x 92.0
    - 32: 尺寸 117.0 x 87.0 x 57.0
    - 1: 尺寸 197.0 x 108.0 x 87.0
    - 14: 尺寸 111.0 x 129.0 x 73.0
    - 34: 尺寸 151.0 x 136.0 x 15.0
    - 28: 尺寸 207.0 x 159.0 x 88.0

打印机 3 (尺寸: 977.0 x 403.0 x 687.0):
--------------------------------------------------------------------------------
  批次 1: 零件数=9, 占用率=78.32%
    - 48: 尺寸 362.0 x 158.0 x 102.0
    - 37: 尺寸 54.0 x 158.0 x 89.0
    - 38: 尺寸 480.0 x 86.0 x 105.0
    - 43: 尺寸 76.0 x 69.0 x 28.0
    - 11: 尺寸 222.0 x 255.0 x 86.0
    - 45: 尺寸 160.0 x 143.0 x 116.0
    - 18: 尺寸 172.0 x 284.0 x 110.0
    - 36: 尺寸 288.0 x 192.0 x 89.0
    - 5: 尺寸 145.0 x 86.0 x 67.0
  批次 2: 零件数=1, 占用率=12.91%
    - 26: 尺寸 371.0 x 137.0 x 62.0

打印机 4 (尺寸: 1162.0 x 485.0 x 618.0):
--------------------------------------------------------------------------------
  批次 1: 零件数=13, 占用率=92.93%
    - 20: 尺寸 185.0 x 136.0 x 179.0
    - 6: 尺寸 501.0 x 339.0 x 185.0
    - 49: 尺寸 476.0 x 230.0 x 168.0
    - 17: 尺寸 183.0 x 141.0 x 188.0
    - 46: 尺寸 463.0 x 229.0 x 199.0
    - 4: 尺寸 98.0 x 66.0 x 169.0
    - 27: 尺寸 80.0 x 113.0 x 151.0
    - 9: 尺寸 206.0 x 137.0 x 68.0
    - 0: 尺寸 60.0 x 69.0 x 11.0
    - 22: 尺寸 59.0 x 130.0 x 135.0
    - 40: 尺寸 64.0 x 124.0 x 42.0
    - 33: 尺寸 112.0 x 98.0 x 19.0
    - 12: 尺寸 94.0 x 138.0 x 44.0
  批次 2: 零件数=7, 占用率=80.37%
    - 31: 尺寸 359.0 x 232.0 x 75.0
    - 24: 尺寸 310.0 x 250.0 x 57.0
    - 8: 尺寸 451.0 x 292.0 x 10.0
    - 21: 尺寸 200.0 x 92.0 x 13.0
    - 2: 尺寸 71.0 x 197.0 x 91.0
    - 19: 尺寸 255.0 x 86.0 x 76.0
    - 3: 尺寸 550.0 x 193.0 x 83.0
  批次 3: 零件数=1, 占用率=34.65%
    - 44: 尺寸 632.0 x 309.0 x 29.0
  批次 4: 零件数=2, 占用率=67.04%
    - 15: 尺寸 561.0 x 343.0 x 127.0
    - 47: 尺寸 555.0 x 334.0 x 118.0

════════════════════════════════════════════════════════════════
