════════════════════════════════════════════════════════════════
              最优Cmax解的详细调度记录
════════════════════════════════════════════════════════════════

【基本信息】
----------------------------------------------------------------------------------------------------
Cmax (最大完工时间): 59407.86
能耗: 542.03 kWh
装箱质量: 0.6235
批次总数: 6
工件数量: 50
机器数量: 14 (打印机:4, 批处理机:2, 离散机:8)

【染色体编码】
----------------------------------------------------------------------------------------------------
工序序列 (OS): [3, 6, 44, 0, 48, 38, 35, 42, 47, 27, 8, 13, 20, 43, 21, 17, 33, 40, 11, 24, 39, 2, 28, 36, 15, 32, 30, 23, 25, 18, 12, 31, 34, 41, 5, 49, 45, 22, 14, 1, 37, 16, 7, 26, 19, 29, 9, 46, 10, 4, 48, 22, 39, 7, 40, 46, 45, 42, 2, 11, 11, 43, 44, 42, 49, 41, 14, 11, 11, 9, 2, 42, 35, 44, 46, 20, 2, 43, 14, 46, 6, 19, 16, 30, 25, 23, 30, 36, 20, 48, 45, 46, 40, 15, 14, 27, 1, 16, 43, 11, 23, 9, 45, 1, 40, 15, 9, 6, 1, 39, 34, 14, 44, 32, 7, 36, 30, 26, 15, 13, 16, 2, 27, 48, 45, 20, 13, 49, 9, 7, 26, 27, 42, 46, 36, 10, 28, 6, 18, 49, 48, 23, 20, 38, 12, 44, 42, 47, 47, 22, 42, 38, 43, 42, 34, 22, 47, 16, 23, 2, 13, 25, 9, 38, 7, 38, 49, 36, 36, 1, 7, 26, 44, 19, 36, 48, 25, 9, 44, 22, 44, 30, 47, 44, 34, 39, 23, 11, 7, 6, 35, 27, 15, 23, 18, 2, 48, 30, 13, 43, 14, 41, 6, 43, 20, 9, 34, 11, 6, 1, 43, 30, 27, 2, 23, 16, 49, 47, 40, 22, 17, 14, 38, 11, 33, 45, 0, 18, 1, 42, 36, 46, 5, 45]
机器选择 (MS): [4, 4, 1, 3, 1, 4, 4, 4, 4, 4, 4, 2, 4, 3, 2, 4, 2, 3, 1, 2, 3, 1, 4, 1, 4, 2, 1, 4, 3, 4, 2, 4, 2, 2, 3, 4, 4, 4, 4, 3, 4, 3, 1, 3, 3, 4, 1, 4, 3, 4, 1, 3, 1, 1, 1, 3, 1, 2, 1, 1, 1, 2, 1, 2, 2, 2, 2, 1, 1, 1, 2, 1, 1, 2, 3, 1, 1, 1, 2, 2, 2, 1, 1, 1, 1, 1, 1, 2, 1, 2, 2, 1, 2, 2, 2, 1, 2, 3, 1, 1, 3, 1, 1, 1, 3, 1, 2, 3, 1, 1, 1, 2, 1, 3, 2, 2, 3, 3, 2, 2, 3, 2, 2, 1, 3, 1, 1, 2, 1, 1, 3, 1, 1, 2, 2, 1, 1, 1, 1, 2, 1, 1, 3, 3, 1, 1, 1, 1, 2, 1, 3, 3, 1, 3, 1, 1, 1, 1, 2, 1, 1, 1, 1, 3, 2, 2, 2, 2, 1, 1, 1, 1, 1, 3, 1, 3, 2, 1, 1, 1, 1, 1, 1, 1, 1, 1, 1, 1, 3, 1, 3, 1, 1, 1, 1, 2, 1, 1, 1, 1, 1, 1, 2, 1, 1, 1, 3, 1, 3, 2, 1, 1, 1, 1, 3, 1, 2, 1, 1, 1, 2, 2, 1, 1, 1, 1, 1, 2, 2, 2, 1, 1, 1, 1]

【零件加工顺序记录】
----------------------------------------------------------------------------------------------------
工件号      工序号             机器号             开始时间            结束时间            加工时长           
----------------------------------------------------------------------------------------------------

工件 0:
  0        0               打印机3            0.00            23206.84        23206.84       
  0        1               批处理机2           23206.84        24041.84        835.00         
  0        2               离散机2            34853.00        36077.00        1224.00        

工件 1:
  1        0               打印机3            0.00            23206.84        23206.84       
  1        1               批处理机2           23206.84        24041.84        835.00         
  1        2               离散机7            24994.84        26545.84        1551.00        
  1        3               离散机2            26545.84        28023.84        1478.00        
  1        4               离散机3            30672.00        32442.00        1770.00        
  1        5               离散机8            32442.00        34028.00        1586.00        
  1        6               离散机7            44916.10        45970.10        1054.00        
  1        7               离散机1            46037.10        46971.10        934.00         

工件 2:
  2        0               打印机1            0.00            24541.00        24541.00       
  2        1               批处理机2           24541.00        25376.00        835.00         
  2        2               离散机6            26477.00        28273.00        1796.00        
  2        3               离散机1            28273.00        29741.00        1468.00        
  2        4               离散机2            30755.00        32057.00        1302.00        
  2        5               离散机7            32057.00        33482.00        1425.00        
  2        6               离散机7            33482.00        34624.00        1142.00        
  2        7               离散机1            44590.10        46037.10        1447.00        
  2        8               离散机5            49475.10        50549.10        1074.00        

工件 3:
  3        0               打印机4            0.00            15545.38        15545.38       
  3        1               批处理机2           15545.38        16380.38        835.00         

工件 4:
  4        0               打印机4            15545.38        38151.10        22605.72       
  4        1               批处理机2           38151.10        38986.10        835.00         

工件 5:
  5        0               打印机3            0.00            23206.84        23206.84       
  5        1               批处理机2           23206.84        24041.84        835.00         
  5        2               离散机8            35555.00        36495.00        940.00         

工件 6:
  6        0               打印机4            15545.38        38151.10        22605.72       
  6        1               批处理机2           38151.10        38986.10        835.00         
  6        2               离散机5            40122.10        41333.10        1211.00        
  6        3               离散机4            42430.10        43612.10        1182.00        
  6        4               离散机7            43811.10        44916.10        1105.00        
  6        5               离散机4            44916.10        46283.10        1367.00        
  6        6               离散机2            50176.10        51907.10        1731.00        
  6        7               离散机6            51907.10        53425.10        1518.00        

工件 7:
  7        0               打印机1            0.00            24541.00        24541.00       
  7        1               批处理机2           24541.00        25376.00        835.00         
  7        2               离散机6            25376.00        26477.00        1101.00        
  7        3               离散机1            31727.56        33090.56        1363.00        
  7        4               离散机4            35399.56        36516.56        1117.00        
  7        5               离散机7            36516.56        37515.56        999.00         
  7        6               离散机6            41075.10        42406.10        1331.00        
  7        7               离散机5            43289.10        44458.10        1169.00        

工件 8:
  8        0               打印机4            0.00            15545.38        15545.38       
  8        1               批处理机2           15545.38        16380.38        835.00         

工件 9:
  9        0               打印机1            0.00            24541.00        24541.00       
  9        1               批处理机2           24541.00        25376.00        835.00         
  9        2               离散机1            26596.84        28234.84        1638.00        
  9        3               离散机5            28234.84        29332.84        1098.00        
  9        4               离散机6            31836.00        33631.00        1795.00        
  9        5               离散机5            33631.00        34837.00        1206.00        
  9        6               离散机5            36156.00        37565.00        1409.00        
  9        7               离散机8            47510.10        49308.10        1798.00        
  9        8               离散机2            51907.10        52830.10        923.00         

工件 10:
  10       0               打印机3            0.00            23206.84        23206.84       
  10       1               批处理机2           23206.84        24041.84        835.00         
  10       2               离散机7            27538.84        28859.84        1321.00        

工件 11:
  11       0               打印机1            0.00            24541.00        24541.00       
  11       1               批处理机2           24541.00        25376.00        835.00         
  11       2               离散机8            25376.00        26814.00        1438.00        
  11       3               离散机8            26814.00        28268.00        1454.00        
  11       4               离散机2            28268.00        29319.00        1051.00        
  11       5               离散机3            29319.00        30672.00        1353.00        
  11       6               离散机4            32320.56        33858.56        1538.00        
  11       7               离散机6            46083.10        47034.10        951.00         
  11       8               离散机3            48868.10        50553.10        1685.00        
  11       9               离散机3            50553.10        52098.10        1545.00        

工件 12:
  12       0               打印机2            0.00            29963.56        29963.56       
  12       1               批处理机2           29963.56        30798.56        835.00         
  12       2               离散机8            30798.56        31728.56        930.00         

工件 13:
  13       0               打印机2            0.00            29963.56        29963.56       
  13       1               批处理机2           29963.56        30798.56        835.00         
  13       2               离散机6            35048.00        36134.00        1086.00        
  13       3               离散机2            36134.00        37399.00        1265.00        
  13       4               离散机7            47631.10        49346.10        1715.00        
  13       5               离散机7            49346.10        50925.10        1579.00        

工件 14:
  14       0               打印机4            0.00            15545.38        15545.38       
  14       1               批处理机2           15545.38        16380.38        835.00         
  14       2               离散机3            16380.38        17732.38        1352.00        
  14       3               离散机1            17732.38        19389.38        1657.00        
  14       4               离散机6            19389.38        20827.38        1438.00        
  14       5               离散机7            20827.38        22019.38        1192.00        
  14       6               离散机1            22019.38        22930.38        911.00         
  14       7               离散机4            22930.38        23894.38        964.00         

工件 15:
  15       0               打印机4            38151.10        52687.86        14536.76       
  15       1               批处理机2           52687.86        53522.86        835.00         
  15       2               离散机8            53522.86        54764.86        1242.00        
  15       3               离散机6            54764.86        56411.86        1647.00        
  15       4               离散机7            56411.86        58091.86        1680.00        
  15       5               离散机8            58091.86        59407.86        1316.00        

工件 16:
  16       0               打印机3            0.00            23206.84        23206.84       
  16       1               批处理机2           23206.84        24041.84        835.00         
  16       2               离散机7            24041.84        24994.84        953.00         
  16       3               离散机3            24994.84        26339.84        1345.00        
  16       4               离散机3            32442.00        33762.00        1320.00        
  16       5               离散机3            33762.00        35198.00        1436.00        
  16       6               离散机3            39684.00        40889.00        1205.00        

工件 17:
  17       0               打印机4            15545.38        38151.10        22605.72       
  17       1               批处理机2           38151.10        38986.10        835.00         
  17       2               离散机6            56411.86        57510.86        1099.00        

工件 18:
  18       0               打印机4            38151.10        52687.86        14536.76       
  18       1               批处理机2           52687.86        53522.86        835.00         
  18       2               离散机6            53522.86        54624.86        1102.00        
  18       3               离散机8            54764.86        56369.86        1605.00        
  18       4               离散机8            56369.86        57896.86        1527.00        

工件 19:
  19       0               打印机3            0.00            23206.84        23206.84       
  19       1               批处理机2           23206.84        24041.84        835.00         
  19       2               离散机6            28273.00        29702.00        1429.00        
  19       3               离散机3            35198.00        36224.00        1026.00        

工件 20:
  20       0               打印机4            15545.38        38151.10        22605.72       
  20       1               批处理机2           38151.10        38986.10        835.00         
  20       2               离散机6            39915.10        41075.10        1160.00        
  20       3               离散机4            41163.10        42430.10        1267.00        
  20       4               离散机6            42430.10        43773.10        1343.00        
  20       5               离散机5            46133.10        47075.10        942.00         
  20       6               离散机3            47535.10        48868.10        1333.00        

工件 21:
  21       0               打印机2            0.00            29963.56        29963.56       
  21       1               批处理机2           29963.56        30798.56        835.00         

工件 22:
  22       0               打印机4            0.00            15545.38        15545.38       
  22       1               批处理机2           15545.38        16380.38        835.00         
  22       2               离散机6            16380.38        17818.38        1438.00        
  22       3               离散机1            20619.38        21605.38        986.00         
  22       4               离散机2            21605.38        22684.38        1079.00        
  22       5               离散机6            23319.38        24319.38        1000.00        
  22       6               离散机6            50013.10        51591.10        1578.00        

工件 23:
  23       0               打印机4            0.00            15545.38        15545.38       
  23       1               批处理机2           15545.38        16380.38        835.00         
  23       2               离散机3            17732.38        18918.38        1186.00        
  23       3               离散机3            18918.38        20147.38        1229.00        
  23       4               离散机6            20827.38        21771.38        944.00         
  23       5               离散机6            21771.38        23319.38        1548.00        
  23       6               离散机3            23722.38        24632.38        910.00         
  23       7               离散机8            34028.00        35555.00        1527.00        
  23       8               离散机6            48779.10        50013.10        1234.00        

工件 24:
  24       0               打印机2            0.00            29963.56        29963.56       
  24       1               批处理机2           29963.56        30798.56        835.00         

工件 25:
  25       0               打印机3            0.00            23206.84        23206.84       
  25       1               批处理机2           23206.84        24041.84        835.00         
  25       2               离散机8            24041.84        25185.84        1144.00        
  25       3               离散机4            28840.00        30325.00        1485.00        
  25       4               离散机2            37399.00        38897.00        1498.00        

工件 26:
  26       0               打印机3            0.00            23206.84        23206.84       
  26       1               批处理机2           23206.84        24041.84        835.00         
  26       2               离散机6            33631.00        35048.00        1417.00        
  26       3               离散机1            35048.00        36842.00        1794.00        
  26       4               离散机5            37565.00        38552.00        987.00         

工件 27:
  27       0               打印机4            15545.38        38151.10        22605.72       
  27       1               批处理机2           38151.10        38986.10        835.00         
  27       2               离散机7            38986.10        40383.10        1397.00        
  27       3               离散机7            42693.10        43811.10        1118.00        
  27       4               离散机2            43811.10        45418.10        1607.00        
  27       5               离散机5            48172.10        49475.10        1303.00        
  27       6               离散机1            49475.10        50519.10        1044.00        

工件 28:
  28       0               打印机4            38151.10        52687.86        14536.76       
  28       1               批处理机2           52687.86        53522.86        835.00         
  28       2               离散机7            53522.86        54581.86        1059.00        

工件 29:
  29       0               打印机4            15545.38        38151.10        22605.72       
  29       1               批处理机2           38151.10        38986.10        835.00         

工件 30:
  30       0               打印机1            0.00            24541.00        24541.00       
  30       1               批处理机2           24541.00        25376.00        835.00         
  30       2               离散机4            26347.00        27831.00        1484.00        
  30       3               离散机6            29702.00        30831.00        1129.00        
  30       4               离散机7            30831.00        31991.00        1160.00        
  30       5               离散机7            34624.00        35933.00        1309.00        
  30       6               离散机3            36224.00        37157.00        933.00         
  30       7               离散机6            47034.10        48779.10        1745.00        

工件 31:
  31       0               打印机4            38151.10        52687.86        14536.76       
  31       1               批处理机2           52687.86        53522.86        835.00         

工件 32:
  32       0               打印机2            0.00            29963.56        29963.56       
  32       1               批处理机2           29963.56        30798.56        835.00         
  32       2               离散机4            33858.56        35399.56        1541.00        

工件 33:
  33       0               打印机2            0.00            29963.56        29963.56       
  33       1               批处理机2           29963.56        30798.56        835.00         
  33       2               离散机3            40889.00        42496.00        1607.00        

工件 34:
  34       0               打印机2            0.00            29963.56        29963.56       
  34       1               批处理机2           29963.56        30798.56        835.00         
  34       2               离散机1            30798.56        31727.56        929.00         
  34       3               离散机1            33090.56        34652.56        1562.00        
  34       4               离散机6            43773.10        44811.10        1038.00        
  34       5               离散机4            46283.10        47412.10        1129.00        

工件 35:
  35       0               打印机4            15545.38        38151.10        22605.72       
  35       1               批处理机2           38151.10        38986.10        835.00         
  35       2               离散机1            40516.10        41944.10        1428.00        
  35       3               离散机5            47075.10        48172.10        1097.00        

工件 36:
  36       0               打印机1            0.00            24541.00        24541.00       
  36       1               批处理机2           24541.00        25376.00        835.00         
  36       2               离散机6            30831.00        31836.00        1005.00        
  36       3               离散机5            31836.00        32749.00        913.00         
  36       4               离散机6            36134.00        37314.00        1180.00        
  36       5               离散机7            37515.56        38724.56        1209.00        
  36       6               离散机5            41333.10        42274.10        941.00         
  36       7               离散机4            43612.10        44629.10        1017.00        
  36       8               离散机2            46481.10        47495.10        1014.00        

工件 37:
  37       0               打印机4            0.00            15545.38        15545.38       
  37       1               批处理机2           15545.38        16380.38        835.00         

工件 38:
  38       0               打印机4            0.00            15545.38        15545.38       
  38       1               批处理机2           15545.38        16380.38        835.00         
  38       2               离散机7            16380.38        17645.38        1265.00        
  38       3               离散机2            17645.38        18704.38        1059.00        
  38       4               离散机2            18704.38        19727.38        1023.00        
  38       5               离散机3            22242.38        23722.38        1480.00        
  38       6               离散机7            54581.86        55609.86        1028.00        

工件 39:
  39       0               打印机3            0.00            23206.84        23206.84       
  39       1               批处理机2           23206.84        24041.84        835.00         
  39       2               离散机1            24041.84        25408.84        1367.00        
  39       3               离散机8            29286.00        30531.00        1245.00        
  39       4               离散机6            44811.10        46083.10        1272.00        

工件 40:
  40       0               打印机3            0.00            23206.84        23206.84       
  40       1               批处理机2           23206.84        24041.84        835.00         
  40       2               离散机2            24041.84        25408.84        1367.00        
  40       3               离散机3            27831.00        28928.00        1097.00        
  40       4               离散机2            32057.00        33640.00        1583.00        
  40       5               离散机4            36516.56        37805.56        1289.00        

工件 41:
  41       0               打印机2            0.00            29963.56        29963.56       
  41       1               批处理机2           29963.56        30798.56        835.00         
  41       2               离散机4            30798.56        32320.56        1522.00        
  41       3               离散机7            50925.10        52524.10        1599.00        

工件 42:
  42       0               打印机4            15545.38        38151.10        22605.72       
  42       1               批处理机2           38151.10        38986.10        835.00         
  42       2               离散机5            38986.10        40122.10        1136.00        
  42       3               离散机4            40122.10        41163.10        1041.00        
  42       4               离散机7            41163.10        42693.10        1530.00        
  42       5               离散机1            43123.10        44590.10        1467.00        
  42       6               离散机3            44925.10        46051.10        1126.00        
  42       7               离散机8            46051.10        47510.10        1459.00        
  42       8               离散机2            47510.10        49209.10        1699.00        
  42       9               离散机8            49308.10        50589.10        1281.00        

工件 43:
  43       0               打印机3            0.00            23206.84        23206.84       
  43       1               批处理机2           23206.84        24041.84        835.00         
  43       2               离散机1            25408.84        26596.84        1188.00        
  43       3               离散机7            26596.84        27538.84        942.00         
  43       4               离散机1            29741.00        30736.00        995.00         
  43       5               离散机5            34837.00        36156.00        1319.00        
  43       6               离散机3            37157.00        38146.00        989.00         
  43       7               离散机3            38146.00        39684.00        1538.00        
  43       8               离散机8            40003.10        41466.10        1463.00        

工件 44:
  44       0               打印机1            0.00            24541.00        24541.00       
  44       1               批处理机2           24541.00        25376.00        835.00         
  44       2               离散机8            28268.00        29286.00        1018.00        
  44       3               离散机2            29319.00        30755.00        1436.00        
  44       4               离散机2            33640.00        34853.00        1213.00        
  44       5               离散机1            36842.00        38633.00        1791.00        
  44       6               离散机5            42274.10        43289.10        1015.00        
  44       7               离散机3            46051.10        47535.10        1484.00        
  44       8               离散机1            47535.10        49089.10        1554.00        
  44       9               离散机2            49209.10        50176.10        967.00         

工件 45:
  45       0               打印机4            15545.38        38151.10        22605.72       
  45       1               批处理机2           38151.10        38986.10        835.00         
  45       2               离散机8            38986.10        40003.10        1017.00        
  45       3               离散机2            40003.10        41594.10        1591.00        
  45       4               离散机8            41594.10        42654.10        1060.00        
  45       5               离散机3            42654.10        44007.10        1353.00        
  45       6               离散机1            50519.10        52102.10        1583.00        
  45       7               离散机2            52830.10        53975.10        1145.00        

工件 46:
  46       0               打印机4            15545.38        38151.10        22605.72       
  46       1               批处理机2           38151.10        38986.10        835.00         
  46       2               离散机1            38986.10        40516.10        1530.00        
  46       3               离散机1            41944.10        43123.10        1179.00        
  46       4               离散机8            43123.10        44508.10        1385.00        
  46       5               离散机5            44508.10        46133.10        1625.00        
  46       6               离散机7            46133.10        47631.10        1498.00        
  46       7               离散机4            48337.10        49678.10        1341.00        

工件 47:
  47       0               打印机4            0.00            15545.38        15545.38       
  47       1               批处理机2           15545.38        16380.38        835.00         
  47       2               离散机6            17818.38        18861.38        1043.00        
  47       3               离散机1            19389.38        20619.38        1230.00        
  47       4               离散机3            20619.38        22242.38        1623.00        
  47       5               离散机8            22242.38        23702.38        1460.00        
  47       6               离散机7            28859.84        29859.84        1000.00        

工件 48:
  48       0               打印机1            0.00            24541.00        24541.00       
  48       1               批处理机2           24541.00        25376.00        835.00         
  48       2               离散机4            25376.00        26347.00        971.00         
  48       3               离散机3            26347.00        27831.00        1484.00        
  48       4               离散机4            27831.00        28840.00        1009.00        
  48       5               离散机6            37314.00        38505.00        1191.00        
  48       6               离散机4            38505.00        40091.00        1586.00        
  48       7               离散机2            45418.10        46481.10        1063.00        

工件 49:
  49       0               打印机4            15545.38        38151.10        22605.72       
  49       1               批处理机2           38151.10        38986.10        835.00         
  49       2               离散机6            38986.10        39915.10        929.00         
  49       3               离散机2            41594.10        42951.10        1357.00        
  49       4               离散机3            44007.10        44925.10        918.00         
  49       5               离散机8            44925.10        45884.10        959.00         
  49       6               离散机4            47412.10        48337.10        925.00         

【机器加工顺序记录】
----------------------------------------------------------------------------------------------------

打印机1:
工件号      工序号             开始时间            结束时间            加工时长           
--------------------------------------------------------------------------------
  2        0               0.00            24541.00        24541.00       
  7        0               0.00            24541.00        24541.00       
  9        0               0.00            24541.00        24541.00       
  11       0               0.00            24541.00        24541.00       
  30       0               0.00            24541.00        24541.00       
  36       0               0.00            24541.00        24541.00       
  44       0               0.00            24541.00        24541.00       
  48       0               0.00            24541.00        24541.00       

  机器利用率: 330.47% (忙碌时间: 196328.00 / 总时间: 59407.86)

打印机2:
工件号      工序号             开始时间            结束时间            加工时长           
--------------------------------------------------------------------------------
  12       0               0.00            29963.56        29963.56       
  13       0               0.00            29963.56        29963.56       
  21       0               0.00            29963.56        29963.56       
  24       0               0.00            29963.56        29963.56       
  32       0               0.00            29963.56        29963.56       
  33       0               0.00            29963.56        29963.56       
  34       0               0.00            29963.56        29963.56       
  41       0               0.00            29963.56        29963.56       

  机器利用率: 403.50% (忙碌时间: 239708.44 / 总时间: 59407.86)

打印机3:
工件号      工序号             开始时间            结束时间            加工时长           
--------------------------------------------------------------------------------
  0        0               0.00            23206.84        23206.84       
  1        0               0.00            23206.84        23206.84       
  5        0               0.00            23206.84        23206.84       
  10       0               0.00            23206.84        23206.84       
  16       0               0.00            23206.84        23206.84       
  19       0               0.00            23206.84        23206.84       
  25       0               0.00            23206.84        23206.84       
  26       0               0.00            23206.84        23206.84       
  39       0               0.00            23206.84        23206.84       
  40       0               0.00            23206.84        23206.84       
  43       0               0.00            23206.84        23206.84       

  机器利用率: 429.70% (忙碌时间: 255275.19 / 总时间: 59407.86)

打印机4:
工件号      工序号             开始时间            结束时间            加工时长           
--------------------------------------------------------------------------------
  3        0               0.00            15545.38        15545.38       
  8        0               0.00            15545.38        15545.38       
  14       0               0.00            15545.38        15545.38       
  22       0               0.00            15545.38        15545.38       
  23       0               0.00            15545.38        15545.38       
  37       0               0.00            15545.38        15545.38       
  38       0               0.00            15545.38        15545.38       
  47       0               0.00            15545.38        15545.38       
  4        0               15545.38        38151.10        22605.72       
  6        0               15545.38        38151.10        22605.72       
  17       0               15545.38        38151.10        22605.72       
  20       0               15545.38        38151.10        22605.72       
  27       0               15545.38        38151.10        22605.72       
  29       0               15545.38        38151.10        22605.72       
  35       0               15545.38        38151.10        22605.72       
  42       0               15545.38        38151.10        22605.72       
  45       0               15545.38        38151.10        22605.72       
  46       0               15545.38        38151.10        22605.72       
  49       0               15545.38        38151.10        22605.72       
  15       0               38151.10        52687.86        14536.76       
  18       0               38151.10        52687.86        14536.76       
  28       0               38151.10        52687.86        14536.76       
  31       0               38151.10        52687.86        14536.76       

  机器利用率: 725.78% (忙碌时间: 431173.03 / 总时间: 59407.86)

批处理机1:
工件号      工序号             开始时间            结束时间            加工时长           
--------------------------------------------------------------------------------

  机器利用率: 0.00% (忙碌时间: 0.00 / 总时间: 59407.86)

批处理机2:
工件号      工序号             开始时间            结束时间            加工时长           
--------------------------------------------------------------------------------
  3        1               15545.38        16380.38        835.00         
  8        1               15545.38        16380.38        835.00         
  14       1               15545.38        16380.38        835.00         
  22       1               15545.38        16380.38        835.00         
  23       1               15545.38        16380.38        835.00         
  37       1               15545.38        16380.38        835.00         
  38       1               15545.38        16380.38        835.00         
  47       1               15545.38        16380.38        835.00         
  0        1               23206.84        24041.84        835.00         
  1        1               23206.84        24041.84        835.00         
  5        1               23206.84        24041.84        835.00         
  10       1               23206.84        24041.84        835.00         
  16       1               23206.84        24041.84        835.00         
  19       1               23206.84        24041.84        835.00         
  25       1               23206.84        24041.84        835.00         
  26       1               23206.84        24041.84        835.00         
  39       1               23206.84        24041.84        835.00         
  40       1               23206.84        24041.84        835.00         
  43       1               23206.84        24041.84        835.00         
  2        1               24541.00        25376.00        835.00         
  7        1               24541.00        25376.00        835.00         
  9        1               24541.00        25376.00        835.00         
  11       1               24541.00        25376.00        835.00         
  30       1               24541.00        25376.00        835.00         
  36       1               24541.00        25376.00        835.00         
  44       1               24541.00        25376.00        835.00         
  48       1               24541.00        25376.00        835.00         
  12       1               29963.56        30798.56        835.00         
  13       1               29963.56        30798.56        835.00         
  21       1               29963.56        30798.56        835.00         
  24       1               29963.56        30798.56        835.00         
  32       1               29963.56        30798.56        835.00         
  33       1               29963.56        30798.56        835.00         
  34       1               29963.56        30798.56        835.00         
  41       1               29963.56        30798.56        835.00         
  4        1               38151.10        38986.10        835.00         
  6        1               38151.10        38986.10        835.00         
  17       1               38151.10        38986.10        835.00         
  20       1               38151.10        38986.10        835.00         
  27       1               38151.10        38986.10        835.00         
  29       1               38151.10        38986.10        835.00         
  35       1               38151.10        38986.10        835.00         
  42       1               38151.10        38986.10        835.00         
  45       1               38151.10        38986.10        835.00         
  46       1               38151.10        38986.10        835.00         
  49       1               38151.10        38986.10        835.00         
  15       1               52687.86        53522.86        835.00         
  18       1               52687.86        53522.86        835.00         
  28       1               52687.86        53522.86        835.00         
  31       1               52687.86        53522.86        835.00         

  机器利用率: 70.28% (忙碌时间: 41750.00 / 总时间: 59407.86)

离散机1:
工件号      工序号             开始时间            结束时间            加工时长           
--------------------------------------------------------------------------------
  14       3               17732.38        19389.38        1657.00        
  47       3               19389.38        20619.38        1230.00        
  22       3               20619.38        21605.38        986.00         
  14       6               22019.38        22930.38        911.00         
  39       2               24041.84        25408.84        1367.00        
  43       2               25408.84        26596.84        1188.00        
  9        2               26596.84        28234.84        1638.00        
  2        3               28273.00        29741.00        1468.00        
  43       4               29741.00        30736.00        995.00         
  34       2               30798.56        31727.56        929.00         
  7        3               31727.56        33090.56        1363.00        
  34       3               33090.56        34652.56        1562.00        
  26       3               35048.00        36842.00        1794.00        
  44       5               36842.00        38633.00        1791.00        
  46       2               38986.10        40516.10        1530.00        
  35       2               40516.10        41944.10        1428.00        
  46       3               41944.10        43123.10        1179.00        
  42       5               43123.10        44590.10        1467.00        
  2        7               44590.10        46037.10        1447.00        
  1        7               46037.10        46971.10        934.00         
  44       8               47535.10        49089.10        1554.00        
  27       6               49475.10        50519.10        1044.00        
  45       6               50519.10        52102.10        1583.00        

  机器利用率: 52.26% (忙碌时间: 31045.00 / 总时间: 59407.86)

离散机2:
工件号      工序号             开始时间            结束时间            加工时长           
--------------------------------------------------------------------------------
  38       3               17645.38        18704.38        1059.00        
  38       4               18704.38        19727.38        1023.00        
  22       4               21605.38        22684.38        1079.00        
  40       2               24041.84        25408.84        1367.00        
  1        3               26545.84        28023.84        1478.00        
  11       4               28268.00        29319.00        1051.00        
  44       3               29319.00        30755.00        1436.00        
  2        4               30755.00        32057.00        1302.00        
  40       4               32057.00        33640.00        1583.00        
  44       4               33640.00        34853.00        1213.00        
  0        2               34853.00        36077.00        1224.00        
  13       3               36134.00        37399.00        1265.00        
  25       4               37399.00        38897.00        1498.00        
  45       3               40003.10        41594.10        1591.00        
  49       3               41594.10        42951.10        1357.00        
  27       4               43811.10        45418.10        1607.00        
  48       7               45418.10        46481.10        1063.00        
  36       8               46481.10        47495.10        1014.00        
  42       8               47510.10        49209.10        1699.00        
  44       9               49209.10        50176.10        967.00         
  6        6               50176.10        51907.10        1731.00        
  9        8               51907.10        52830.10        923.00         
  45       7               52830.10        53975.10        1145.00        

  机器利用率: 49.95% (忙碌时间: 29675.00 / 总时间: 59407.86)

离散机3:
工件号      工序号             开始时间            结束时间            加工时长           
--------------------------------------------------------------------------------
  14       2               16380.38        17732.38        1352.00        
  23       2               17732.38        18918.38        1186.00        
  23       3               18918.38        20147.38        1229.00        
  47       4               20619.38        22242.38        1623.00        
  38       5               22242.38        23722.38        1480.00        
  23       6               23722.38        24632.38        910.00         
  16       3               24994.84        26339.84        1345.00        
  48       3               26347.00        27831.00        1484.00        
  40       3               27831.00        28928.00        1097.00        
  11       5               29319.00        30672.00        1353.00        
  1        4               30672.00        32442.00        1770.00        
  16       4               32442.00        33762.00        1320.00        
  16       5               33762.00        35198.00        1436.00        
  19       3               35198.00        36224.00        1026.00        
  30       6               36224.00        37157.00        933.00         
  43       6               37157.00        38146.00        989.00         
  43       7               38146.00        39684.00        1538.00        
  16       6               39684.00        40889.00        1205.00        
  33       2               40889.00        42496.00        1607.00        
  45       5               42654.10        44007.10        1353.00        
  49       4               44007.10        44925.10        918.00         
  42       6               44925.10        46051.10        1126.00        
  44       7               46051.10        47535.10        1484.00        
  20       6               47535.10        48868.10        1333.00        
  11       8               48868.10        50553.10        1685.00        
  11       9               50553.10        52098.10        1545.00        

  机器利用率: 57.78% (忙碌时间: 34327.00 / 总时间: 59407.86)

离散机4:
工件号      工序号             开始时间            结束时间            加工时长           
--------------------------------------------------------------------------------
  14       7               22930.38        23894.38        964.00         
  48       2               25376.00        26347.00        971.00         
  30       2               26347.00        27831.00        1484.00        
  48       4               27831.00        28840.00        1009.00        
  25       3               28840.00        30325.00        1485.00        
  41       2               30798.56        32320.56        1522.00        
  11       6               32320.56        33858.56        1538.00        
  32       2               33858.56        35399.56        1541.00        
  7        4               35399.56        36516.56        1117.00        
  40       5               36516.56        37805.56        1289.00        
  48       6               38505.00        40091.00        1586.00        
  42       3               40122.10        41163.10        1041.00        
  20       3               41163.10        42430.10        1267.00        
  6        3               42430.10        43612.10        1182.00        
  36       7               43612.10        44629.10        1017.00        
  6        5               44916.10        46283.10        1367.00        
  34       5               46283.10        47412.10        1129.00        
  49       6               47412.10        48337.10        925.00         
  46       7               48337.10        49678.10        1341.00        

  机器利用率: 40.02% (忙碌时间: 23775.00 / 总时间: 59407.86)

离散机5:
工件号      工序号             开始时间            结束时间            加工时长           
--------------------------------------------------------------------------------
  9        3               28234.84        29332.84        1098.00        
  36       3               31836.00        32749.00        913.00         
  9        5               33631.00        34837.00        1206.00        
  43       5               34837.00        36156.00        1319.00        
  9        6               36156.00        37565.00        1409.00        
  26       4               37565.00        38552.00        987.00         
  42       2               38986.10        40122.10        1136.00        
  6        2               40122.10        41333.10        1211.00        
  36       6               41333.10        42274.10        941.00         
  44       6               42274.10        43289.10        1015.00        
  7        7               43289.10        44458.10        1169.00        
  46       5               44508.10        46133.10        1625.00        
  20       5               46133.10        47075.10        942.00         
  35       3               47075.10        48172.10        1097.00        
  27       5               48172.10        49475.10        1303.00        
  2        8               49475.10        50549.10        1074.00        

  机器利用率: 31.05% (忙碌时间: 18445.00 / 总时间: 59407.86)

离散机6:
工件号      工序号             开始时间            结束时间            加工时长           
--------------------------------------------------------------------------------
  22       2               16380.38        17818.38        1438.00        
  47       2               17818.38        18861.38        1043.00        
  14       4               19389.38        20827.38        1438.00        
  23       4               20827.38        21771.38        944.00         
  23       5               21771.38        23319.38        1548.00        
  22       5               23319.38        24319.38        1000.00        
  7        2               25376.00        26477.00        1101.00        
  2        2               26477.00        28273.00        1796.00        
  19       2               28273.00        29702.00        1429.00        
  30       3               29702.00        30831.00        1129.00        
  36       2               30831.00        31836.00        1005.00        
  9        4               31836.00        33631.00        1795.00        
  26       2               33631.00        35048.00        1417.00        
  13       2               35048.00        36134.00        1086.00        
  36       4               36134.00        37314.00        1180.00        
  48       5               37314.00        38505.00        1191.00        
  49       2               38986.10        39915.10        929.00         
  20       2               39915.10        41075.10        1160.00        
  7        6               41075.10        42406.10        1331.00        
  20       4               42430.10        43773.10        1343.00        
  34       4               43773.10        44811.10        1038.00        
  39       4               44811.10        46083.10        1272.00        
  11       7               46083.10        47034.10        951.00         
  30       7               47034.10        48779.10        1745.00        
  23       8               48779.10        50013.10        1234.00        
  22       6               50013.10        51591.10        1578.00        
  6        7               51907.10        53425.10        1518.00        
  18       2               53522.86        54624.86        1102.00        
  15       3               54764.86        56411.86        1647.00        
  17       2               56411.86        57510.86        1099.00        

  机器利用率: 64.78% (忙碌时间: 38487.00 / 总时间: 59407.86)

离散机7:
工件号      工序号             开始时间            结束时间            加工时长           
--------------------------------------------------------------------------------
  38       2               16380.38        17645.38        1265.00        
  14       5               20827.38        22019.38        1192.00        
  16       2               24041.84        24994.84        953.00         
  1        2               24994.84        26545.84        1551.00        
  43       3               26596.84        27538.84        942.00         
  10       2               27538.84        28859.84        1321.00        
  47       6               28859.84        29859.84        1000.00        
  30       4               30831.00        31991.00        1160.00        
  2        5               32057.00        33482.00        1425.00        
  2        6               33482.00        34624.00        1142.00        
  30       5               34624.00        35933.00        1309.00        
  7        5               36516.56        37515.56        999.00         
  36       5               37515.56        38724.56        1209.00        
  27       2               38986.10        40383.10        1397.00        
  42       4               41163.10        42693.10        1530.00        
  27       3               42693.10        43811.10        1118.00        
  6        4               43811.10        44916.10        1105.00        
  1        6               44916.10        45970.10        1054.00        
  46       6               46133.10        47631.10        1498.00        
  13       4               47631.10        49346.10        1715.00        
  13       5               49346.10        50925.10        1579.00        
  41       3               50925.10        52524.10        1599.00        
  28       2               53522.86        54581.86        1059.00        
  38       6               54581.86        55609.86        1028.00        
  15       4               56411.86        58091.86        1680.00        

  机器利用率: 53.58% (忙碌时间: 31830.00 / 总时间: 59407.86)

离散机8:
工件号      工序号             开始时间            结束时间            加工时长           
--------------------------------------------------------------------------------
  47       5               22242.38        23702.38        1460.00        
  25       2               24041.84        25185.84        1144.00        
  11       2               25376.00        26814.00        1438.00        
  11       3               26814.00        28268.00        1454.00        
  44       2               28268.00        29286.00        1018.00        
  39       3               29286.00        30531.00        1245.00        
  12       2               30798.56        31728.56        930.00         
  1        5               32442.00        34028.00        1586.00        
  23       7               34028.00        35555.00        1527.00        
  5        2               35555.00        36495.00        940.00         
  45       2               38986.10        40003.10        1017.00        
  43       8               40003.10        41466.10        1463.00        
  45       4               41594.10        42654.10        1060.00        
  46       4               43123.10        44508.10        1385.00        
  49       5               44925.10        45884.10        959.00         
  42       7               46051.10        47510.10        1459.00        
  9        7               47510.10        49308.10        1798.00        
  42       9               49308.10        50589.10        1281.00        
  15       2               53522.86        54764.86        1242.00        
  18       3               54764.86        56369.86        1605.00        
  18       4               56369.86        57896.86        1527.00        
  15       5               58091.86        59407.86        1316.00        

  机器利用率: 48.57% (忙碌时间: 28854.00 / 总时间: 59407.86)

【打印批次详细信息】
----------------------------------------------------------------------------------------------------

打印机 1 (尺寸: 1061.0 x 460.0 x 511.0):
--------------------------------------------------------------------------------
  批次 1: 零件数=8, 占用率=88.48%
    - 44: 尺寸 632.0 x 309.0 x 29.0
    - 48: 尺寸 362.0 x 158.0 x 102.0
    - 30: 尺寸 51.0 x 57.0 x 63.0
    - 11: 尺寸 222.0 x 255.0 x 86.0
    - 36: 尺寸 192.0 x 288.0 x 89.0
    - 9: 尺寸 206.0 x 137.0 x 68.0
    - 2: 尺寸 197.0 x 71.0 x 91.0
    - 7: 尺寸 153.0 x 146.0 x 90.0

打印机 2 (尺寸: 1102.0 x 487.0 x 623.0):
--------------------------------------------------------------------------------
  批次 1: 零件数=8, 占用率=64.77%
    - 13: 尺寸 636.0 x 152.0 x 46.0
    - 41: 尺寸 444.0 x 226.0 x 15.0
    - 21: 尺寸 200.0 x 92.0 x 13.0
    - 33: 尺寸 112.0 x 98.0 x 19.0
    - 24: 尺寸 310.0 x 250.0 x 57.0
    - 32: 尺寸 117.0 x 87.0 x 57.0
    - 12: 尺寸 138.0 x 94.0 x 44.0
    - 34: 尺寸 151.0 x 136.0 x 15.0

打印机 3 (尺寸: 977.0 x 403.0 x 687.0):
--------------------------------------------------------------------------------
  批次 1: 零件数=11, 占用率=62.35%
    - 0: 尺寸 60.0 x 69.0 x 11.0
    - 43: 尺寸 76.0 x 69.0 x 28.0
    - 40: 尺寸 64.0 x 124.0 x 42.0
    - 39: 尺寸 243.0 x 134.0 x 70.0
    - 25: 尺寸 105.0 x 80.0 x 86.0
    - 5: 尺寸 145.0 x 86.0 x 67.0
    - 19: 尺寸 255.0 x 86.0 x 76.0
    - 10: 尺寸 79.0 x 140.0 x 32.0
    - 1: 尺寸 197.0 x 108.0 x 87.0
    - 16: 尺寸 438.0 x 159.0 x 84.0
    - 26: 尺寸 371.0 x 137.0 x 62.0

打印机 4 (尺寸: 1162.0 x 485.0 x 618.0):
--------------------------------------------------------------------------------
  批次 1: 零件数=8, 占用率=92.08%
    - 3: 尺寸 550.0 x 193.0 x 83.0
    - 47: 尺寸 555.0 x 334.0 x 118.0
    - 37: 尺寸 54.0 x 158.0 x 89.0
    - 8: 尺寸 451.0 x 292.0 x 10.0
    - 23: 尺寸 91.0 x 263.0 x 136.0
    - 38: 尺寸 480.0 x 86.0 x 105.0
    - 14: 尺寸 129.0 x 111.0 x 73.0
    - 22: 尺寸 130.0 x 59.0 x 135.0
  批次 2: 零件数=11, 占用率=93.10%
    - 6: 尺寸 501.0 x 339.0 x 185.0
    - 35: 尺寸 147.0 x 74.0 x 98.0
    - 49: 尺寸 476.0 x 230.0 x 168.0
    - 42: 尺寸 168.0 x 183.0 x 70.0
    - 46: 尺寸 463.0 x 229.0 x 199.0
    - 20: 尺寸 185.0 x 136.0 x 179.0
    - 27: 尺寸 80.0 x 113.0 x 151.0
    - 17: 尺寸 183.0 x 141.0 x 188.0
    - 45: 尺寸 160.0 x 143.0 x 116.0
    - 4: 尺寸 66.0 x 98.0 x 169.0
    - 29: 尺寸 93.0 x 90.0 x 92.0
  批次 3: 零件数=4, 占用率=63.43%
    - 28: 尺寸 207.0 x 159.0 x 88.0
    - 15: 尺寸 561.0 x 343.0 x 127.0
    - 31: 尺寸 359.0 x 232.0 x 75.0
    - 18: 尺寸 172.0 x 284.0 x 110.0

════════════════════════════════════════════════════════════════
