================================================================================
                          实验结果报告
================================================================================
实验配置: GA-TS - 外层GA+内层禁忌搜索
算例名称: 2M20J-01
实验次数: 第 10 次
实验时间: 2026-02-06 11:48:36

【算法参数】
  最大迭代次数: 10000
  种群规模: 100
  变异率: 0.2
  交叉率: 0.8


================================================================================
                          最终实验结果
================================================================================
最优Cmax: 156607.00
运行时间: 300005 ms (300.01 秒)
终止代数: 61277

【收敛曲线数据】
代数	Cmax
1	199905.75
51	168407.00
101	168407.00
151	168407.00
201	168407.00
251	168407.00
301	168407.00
351	168407.00
401	168407.00
451	162271.00
501	162271.00
551	162271.00
601	162271.00
651	162271.00
701	162271.00
751	162271.00
801	162271.00
851	162271.00
901	162271.00
951	162271.00
1001	162271.00
1051	162271.00
1101	162271.00
1151	162271.00
1201	162271.00
1251	162271.00
1301	162271.00
1351	162271.00
1401	162271.00
1451	162271.00
1501	162271.00
1551	162271.00
1601	162271.00
1651	162271.00
1701	162271.00
1751	162271.00
1801	162271.00
1851	162271.00
1901	162271.00
1951	162271.00
2001	162271.00
2051	162271.00
2101	162271.00
2151	162271.00
2201	162271.00
2251	162271.00
2301	162271.00
2351	162271.00
2401	162271.00
2451	162271.00
2501	162271.00
2551	162271.00
2601	162271.00
2651	162271.00
2701	162271.00
2751	162271.00
2801	162271.00
2851	162271.00
2901	162271.00
2951	162271.00
3001	162271.00
3051	162271.00
3101	162271.00
3151	162271.00
3201	162271.00
3251	162271.00
3301	162271.00
3351	162271.00
3401	162271.00
3451	162271.00
3501	162271.00
3551	162271.00
3601	162271.00
3651	162271.00
3701	162271.00
3751	162271.00
3801	162271.00
3851	162271.00
3901	162271.00
3951	162271.00
4001	162271.00
4051	162271.00
4101	162271.00
4151	162271.00
4201	162271.00
4251	162271.00
4301	162271.00
4351	162271.00
4401	162271.00
4451	162271.00
4501	162271.00
4551	162271.00
4601	162271.00
4651	162271.00
4701	162271.00
4751	162271.00
4801	162271.00
4851	162271.00
4901	162271.00
4951	162271.00
5001	162271.00
5051	162271.00
5101	162271.00
5151	162271.00
5201	162271.00
5251	162271.00
5301	162271.00
5351	162271.00
5401	162271.00
5451	162271.00
5501	162271.00
5551	162271.00
5601	162271.00
5651	162271.00
5701	162271.00
5751	162271.00
5801	162271.00
5851	162271.00
5901	162271.00
5951	162271.00
6001	162271.00
6051	162271.00
6101	162271.00
6151	162271.00
6201	162271.00
6251	162271.00
6301	162271.00
6351	162271.00
6401	162271.00
6451	162271.00
6501	162271.00
6551	162271.00
6601	162271.00
6651	162271.00
6701	162271.00
6751	162271.00
6801	162271.00
6851	162271.00
6901	162271.00
6951	162271.00
7001	162271.00
7051	162271.00
7101	162271.00
7151	162271.00
7201	162271.00
7251	162271.00
7301	162271.00
7351	162271.00
7401	162271.00
7451	162271.00
7501	162271.00
7551	162271.00
7601	162271.00
7651	162271.00
7701	162271.00
7751	162271.00
7801	162271.00
7851	162271.00
7901	162271.00
7951	162271.00
8001	162271.00
8051	162271.00
8101	162271.00
8151	162271.00
8201	162271.00
8251	162271.00
8301	162271.00
8351	162271.00
8401	162271.00
8451	162271.00
8501	162271.00
8551	162271.00
8601	162271.00
8651	162271.00
8701	162271.00
8751	162271.00
8801	162271.00
8851	162271.00
8901	162271.00
8951	162271.00
9001	162271.00
9051	162271.00
9101	162271.00
9151	162271.00
9201	162271.00
9251	162271.00
9301	162271.00
9351	162271.00
9401	162271.00
9451	162271.00
9501	162271.00
9551	162271.00
9601	162271.00
9651	162271.00
9701	162271.00
9751	162271.00
9801	162271.00
9851	162271.00
9901	162271.00
9951	162271.00
10001	162271.00
10051	162271.00
10101	162271.00
10151	162271.00
10201	162271.00
10251	162271.00
10301	162271.00
10351	162271.00
10401	162271.00
10451	162271.00
10501	162271.00
10551	162271.00
10601	162271.00
10651	162271.00
10701	162271.00
10751	162271.00
10801	162271.00
10851	162271.00
10901	162271.00
10951	162271.00
11001	162271.00
11051	162271.00
11101	162271.00
11151	162271.00
11201	162271.00
11251	162271.00
11301	162271.00
11351	162271.00
11401	162271.00
11451	162271.00
11501	162271.00
11551	162271.00
11601	162271.00
11651	162271.00
11701	162271.00
11751	162271.00
11801	162271.00
11851	162271.00
11901	162271.00
11951	162271.00
12001	162271.00
12051	162271.00
12101	162271.00
12151	162271.00
12201	162271.00
12251	162271.00
12301	162271.00
12351	162271.00
12401	162271.00
12451	162271.00
12501	162271.00
12551	162271.00
12601	162271.00
12651	162271.00
12701	162271.00
12751	162271.00
12801	162271.00
12851	162271.00
12901	162271.00
12951	162271.00
13001	162271.00
13051	162271.00
13101	162271.00
13151	162271.00
13201	162271.00
13251	162271.00
13301	162271.00
13351	162271.00
13401	162271.00
13451	162271.00
13501	162271.00
13551	162271.00
13601	162271.00
13651	162271.00
13701	162271.00
13751	162271.00
13801	162271.00
13851	162271.00
13901	162271.00
13951	156607.00
14001	156607.00
14051	156607.00
14101	156607.00
14151	156607.00
14201	156607.00
14251	156607.00
14301	156607.00
14351	156607.00
14401	156607.00
14451	156607.00
14501	156607.00
14551	156607.00
14601	156607.00
14651	156607.00
14701	156607.00
14751	156607.00
14801	156607.00
14851	156607.00
14901	156607.00
14951	156607.00
15001	156607.00
15051	156607.00
15101	156607.00
15151	156607.00
15201	156607.00
15251	156607.00
15301	156607.00
15351	156607.00
15401	156607.00
15451	156607.00
15501	156607.00
15551	156607.00
15601	156607.00
15651	156607.00
15701	156607.00
15751	156607.00
15801	156607.00
15851	156607.00
15901	156607.00
15951	156607.00
16001	156607.00
16051	156607.00
16101	156607.00
16151	156607.00
16201	156607.00
16251	156607.00
16301	156607.00
16351	156607.00
16401	156607.00
16451	156607.00
16501	156607.00
16551	156607.00
16601	156607.00
16651	156607.00
16701	156607.00
16751	156607.00
16801	156607.00
16851	156607.00
16901	156607.00
16951	156607.00
17001	156607.00
17051	156607.00
17101	156607.00
17151	156607.00
17201	156607.00
17251	156607.00
17301	156607.00
17351	156607.00
17401	156607.00
17451	156607.00
17501	156607.00
17551	156607.00
17601	156607.00
17651	156607.00
17701	156607.00
17751	156607.00
17801	156607.00
17851	156607.00
17901	156607.00
17951	156607.00
18001	156607.00
18051	156607.00
18101	156607.00
18151	156607.00
18201	156607.00
18251	156607.00
18301	156607.00
18351	156607.00
18401	156607.00
18451	156607.00
18501	156607.00
18551	156607.00
18601	156607.00
18651	156607.00
18701	156607.00
18751	156607.00
18801	156607.00
18851	156607.00
18901	156607.00
18951	156607.00
19001	156607.00
19051	156607.00
19101	156607.00
19151	156607.00
19201	156607.00
19251	156607.00
19301	156607.00
19351	156607.00
19401	156607.00
19451	156607.00
19501	156607.00
19551	156607.00
19601	156607.00
19651	156607.00
19701	156607.00
19751	156607.00
19801	156607.00
19851	156607.00
19901	156607.00
19951	156607.00
20001	156607.00
20051	156607.00
20101	156607.00
20151	156607.00
20201	156607.00
20251	156607.00
20301	156607.00
20351	156607.00
20401	156607.00
20451	156607.00
20501	156607.00
20551	156607.00
20601	156607.00
20651	156607.00
20701	156607.00
20751	156607.00
20801	156607.00
20851	156607.00
20901	156607.00
20951	156607.00
21001	156607.00
21051	156607.00
21101	156607.00
21151	156607.00
21201	156607.00
21251	156607.00
21301	156607.00
21351	156607.00
21401	156607.00
21451	156607.00
21501	156607.00
21551	156607.00
21601	156607.00
21651	156607.00
21701	156607.00
21751	156607.00
21801	156607.00
21851	156607.00
21901	156607.00
21951	156607.00
22001	156607.00
22051	156607.00
22101	156607.00
22151	156607.00
22201	156607.00
22251	156607.00
22301	156607.00
22351	156607.00
22401	156607.00
22451	156607.00
22501	156607.00
22551	156607.00
22601	156607.00
22651	156607.00
22701	156607.00
22751	156607.00
22801	156607.00
22851	156607.00
22901	156607.00
22951	156607.00
23001	156607.00
23051	156607.00
23101	156607.00
23151	156607.00
23201	156607.00
23251	156607.00
23301	156607.00
23351	156607.00
23401	156607.00
23451	156607.00
23501	156607.00
23551	156607.00
23601	156607.00
23651	156607.00
23701	156607.00
23751	156607.00
23801	156607.00
23851	156607.00
23901	156607.00
23951	156607.00
24001	156607.00
24051	156607.00
24101	156607.00
24151	156607.00
24201	156607.00
24251	156607.00
24301	156607.00
24351	156607.00
24401	156607.00
24451	156607.00
24501	156607.00
24551	156607.00
24601	156607.00
24651	156607.00
24701	156607.00
24751	156607.00
24801	156607.00
24851	156607.00
24901	156607.00
24951	156607.00
25001	156607.00
25051	156607.00
25101	156607.00
25151	156607.00
25201	156607.00
25251	156607.00
25301	156607.00
25351	156607.00
25401	156607.00
25451	156607.00
25501	156607.00
25551	156607.00
25601	156607.00
25651	156607.00
25701	156607.00
25751	156607.00
25801	156607.00
25851	156607.00
25901	156607.00
25951	156607.00
26001	156607.00
26051	156607.00
26101	156607.00
26151	156607.00
26201	156607.00
26251	156607.00
26301	156607.00
26351	156607.00
26401	156607.00
26451	156607.00
26501	156607.00
26551	156607.00
26601	156607.00
26651	156607.00
26701	156607.00
26751	156607.00
26801	156607.00
26851	156607.00
26901	156607.00
26951	156607.00
27001	156607.00
27051	156607.00
27101	156607.00
27151	156607.00
27201	156607.00
27251	156607.00
27301	156607.00
27351	156607.00
27401	156607.00
27451	156607.00
27501	156607.00
27551	156607.00
27601	156607.00
27651	156607.00
27701	156607.00
27751	156607.00
27801	156607.00
27851	156607.00
27901	156607.00
27951	156607.00
28001	156607.00
28051	156607.00
28101	156607.00
28151	156607.00
28201	156607.00
28251	156607.00
28301	156607.00
28351	156607.00
28401	156607.00
28451	156607.00
28501	156607.00
28551	156607.00
28601	156607.00
28651	156607.00
28701	156607.00
28751	156607.00
28801	156607.00
28851	156607.00
28901	156607.00
28951	156607.00
29001	156607.00
29051	156607.00
29101	156607.00
29151	156607.00
29201	156607.00
29251	156607.00
29301	156607.00
29351	156607.00
29401	156607.00
29451	156607.00
29501	156607.00
29551	156607.00
29601	156607.00
29651	156607.00
29701	156607.00
29751	156607.00
29801	156607.00
29851	156607.00
29901	156607.00
29951	156607.00
30001	156607.00
30051	156607.00
30101	156607.00
30151	156607.00
30201	156607.00
30251	156607.00
30301	156607.00
30351	156607.00
30401	156607.00
30451	156607.00
30501	156607.00
30551	156607.00
30601	156607.00
30651	156607.00
30701	156607.00
30751	156607.00
30801	156607.00
30851	156607.00
30901	156607.00
30951	156607.00
31001	156607.00
31051	156607.00
31101	156607.00
31151	156607.00
31201	156607.00
31251	156607.00
31301	156607.00
31351	156607.00
31401	156607.00
31451	156607.00
31501	156607.00
31551	156607.00
31601	156607.00
31651	156607.00
31701	156607.00
31751	156607.00
31801	156607.00
31851	156607.00
31901	156607.00
31951	156607.00
32001	156607.00
32051	156607.00
32101	156607.00
32151	156607.00
32201	156607.00
32251	156607.00
32301	156607.00
32351	156607.00
32401	156607.00
32451	156607.00
32501	156607.00
32551	156607.00
32601	156607.00
32651	156607.00
32701	156607.00
32751	156607.00
32801	156607.00
32851	156607.00
32901	156607.00
32951	156607.00
33001	156607.00
33051	156607.00
33101	156607.00
33151	156607.00
33201	156607.00
33251	156607.00
33301	156607.00
33351	156607.00
33401	156607.00
33451	156607.00
33501	156607.00
33551	156607.00
33601	156607.00
33651	156607.00
33701	156607.00
33751	156607.00
33801	156607.00
33851	156607.00
33901	156607.00
33951	156607.00
34001	156607.00
34051	156607.00
34101	156607.00
34151	156607.00
34201	156607.00
34251	156607.00
34301	156607.00
34351	156607.00
34401	156607.00
34451	156607.00
34501	156607.00
34551	156607.00
34601	156607.00
34651	156607.00
34701	156607.00
34751	156607.00
34801	156607.00
34851	156607.00
34901	156607.00
34951	156607.00
35001	156607.00
35051	156607.00
35101	156607.00
35151	156607.00
35201	156607.00
35251	156607.00
35301	156607.00
35351	156607.00
35401	156607.00
35451	156607.00
35501	156607.00
35551	156607.00
35601	156607.00
35651	156607.00
35701	156607.00
35751	156607.00
35801	156607.00
35851	156607.00
35901	156607.00
35951	156607.00
36001	156607.00
36051	156607.00
36101	156607.00
36151	156607.00
36201	156607.00
36251	156607.00
36301	156607.00
36351	156607.00
36401	156607.00
36451	156607.00
36501	156607.00
36551	156607.00
36601	156607.00
36651	156607.00
36701	156607.00
36751	156607.00
36801	156607.00
36851	156607.00
36901	156607.00
36951	156607.00
37001	156607.00
37051	156607.00
37101	156607.00
37151	156607.00
37201	156607.00
37251	156607.00
37301	156607.00
37351	156607.00
37401	156607.00
37451	156607.00
37501	156607.00
37551	156607.00
37601	156607.00
37651	156607.00
37701	156607.00
37751	156607.00
37801	156607.00
37851	156607.00
37901	156607.00
37951	156607.00
38001	156607.00
38051	156607.00
38101	156607.00
38151	156607.00
38201	156607.00
38251	156607.00
38301	156607.00
38351	156607.00
38401	156607.00
38451	156607.00
38501	156607.00
38551	156607.00
38601	156607.00
38651	156607.00
38701	156607.00
38751	156607.00
38801	156607.00
38851	156607.00
38901	156607.00
38951	156607.00
39001	156607.00
39051	156607.00
39101	156607.00
39151	156607.00
39201	156607.00
39251	156607.00
39301	156607.00
39351	156607.00
39401	156607.00
39451	156607.00
39501	156607.00
39551	156607.00
39601	156607.00
39651	156607.00
39701	156607.00
39751	156607.00
39801	156607.00
39851	156607.00
39901	156607.00
39951	156607.00
40001	156607.00
40051	156607.00
40101	156607.00
40151	156607.00
40201	156607.00
40251	156607.00
40301	156607.00
40351	156607.00
40401	156607.00
40451	156607.00
40501	156607.00
40551	156607.00
40601	156607.00
40651	156607.00
40701	156607.00
40751	156607.00
40801	156607.00
40851	156607.00
40901	156607.00
40951	156607.00
41001	156607.00
41051	156607.00
41101	156607.00
41151	156607.00
41201	156607.00
41251	156607.00
41301	156607.00
41351	156607.00
41401	156607.00
41451	156607.00
41501	156607.00
41551	156607.00
41601	156607.00
41651	156607.00
41701	156607.00
41751	156607.00
41801	156607.00
41851	156607.00
41901	156607.00
41951	156607.00
42001	156607.00
42051	156607.00
42101	156607.00
42151	156607.00
42201	156607.00
42251	156607.00
42301	156607.00
42351	156607.00
42401	156607.00
42451	156607.00
42501	156607.00
42551	156607.00
42601	156607.00
42651	156607.00
42701	156607.00
42751	156607.00
42801	156607.00
42851	156607.00
42901	156607.00
42951	156607.00
43001	156607.00
43051	156607.00
43101	156607.00
43151	156607.00
43201	156607.00
43251	156607.00
43301	156607.00
43351	156607.00
43401	156607.00
43451	156607.00
43501	156607.00
43551	156607.00
43601	156607.00
43651	156607.00
43701	156607.00
43751	156607.00
43801	156607.00
43851	156607.00
43901	156607.00
43951	156607.00
44001	156607.00
44051	156607.00
44101	156607.00
44151	156607.00
44201	156607.00
44251	156607.00
44301	156607.00
44351	156607.00
44401	156607.00
44451	156607.00
44501	156607.00
44551	156607.00
44601	156607.00
44651	156607.00
44701	156607.00
44751	156607.00
44801	156607.00
44851	156607.00
44901	156607.00
44951	156607.00
45001	156607.00
45051	156607.00
45101	156607.00
45151	156607.00
45201	156607.00
45251	156607.00
45301	156607.00
45351	156607.00
45401	156607.00
45451	156607.00
45501	156607.00
45551	156607.00
45601	156607.00
45651	156607.00
45701	156607.00
45751	156607.00
45801	156607.00
45851	156607.00
45901	156607.00
45951	156607.00
46001	156607.00
46051	156607.00
46101	156607.00
46151	156607.00
46201	156607.00
46251	156607.00
46301	156607.00
46351	156607.00
46401	156607.00
46451	156607.00
46501	156607.00
46551	156607.00
46601	156607.00
46651	156607.00
46701	156607.00
46751	156607.00
46801	156607.00
46851	156607.00
46901	156607.00
46951	156607.00
47001	156607.00
47051	156607.00
47101	156607.00
47151	156607.00
47201	156607.00
47251	156607.00
47301	156607.00
47351	156607.00
47401	156607.00
47451	156607.00
47501	156607.00
47551	156607.00
47601	156607.00
47651	156607.00
47701	156607.00
47751	156607.00
47801	156607.00
47851	156607.00
47901	156607.00
47951	156607.00
48001	156607.00
48051	156607.00
48101	156607.00
48151	156607.00
48201	156607.00
48251	156607.00
48301	156607.00
48351	156607.00
48401	156607.00
48451	156607.00
48501	156607.00
48551	156607.00
48601	156607.00
48651	156607.00
48701	156607.00
48751	156607.00
48801	156607.00
48851	156607.00
48901	156607.00
48951	156607.00
49001	156607.00
49051	156607.00
49101	156607.00
49151	156607.00
49201	156607.00
49251	156607.00
49301	156607.00
49351	156607.00
49401	156607.00
49451	156607.00
49501	156607.00
49551	156607.00
49601	156607.00
49651	156607.00
49701	156607.00
49751	156607.00
49801	156607.00
49851	156607.00
49901	156607.00
49951	156607.00
50001	156607.00
50051	156607.00
50101	156607.00
50151	156607.00
50201	156607.00
50251	156607.00
50301	156607.00
50351	156607.00
50401	156607.00
50451	156607.00
50501	156607.00
50551	156607.00
50601	156607.00
50651	156607.00
50701	156607.00
50751	156607.00
50801	156607.00
50851	156607.00
50901	156607.00
50951	156607.00
51001	156607.00
51051	156607.00
51101	156607.00
51151	156607.00
51201	156607.00
51251	156607.00
51301	156607.00
51351	156607.00
51401	156607.00
51451	156607.00
51501	156607.00
51551	156607.00
51601	156607.00
51651	156607.00
51701	156607.00
51751	156607.00
51801	156607.00
51851	156607.00
51901	156607.00
51951	156607.00
52001	156607.00
52051	156607.00
52101	156607.00
52151	156607.00
52201	156607.00
52251	156607.00
52301	156607.00
52351	156607.00
52401	156607.00
52451	156607.00
52501	156607.00
52551	156607.00
52601	156607.00
52651	156607.00
52701	156607.00
52751	156607.00
52801	156607.00
52851	156607.00
52901	156607.00
52951	156607.00
53001	156607.00
53051	156607.00
53101	156607.00
53151	156607.00
53201	156607.00
53251	156607.00
53301	156607.00
53351	156607.00
53401	156607.00
53451	156607.00
53501	156607.00
53551	156607.00
53601	156607.00
53651	156607.00
53701	156607.00
53751	156607.00
53801	156607.00
53851	156607.00
53901	156607.00
53951	156607.00
54001	156607.00
54051	156607.00
54101	156607.00
54151	156607.00
54201	156607.00
54251	156607.00
54301	156607.00
54351	156607.00
54401	156607.00
54451	156607.00
54501	156607.00
54551	156607.00
54601	156607.00
54651	156607.00
54701	156607.00
54751	156607.00
54801	156607.00
54851	156607.00
54901	156607.00
54951	156607.00
55001	156607.00
55051	156607.00
55101	156607.00
55151	156607.00
55201	156607.00
55251	156607.00
55301	156607.00
55351	156607.00
55401	156607.00
55451	156607.00
55501	156607.00
55551	156607.00
55601	156607.00
55651	156607.00
55701	156607.00
55751	156607.00
55801	156607.00
55851	156607.00
55901	156607.00
55951	156607.00
56001	156607.00
56051	156607.00
56101	156607.00
56151	156607.00
56201	156607.00
56251	156607.00
56301	156607.00
56351	156607.00
56401	156607.00
56451	156607.00
56501	156607.00
56551	156607.00
56601	156607.00
56651	156607.00
56701	156607.00
56751	156607.00
56801	156607.00
56851	156607.00
56901	156607.00
56951	156607.00
57001	156607.00
57051	156607.00
57101	156607.00
57151	156607.00
57201	156607.00
57251	156607.00
57301	156607.00
57351	156607.00
57401	156607.00
57451	156607.00
57501	156607.00
57551	156607.00
57601	156607.00
57651	156607.00
57701	156607.00
57751	156607.00
57801	156607.00
57851	156607.00
57901	156607.00
57951	156607.00
58001	156607.00
58051	156607.00
58101	156607.00
58151	156607.00
58201	156607.00
58251	156607.00
58301	156607.00
58351	156607.00
58401	156607.00
58451	156607.00
58501	156607.00
58551	156607.00
58601	156607.00
58651	156607.00
58701	156607.00
58751	156607.00
58801	156607.00
58851	156607.00
58901	156607.00
58951	156607.00
59001	156607.00
59051	156607.00
59101	156607.00
59151	156607.00
59201	156607.00
59251	156607.00
59301	156607.00
59351	156607.00
59401	156607.00
59451	156607.00
59501	156607.00
59551	156607.00
59601	156607.00
59651	156607.00
59701	156607.00
59751	156607.00
59801	156607.00
59851	156607.00
59901	156607.00
59951	156607.00
60001	156607.00
60051	156607.00
60101	156607.00
60151	156607.00
60201	156607.00
60251	156607.00
60301	156607.00
60351	156607.00
60401	156607.00
60451	156607.00
60501	156607.00
60551	156607.00
60601	156607.00
60651	156607.00
60701	156607.00
60751	156607.00
60801	156607.00
60851	156607.00
60901	156607.00
60951	156607.00
61001	156607.00
61051	156607.00
61101	156607.00
61151	156607.00
61201	156607.00
61251	156607.00
61277	156607.00

✓ 收敛曲线图已生成: 收敛曲线图.png
✓ 甘特图已生成: 甘特图.png
✓ 批次布局图已生成: 批次布局图_machine*_batch*.png (共5个批次)
【批次分配详情】

机器 0:
  批次 1:
    开始时间: 361.00
    结束时间: 66913.00
    加工时间: 66552.00
    零件数量: 5
    利用率: 84.54%
    最大高度: 282.00
    零件: 10, 15, 13, 14, 2

  批次 2:
    开始时间: 67274.00
    结束时间: 121082.00
    加工时间: 53808.00
    零件数量: 4
    利用率: 71.76%
    最大高度: 228.00
    零件: 19, 9, 7, 17

  批次 3:
    开始时间: 121443.00
    结束时间: 156607.00
    加工时间: 35164.00
    零件数量: 4
    利用率: 87.11%
    最大高度: 149.00
    零件: 16, 12, 3, 5

  机器完工时间: 156607.00

机器 1:
  批次 1:
    开始时间: 339.00
    结束时间: 89356.50
    加工时间: 89017.50
    零件数量: 4
    利用率: 78.12%
    最大高度: 286.00
    零件: 6, 8, 4, 11

  批次 2:
    开始时间: 89695.50
    结束时间: 154435.50
    加工时间: 64740.00
    零件数量: 3
    利用率: 63.93%
    最大高度: 208.00
    零件: 1, 18, 20

  机器完工时间: 154435.50


【机器负载统计】
  机器 0: 总加工时间=156607.00, 批次数=3, 零件数=13, 平均利用率=81.13%
  机器 1: 总加工时间=154435.50, 批次数=2, 零件数=7, 平均利用率=71.03%


================================================================================
                         实验结果输出完成
================================================================================

实验文件夹: chapter-1/src/main/output/comparison/2M20J-01/GA-TS_run10_20260206_114836/
包含文件:
  - 实验报告.txt (本文件)
  - 收敛曲线图.png
  - 甘特图.png
  - 批次布局图_machine*_batch*.png (每个批次独立PNG文件)
