════════════════════════════════════════════════════════════════
              Pareto前沿解集详细数据
════════════════════════════════════════════════════════════════

算例: J20P3B2D5_03
算法: NSGAII-Basic
运行次数: 4
解的数量: 29

----------------------------------------------------------------------------------------------------
序号       Cmax                 能耗(kWh)              装箱质量            批次数       
----------------------------------------------------------------------------------------------------
1        58588.00             271.04               0.5872          2         
2        50470.00             283.13               0.2376          3         
3        50940.00             277.91               0.1838          3         
4        52585.00             273.54               0.5872          2         
5        52114.00             276.27               0.1838          3         
6        56222.00             271.31               0.5872          2         
7        57388.00             271.21               0.5872          2         
8        57422.00             271.14               0.5872          2         
9        55646.00             271.57               0.5872          2         
10       51307.00             276.74               0.1838          3         
11       54935.00             271.63               0.5872          2         
12       51993.00             276.64               0.1838          3         
13       51112.00             277.62               0.1838          3         
14       53851.00             272.05               0.5872          2         
15       54480.00             271.67               0.5872          2         
16       56135.00             271.46               0.5872          2         
17       54359.00             271.95               0.5872          2         
18       51301.00             276.83               0.1838          3         
19       55680.00             271.50               0.5872          2         
20       53502.00             272.20               0.5872          2         
21       52860.00             273.04               0.5872          2         
22       52785.00             273.27               0.5872          2         
23       53272.00             272.83               0.5872          2         
24       53129.00             272.86               0.5872          2         
25       53395.00             272.57               0.5872          2         
26       53286.00             272.59               0.5872          2         
27       52027.00             276.58               0.1838          3         
28       53439.00             272.33               0.5872          2         
29       54393.00             271.88               0.5872          2         
----------------------------------------------------------------------------------------------------

统计信息:
  Cmax范围: [50470.00, 58588.00]
  能耗范围: [271.04, 283.13] kWh
  Cmax跨度: 8118.00 (13.86%)
  能耗跨度: 12.09 (4.27%)

════════════════════════════════════════════════════════════════
