================================================================================
                          实验结果报告
================================================================================
实验名称: 田口试验18 - T18_pop100_pc0.9_pm0.1_N20_TS150_L10
算例名称: 2M80J
运行ID: 8
实验时间: 2026-02-14 06:36:02

【参数配置】
  最大代数: 1000000
  种群规模: 100
  变异率: 0.1
  交叉率: 0.9

================================================================================
                          最终实验结果
================================================================================
最优Cmax: 511121.0000
运行时间: 300037 ms (300.04 秒)
终止代数: 5983

【收敛曲线数据】
代数	Cmax
1	521254.5000
11	520320.7500
21	511829.0000
31	511829.0000
41	511829.0000
51	511829.0000
61	511829.0000
71	511829.0000
81	511829.0000
91	511829.0000
101	511121.0000
111	511121.0000
121	511121.0000
131	511121.0000
141	511121.0000
151	511121.0000
161	511121.0000
171	511121.0000
181	511121.0000
191	511121.0000
201	511121.0000
211	511121.0000
221	511121.0000
231	511121.0000
241	511121.0000
251	511121.0000
261	511121.0000
271	511121.0000
281	511121.0000
291	511121.0000
301	511121.0000
311	511121.0000
321	511121.0000
331	511121.0000
341	511121.0000
351	511121.0000
361	511121.0000
371	511121.0000
381	511121.0000
391	511121.0000
401	511121.0000
411	511121.0000
421	511121.0000
431	511121.0000
441	511121.0000
451	511121.0000
461	511121.0000
471	511121.0000
481	511121.0000
491	511121.0000
501	511121.0000
511	511121.0000
521	511121.0000
531	511121.0000
541	511121.0000
551	511121.0000
561	511121.0000
571	511121.0000
581	511121.0000
591	511121.0000
601	511121.0000
611	511121.0000
621	511121.0000
631	511121.0000
641	511121.0000
651	511121.0000
661	511121.0000
671	511121.0000
681	511121.0000
691	511121.0000
701	511121.0000
711	511121.0000
721	511121.0000
731	511121.0000
741	511121.0000
751	511121.0000
761	511121.0000
771	511121.0000
781	511121.0000
791	511121.0000
801	511121.0000
811	511121.0000
821	511121.0000
831	511121.0000
841	511121.0000
851	511121.0000
861	511121.0000
871	511121.0000
881	511121.0000
891	511121.0000
901	511121.0000
911	511121.0000
921	511121.0000
931	511121.0000
941	511121.0000
951	511121.0000
961	511121.0000
971	511121.0000
981	511121.0000
991	511121.0000
1001	511121.0000
1011	511121.0000
1021	511121.0000
1031	511121.0000
1041	511121.0000
1051	511121.0000
1061	511121.0000
1071	511121.0000
1081	511121.0000
1091	511121.0000
1101	511121.0000
1111	511121.0000
1121	511121.0000
1131	511121.0000
1141	511121.0000
1151	511121.0000
1161	511121.0000
1171	511121.0000
1181	511121.0000
1191	511121.0000
1201	511121.0000
1211	511121.0000
1221	511121.0000
1231	511121.0000
1241	511121.0000
1251	511121.0000
1261	511121.0000
1271	511121.0000
1281	511121.0000
1291	511121.0000
1301	511121.0000
1311	511121.0000
1321	511121.0000
1331	511121.0000
1341	511121.0000
1351	511121.0000
1361	511121.0000
1371	511121.0000
1381	511121.0000
1391	511121.0000
1401	511121.0000
1411	511121.0000
1421	511121.0000
1431	511121.0000
1441	511121.0000
1451	511121.0000
1461	511121.0000
1471	511121.0000
1481	511121.0000
1491	511121.0000
1501	511121.0000
1511	511121.0000
1521	511121.0000
1531	511121.0000
1541	511121.0000
1551	511121.0000
1561	511121.0000
1571	511121.0000
1581	511121.0000
1591	511121.0000
1601	511121.0000
1611	511121.0000
1621	511121.0000
1631	511121.0000
1641	511121.0000
1651	511121.0000
1661	511121.0000
1671	511121.0000
1681	511121.0000
1691	511121.0000
1701	511121.0000
1711	511121.0000
1721	511121.0000
1731	511121.0000
1741	511121.0000
1751	511121.0000
1761	511121.0000
1771	511121.0000
1781	511121.0000
1791	511121.0000
1801	511121.0000
1811	511121.0000
1821	511121.0000
1831	511121.0000
1841	511121.0000
1851	511121.0000
1861	511121.0000
1871	511121.0000
1881	511121.0000
1891	511121.0000
1901	511121.0000
1911	511121.0000
1921	511121.0000
1931	511121.0000
1941	511121.0000
1951	511121.0000
1961	511121.0000
1971	511121.0000
1981	511121.0000
1991	511121.0000
2001	511121.0000
2011	511121.0000
2021	511121.0000
2031	511121.0000
2041	511121.0000
2051	511121.0000
2061	511121.0000
2071	511121.0000
2081	511121.0000
2091	511121.0000
2101	511121.0000
2111	511121.0000
2121	511121.0000
2131	511121.0000
2141	511121.0000
2151	511121.0000
2161	511121.0000
2171	511121.0000
2181	511121.0000
2191	511121.0000
2201	511121.0000
2211	511121.0000
2221	511121.0000
2231	511121.0000
2241	511121.0000
2251	511121.0000
2261	511121.0000
2271	511121.0000
2281	511121.0000
2291	511121.0000
2301	511121.0000
2311	511121.0000
2321	511121.0000
2331	511121.0000
2341	511121.0000
2351	511121.0000
2361	511121.0000
2371	511121.0000
2381	511121.0000
2391	511121.0000
2401	511121.0000
2411	511121.0000
2421	511121.0000
2431	511121.0000
2441	511121.0000
2451	511121.0000
2461	511121.0000
2471	511121.0000
2481	511121.0000
2491	511121.0000
2501	511121.0000
2511	511121.0000
2521	511121.0000
2531	511121.0000
2541	511121.0000
2551	511121.0000
2561	511121.0000
2571	511121.0000
2581	511121.0000
2591	511121.0000
2601	511121.0000
2611	511121.0000
2621	511121.0000
2631	511121.0000
2641	511121.0000
2651	511121.0000
2661	511121.0000
2671	511121.0000
2681	511121.0000
2691	511121.0000
2701	511121.0000
2711	511121.0000
2721	511121.0000
2731	511121.0000
2741	511121.0000
2751	511121.0000
2761	511121.0000
2771	511121.0000
2781	511121.0000
2791	511121.0000
2801	511121.0000
2811	511121.0000
2821	511121.0000
2831	511121.0000
2841	511121.0000
2851	511121.0000
2861	511121.0000
2871	511121.0000
2881	511121.0000
2891	511121.0000
2901	511121.0000
2911	511121.0000
2921	511121.0000
2931	511121.0000
2941	511121.0000
2951	511121.0000
2961	511121.0000
2971	511121.0000
2981	511121.0000
2991	511121.0000
3001	511121.0000
3011	511121.0000
3021	511121.0000
3031	511121.0000
3041	511121.0000
3051	511121.0000
3061	511121.0000
3071	511121.0000
3081	511121.0000
3091	511121.0000
3101	511121.0000
3111	511121.0000
3121	511121.0000
3131	511121.0000
3141	511121.0000
3151	511121.0000
3161	511121.0000
3171	511121.0000
3181	511121.0000
3191	511121.0000
3201	511121.0000
3211	511121.0000
3221	511121.0000
3231	511121.0000
3241	511121.0000
3251	511121.0000
3261	511121.0000
3271	511121.0000
3281	511121.0000
3291	511121.0000
3301	511121.0000
3311	511121.0000
3321	511121.0000
3331	511121.0000
3341	511121.0000
3351	511121.0000
3361	511121.0000
3371	511121.0000
3381	511121.0000
3391	511121.0000
3401	511121.0000
3411	511121.0000
3421	511121.0000
3431	511121.0000
3441	511121.0000
3451	511121.0000
3461	511121.0000
3471	511121.0000
3481	511121.0000
3491	511121.0000
3501	511121.0000
3511	511121.0000
3521	511121.0000
3531	511121.0000
3541	511121.0000
3551	511121.0000
3561	511121.0000
3571	511121.0000
3581	511121.0000
3591	511121.0000
3601	511121.0000
3611	511121.0000
3621	511121.0000
3631	511121.0000
3641	511121.0000
3651	511121.0000
3661	511121.0000
3671	511121.0000
3681	511121.0000
3691	511121.0000
3701	511121.0000
3711	511121.0000
3721	511121.0000
3731	511121.0000
3741	511121.0000
3751	511121.0000
3761	511121.0000
3771	511121.0000
3781	511121.0000
3791	511121.0000
3801	511121.0000
3811	511121.0000
3821	511121.0000
3831	511121.0000
3841	511121.0000
3851	511121.0000
3861	511121.0000
3871	511121.0000
3881	511121.0000
3891	511121.0000
3901	511121.0000
3911	511121.0000
3921	511121.0000
3931	511121.0000
3941	511121.0000
3951	511121.0000
3961	511121.0000
3971	511121.0000
3981	511121.0000
3991	511121.0000
4001	511121.0000
4011	511121.0000
4021	511121.0000
4031	511121.0000
4041	511121.0000
4051	511121.0000
4061	511121.0000
4071	511121.0000
4081	511121.0000
4091	511121.0000
4101	511121.0000
4111	511121.0000
4121	511121.0000
4131	511121.0000
4141	511121.0000
4151	511121.0000
4161	511121.0000
4171	511121.0000
4181	511121.0000
4191	511121.0000
4201	511121.0000
4211	511121.0000
4221	511121.0000
4231	511121.0000
4241	511121.0000
4251	511121.0000
4261	511121.0000
4271	511121.0000
4281	511121.0000
4291	511121.0000
4301	511121.0000
4311	511121.0000
4321	511121.0000
4331	511121.0000
4341	511121.0000
4351	511121.0000
4361	511121.0000
4371	511121.0000
4381	511121.0000
4391	511121.0000
4401	511121.0000
4411	511121.0000
4421	511121.0000
4431	511121.0000
4441	511121.0000
4451	511121.0000
4461	511121.0000
4471	511121.0000
4481	511121.0000
4491	511121.0000
4501	511121.0000
4511	511121.0000
4521	511121.0000
4531	511121.0000
4541	511121.0000
4551	511121.0000
4561	511121.0000
4571	511121.0000
4581	511121.0000
4591	511121.0000
4601	511121.0000
4611	511121.0000
4621	511121.0000
4631	511121.0000
4641	511121.0000
4651	511121.0000
4661	511121.0000
4671	511121.0000
4681	511121.0000
4691	511121.0000
4701	511121.0000
4711	511121.0000
4721	511121.0000
4731	511121.0000
4741	511121.0000
4751	511121.0000
4761	511121.0000
4771	511121.0000
4781	511121.0000
4791	511121.0000
4801	511121.0000
4811	511121.0000
4821	511121.0000
4831	511121.0000
4841	511121.0000
4851	511121.0000
4861	511121.0000
4871	511121.0000
4881	511121.0000
4891	511121.0000
4901	511121.0000
4911	511121.0000
4921	511121.0000
4931	511121.0000
4941	511121.0000
4951	511121.0000
4961	511121.0000
4971	511121.0000
4981	511121.0000
4991	511121.0000
5001	511121.0000
5011	511121.0000
5021	511121.0000
5031	511121.0000
5041	511121.0000
5051	511121.0000
5061	511121.0000
5071	511121.0000
5081	511121.0000
5091	511121.0000
5101	511121.0000
5111	511121.0000
5121	511121.0000
5131	511121.0000
5141	511121.0000
5151	511121.0000
5161	511121.0000
5171	511121.0000
5181	511121.0000
5191	511121.0000
5201	511121.0000
5211	511121.0000
5221	511121.0000
5231	511121.0000
5241	511121.0000
5251	511121.0000
5261	511121.0000
5271	511121.0000
5281	511121.0000
5291	511121.0000
5301	511121.0000
5311	511121.0000
5321	511121.0000
5331	511121.0000
5341	511121.0000
5351	511121.0000
5361	511121.0000
5371	511121.0000
5381	511121.0000
5391	511121.0000
5401	511121.0000
5411	511121.0000
5421	511121.0000
5431	511121.0000
5441	511121.0000
5451	511121.0000
5461	511121.0000
5471	511121.0000
5481	511121.0000
5491	511121.0000
5501	511121.0000
5511	511121.0000
5521	511121.0000
5531	511121.0000
5541	511121.0000
5551	511121.0000
5561	511121.0000
5571	511121.0000
5581	511121.0000
5591	511121.0000
5601	511121.0000
5611	511121.0000
5621	511121.0000
5631	511121.0000
5641	511121.0000
5651	511121.0000
5661	511121.0000
5671	511121.0000
5681	511121.0000
5691	511121.0000
5701	511121.0000
5711	511121.0000
5721	511121.0000
5731	511121.0000
5741	511121.0000
5751	511121.0000
5761	511121.0000
5771	511121.0000
5781	511121.0000
5791	511121.0000
5801	511121.0000
5811	511121.0000
5821	511121.0000
5831	511121.0000
5841	511121.0000
5851	511121.0000
5861	511121.0000
5871	511121.0000
5881	511121.0000
5891	511121.0000
5901	511121.0000
5911	511121.0000
5921	511121.0000
5931	511121.0000
5941	511121.0000
5951	511121.0000
5961	511121.0000
5971	511121.0000
5981	511121.0000
5983	511121.0000

✓ 收敛曲线图已生成: 收敛曲线图.png

【机器负载统计】
  机器 1: 批次数=9, 完工时间=511139.7560
  机器 2: 批次数=7, 完工时间=510345.9533


================================================================================
                         实验结果输出完成
================================================================================
