════════════════════════════════════════════════════════════════
              Pareto前沿解集详细数据
════════════════════════════════════════════════════════════════

算例: J20P3B2D5_04
算法: NSGAII
运行次数: 5
解的数量: 22

----------------------------------------------------------------------------------------------------
序号       Cmax                 能耗(kWh)              装箱质量            批次数       
----------------------------------------------------------------------------------------------------
1        59615.67             206.60               0.6746          2         
2        52788.67             239.47               0.1484          3         
3        55866.67             228.66               0.0571          3         
4        56139.25             216.67               0.1905          3         
5        54865.22             235.62               0.2030          3         
6        56167.44             213.64               0.2208          3         
7        55400.67             228.87               0.0571          3         
8        55024.22             234.84               0.2030          3         
9        57511.67             208.82               0.6746          2         
10       59235.67             206.64               0.6746          2         
11       58627.67             206.64               0.6746          2         
12       57898.67             207.40               0.6746          2         
13       58272.67             207.35               0.6746          2         
14       55747.67             228.79               0.0571          3         
15       59545.27             206.63               0.6746          2         
16       57641.27             208.43               0.6746          2         
17       58299.67             207.22               0.6746          2         
18       58450.27             206.72               0.6746          2         
19       58520.67             206.64               0.6746          2         
20       57536.67             208.58               0.6746          2         
21       57597.67             208.47               0.6746          2         
22       58476.27             206.67               0.6746          2         
----------------------------------------------------------------------------------------------------

统计信息:
  Cmax范围: [52788.67, 59615.67]
  能耗范围: [206.60, 239.47] kWh
  Cmax跨度: 6827.00 (11.45%)
  能耗跨度: 32.87 (13.73%)

════════════════════════════════════════════════════════════════
