════════════════════════════════════════════════════════════════
              最优Cmax解的详细调度记录
════════════════════════════════════════════════════════════════

【基本信息】
----------------------------------------------------------------------------------------------------
Cmax (最大完工时间): 44034.87
能耗: 248.32 kWh
装箱质量: 0.5808
批次总数: 3
工件数量: 20
机器数量: 10 (打印机:3, 批处理机:2, 离散机:5)

【染色体编码】
----------------------------------------------------------------------------------------------------
工序序列 (OS): [4, 6, 13, 0, 3, 1, 18, 8, 2, 9, 7, 14, 17, 12, 10, 11, 16, 15, 5, 19, 18, 4, 13, 17, 1, 11, 2, 17, 8, 9, 13, 6, 0, 11, 8, 4, 14, 17, 4, 3, 1, 3, 4, 14, 3, 13, 19, 17, 11, 6, 0, 11, 13, 6, 17, 16, 0, 6, 9, 8, 4, 7, 6, 10, 1, 9, 4, 0, 1, 14, 2, 16, 14, 4, 14, 14, 0, 11, 1, 13, 7, 0, 8, 8, 18, 7, 3, 2, 14, 17, 0, 4, 11, 0, 3, 11, 16, 16, 3]
机器选择 (MS): [3, 1, 3, 3, 1, 3, 2, 1, 2, 3, 3, 1, 2, 2, 2, 3, 2, 1, 3, 1, 1, 1, 1, 1, 1, 3, 2, 1, 2, 2, 1, 2, 1, 1, 1, 1, 1, 1, 1, 1, 1, 1, 1, 2, 1, 1, 3, 1, 1, 1, 2, 2, 1, 2, 1, 3, 2, 1, 1, 1, 1, 1, 1, 2, 2, 1, 1, 2, 1, 1, 2, 3, 2, 1, 2, 1, 2, 1, 3, 2, 2, 1, 1, 2, 1, 3, 2, 2, 2, 3, 1, 3, 2, 1, 2, 2, 2, 1, 3]

【零件加工顺序记录】
----------------------------------------------------------------------------------------------------
工件号      工序号             机器号             开始时间            结束时间            加工时长           
----------------------------------------------------------------------------------------------------

工件 0:
  0        0               打印机3            0.00            13438.14        13438.14       
  0        1               批处理机2           13438.14        14533.14        1095.00        
  0        2               离散机1            19151.91        20227.91        1076.00        
  0        3               离散机4            22628.14        23772.14        1144.00        
  0        4               离散机5            23772.14        25124.14        1352.00        
  0        5               离散机4            25124.14        26062.14        938.00         
  0        6               离散机1            26461.91        27526.91        1065.00        
  0        7               离散机5            32130.14        33080.14        950.00         
  0        8               离散机4            33080.14        34132.14        1052.00        
  0        9               离散机3            35956.91        37149.91        1193.00        

工件 1:
  1        0               打印机3            0.00            13438.14        13438.14       
  1        1               批处理机2           13438.14        14533.14        1095.00        
  1        2               离散机5            14533.14        15794.14        1261.00        
  1        3               离散机5            15794.14        16720.14        926.00         
  1        4               离散机1            24693.91        26461.91        1768.00        
  1        5               离散机5            29085.14        30006.14        921.00         
  1        6               离散机1            34485.91        35613.91        1128.00        

工件 2:
  2        0               打印机2            0.00            34681.87        34681.87       
  2        1               批处理机2           34681.87        35776.87        1095.00        
  2        2               离散机1            35776.87        37368.87        1592.00        
  2        3               离散机1            37368.87        38525.87        1157.00        
  2        4               离散机2            38634.87        39605.87        971.00         

工件 3:
  3        0               打印机1            0.00            16827.91        16827.91       
  3        1               批处理机2           16827.91        17922.91        1095.00        
  3        2               离散机3            18347.14        19922.14        1575.00        
  3        3               离散机4            19922.14        21722.14        1800.00        
  3        4               离散机5            21722.14        23286.14        1564.00        
  3        5               离散机1            27526.91        28552.91        1026.00        
  3        6               离散机1            28552.91        30337.91        1785.00        
  3        7               离散机4            30337.91        32003.91        1666.00        

工件 4:
  4        0               打印机3            0.00            13438.14        13438.14       
  4        1               批处理机2           13438.14        14533.14        1095.00        
  4        2               离散机1            14533.14        16119.14        1586.00        
  4        3               离散机3            16682.14        18347.14        1665.00        
  4        4               离散机1            21292.91        22784.91        1492.00        
  4        5               离散机2            22784.91        24073.91        1289.00        
  4        6               离散机5            26752.14        28180.14        1428.00        
  4        7               离散机5            28180.14        29085.14        905.00         
  4        8               离散机1            31862.91        33264.91        1402.00        
  4        9               离散机1            38525.87        39940.87        1415.00        

工件 5:
  5        0               打印机3            0.00            13438.14        13438.14       
  5        1               批处理机2           13438.14        14533.14        1095.00        

工件 6:
  6        0               打印机1            0.00            16827.91        16827.91       
  6        1               批处理机2           16827.91        17922.91        1095.00        
  6        2               离散机5            17922.91        18969.91        1047.00        
  6        3               离散机3            19922.14        21603.14        1681.00        
  6        4               离散机3            21603.14        23264.14        1661.00        
  6        5               离散机4            23772.14        25011.14        1239.00        
  6        6               离散机3            26272.91        27550.91        1278.00        

工件 7:
  7        0               打印机3            0.00            13438.14        13438.14       
  7        1               批处理机2           13438.14        14533.14        1095.00        
  7        2               离散机4            14533.14        16179.14        1646.00        
  7        3               离散机5            16720.14        17775.14        1055.00        
  7        4               离散机5            33080.14        34517.14        1437.00        

工件 8:
  8        0               打印机1            0.00            16827.91        16827.91       
  8        1               批处理机2           16827.91        17922.91        1095.00        
  8        2               离散机1            17922.91        19151.91        1229.00        
  8        3               离散机2            19151.91        20261.91        1110.00        
  8        4               离散机5            25124.14        26752.14        1628.00        
  8        5               离散机2            26752.14        27669.14        917.00         
  8        6               离散机3            30425.91        32163.91        1738.00        

工件 9:
  9        0               打印机3            0.00            13438.14        13438.14       
  9        1               批处理机2           13438.14        14533.14        1095.00        
  9        2               离散机2            14533.14        16105.14        1572.00        
  9        3               离散机3            24782.91        26272.91        1490.00        
  9        4               离散机3            27550.91        29260.91        1710.00        

工件 10:
  10       0               打印机2            0.00            34681.87        34681.87       
  10       1               批处理机2           34681.87        35776.87        1095.00        
  10       2               离散机4            36815.87        37833.87        1018.00        

工件 11:
  11       0               打印机3            0.00            13438.14        13438.14       
  11       1               批处理机2           13438.14        14533.14        1095.00        
  11       2               离散机3            15721.14        16682.14        961.00         
  11       3               离散机1            20227.91        21292.91        1065.00        
  11       4               离散机1            22784.91        23784.91        1000.00        
  11       5               离散机3            23784.91        24782.91        998.00         
  11       6               离散机5            30006.14        31104.14        1098.00        
  11       7               离散机3            32163.91        33659.91        1496.00        
  11       8               离散机5            34517.14        35685.14        1168.00        

工件 12:
  12       0               打印机2            0.00            34681.87        34681.87       
  12       1               批处理机2           34681.87        35776.87        1095.00        

工件 13:
  13       0               打印机3            0.00            13438.14        13438.14       
  13       1               批处理机2           13438.14        14533.14        1095.00        
  13       2               离散机3            14533.14        15721.14        1188.00        
  13       3               离散机1            16119.14        17783.14        1664.00        
  13       4               离散机5            18969.91        20279.91        1310.00        
  13       5               离散机1            23784.91        24693.91        909.00         
  13       6               离散机5            31104.14        32130.14        1026.00        

工件 14:
  14       0               打印机1            0.00            16827.91        16827.91       
  14       1               批处理机2           16827.91        17922.91        1095.00        
  14       2               离散机4            17922.91        19279.91        1357.00        
  14       3               离散机4            21722.14        22628.14        906.00         
  14       4               离散机3            29260.91        30425.91        1165.00        
  14       5               离散机1            30425.91        31862.91        1437.00        
  14       6               离散机2            31862.91        32875.91        1013.00        
  14       7               离散机1            33264.91        34485.91        1221.00        
  14       8               离散机3            34485.91        35956.91        1471.00        

工件 15:
  15       0               打印机1            0.00            16827.91        16827.91       
  15       1               批处理机2           16827.91        17922.91        1095.00        

工件 16:
  16       0               打印机2            0.00            34681.87        34681.87       
  16       1               批处理机2           34681.87        35776.87        1095.00        
  16       2               离散机2            35776.87        37373.87        1597.00        
  16       3               离散机3            37373.87        38557.87        1184.00        
  16       4               离散机4            38557.87        39578.87        1021.00        
  16       5               离散机5            39656.87        40928.87        1272.00        

工件 17:
  17       0               打印机2            0.00            34681.87        34681.87       
  17       1               批处理机2           34681.87        35776.87        1095.00        
  17       2               离散机4            35776.87        36815.87        1039.00        
  17       3               离散机5            36815.87        38111.87        1296.00        
  17       4               离散机5            38111.87        39656.87        1545.00        
  17       5               离散机2            39656.87        41441.87        1785.00        
  17       6               离散机5            41441.87        42787.87        1346.00        
  17       7               离散机5            42787.87        44034.87        1247.00        

工件 18:
  18       0               打印机2            0.00            34681.87        34681.87       
  18       1               批处理机2           34681.87        35776.87        1095.00        
  18       2               离散机5            35776.87        36710.87        934.00         
  18       3               离散机2            37373.87        38634.87        1261.00        

工件 19:
  19       0               打印机1            0.00            16827.91        16827.91       
  19       1               批处理机2           16827.91        17922.91        1095.00        
  19       2               离散机5            20279.91        21223.91        944.00         

【机器加工顺序记录】
----------------------------------------------------------------------------------------------------

打印机1:
工件号      工序号             开始时间            结束时间            加工时长           
--------------------------------------------------------------------------------
  3        0               0.00            16827.91        16827.91       
  6        0               0.00            16827.91        16827.91       
  8        0               0.00            16827.91        16827.91       
  14       0               0.00            16827.91        16827.91       
  15       0               0.00            16827.91        16827.91       
  19       0               0.00            16827.91        16827.91       

  机器利用率: 229.29% (忙碌时间: 100967.45 / 总时间: 44034.87)

打印机2:
工件号      工序号             开始时间            结束时间            加工时长           
--------------------------------------------------------------------------------
  2        0               0.00            34681.87        34681.87       
  10       0               0.00            34681.87        34681.87       
  12       0               0.00            34681.87        34681.87       
  16       0               0.00            34681.87        34681.87       
  17       0               0.00            34681.87        34681.87       
  18       0               0.00            34681.87        34681.87       

  机器利用率: 472.56% (忙碌时间: 208091.22 / 总时间: 44034.87)

打印机3:
工件号      工序号             开始时间            结束时间            加工时长           
--------------------------------------------------------------------------------
  0        0               0.00            13438.14        13438.14       
  1        0               0.00            13438.14        13438.14       
  4        0               0.00            13438.14        13438.14       
  5        0               0.00            13438.14        13438.14       
  7        0               0.00            13438.14        13438.14       
  9        0               0.00            13438.14        13438.14       
  11       0               0.00            13438.14        13438.14       
  13       0               0.00            13438.14        13438.14       

  机器利用率: 244.14% (忙碌时间: 107505.14 / 总时间: 44034.87)

批处理机1:
工件号      工序号             开始时间            结束时间            加工时长           
--------------------------------------------------------------------------------

  机器利用率: 0.00% (忙碌时间: 0.00 / 总时间: 44034.87)

批处理机2:
工件号      工序号             开始时间            结束时间            加工时长           
--------------------------------------------------------------------------------
  0        1               13438.14        14533.14        1095.00        
  1        1               13438.14        14533.14        1095.00        
  4        1               13438.14        14533.14        1095.00        
  5        1               13438.14        14533.14        1095.00        
  7        1               13438.14        14533.14        1095.00        
  9        1               13438.14        14533.14        1095.00        
  11       1               13438.14        14533.14        1095.00        
  13       1               13438.14        14533.14        1095.00        
  3        1               16827.91        17922.91        1095.00        
  6        1               16827.91        17922.91        1095.00        
  8        1               16827.91        17922.91        1095.00        
  14       1               16827.91        17922.91        1095.00        
  15       1               16827.91        17922.91        1095.00        
  19       1               16827.91        17922.91        1095.00        
  2        1               34681.87        35776.87        1095.00        
  10       1               34681.87        35776.87        1095.00        
  12       1               34681.87        35776.87        1095.00        
  16       1               34681.87        35776.87        1095.00        
  17       1               34681.87        35776.87        1095.00        
  18       1               34681.87        35776.87        1095.00        

  机器利用率: 49.73% (忙碌时间: 21900.00 / 总时间: 44034.87)

离散机1:
工件号      工序号             开始时间            结束时间            加工时长           
--------------------------------------------------------------------------------
  4        2               14533.14        16119.14        1586.00        
  13       3               16119.14        17783.14        1664.00        
  8        2               17922.91        19151.91        1229.00        
  0        2               19151.91        20227.91        1076.00        
  11       3               20227.91        21292.91        1065.00        
  4        4               21292.91        22784.91        1492.00        
  11       4               22784.91        23784.91        1000.00        
  13       5               23784.91        24693.91        909.00         
  1        4               24693.91        26461.91        1768.00        
  0        6               26461.91        27526.91        1065.00        
  3        5               27526.91        28552.91        1026.00        
  3        6               28552.91        30337.91        1785.00        
  14       5               30425.91        31862.91        1437.00        
  4        8               31862.91        33264.91        1402.00        
  14       7               33264.91        34485.91        1221.00        
  1        6               34485.91        35613.91        1128.00        
  2        2               35776.87        37368.87        1592.00        
  2        3               37368.87        38525.87        1157.00        
  4        9               38525.87        39940.87        1415.00        

  机器利用率: 56.81% (忙碌时间: 25017.00 / 总时间: 44034.87)

离散机2:
工件号      工序号             开始时间            结束时间            加工时长           
--------------------------------------------------------------------------------
  9        2               14533.14        16105.14        1572.00        
  8        3               19151.91        20261.91        1110.00        
  4        5               22784.91        24073.91        1289.00        
  8        5               26752.14        27669.14        917.00         
  14       6               31862.91        32875.91        1013.00        
  16       2               35776.87        37373.87        1597.00        
  18       3               37373.87        38634.87        1261.00        
  2        4               38634.87        39605.87        971.00         
  17       5               39656.87        41441.87        1785.00        

  机器利用率: 26.15% (忙碌时间: 11515.00 / 总时间: 44034.87)

离散机3:
工件号      工序号             开始时间            结束时间            加工时长           
--------------------------------------------------------------------------------
  13       2               14533.14        15721.14        1188.00        
  11       2               15721.14        16682.14        961.00         
  4        3               16682.14        18347.14        1665.00        
  3        2               18347.14        19922.14        1575.00        
  6        3               19922.14        21603.14        1681.00        
  6        4               21603.14        23264.14        1661.00        
  11       5               23784.91        24782.91        998.00         
  9        3               24782.91        26272.91        1490.00        
  6        6               26272.91        27550.91        1278.00        
  9        4               27550.91        29260.91        1710.00        
  14       4               29260.91        30425.91        1165.00        
  8        6               30425.91        32163.91        1738.00        
  11       7               32163.91        33659.91        1496.00        
  14       8               34485.91        35956.91        1471.00        
  0        9               35956.91        37149.91        1193.00        
  16       3               37373.87        38557.87        1184.00        

  机器利用率: 50.99% (忙碌时间: 22454.00 / 总时间: 44034.87)

离散机4:
工件号      工序号             开始时间            结束时间            加工时长           
--------------------------------------------------------------------------------
  7        2               14533.14        16179.14        1646.00        
  14       2               17922.91        19279.91        1357.00        
  3        3               19922.14        21722.14        1800.00        
  14       3               21722.14        22628.14        906.00         
  0        3               22628.14        23772.14        1144.00        
  6        5               23772.14        25011.14        1239.00        
  0        5               25124.14        26062.14        938.00         
  3        7               30337.91        32003.91        1666.00        
  0        8               33080.14        34132.14        1052.00        
  17       2               35776.87        36815.87        1039.00        
  10       2               36815.87        37833.87        1018.00        
  16       4               38557.87        39578.87        1021.00        

  机器利用率: 33.67% (忙碌时间: 14826.00 / 总时间: 44034.87)

离散机5:
工件号      工序号             开始时间            结束时间            加工时长           
--------------------------------------------------------------------------------
  1        2               14533.14        15794.14        1261.00        
  1        3               15794.14        16720.14        926.00         
  7        3               16720.14        17775.14        1055.00        
  6        2               17922.91        18969.91        1047.00        
  13       4               18969.91        20279.91        1310.00        
  19       2               20279.91        21223.91        944.00         
  3        4               21722.14        23286.14        1564.00        
  0        4               23772.14        25124.14        1352.00        
  8        4               25124.14        26752.14        1628.00        
  4        6               26752.14        28180.14        1428.00        
  4        7               28180.14        29085.14        905.00         
  1        5               29085.14        30006.14        921.00         
  11       6               30006.14        31104.14        1098.00        
  13       6               31104.14        32130.14        1026.00        
  0        7               32130.14        33080.14        950.00         
  7        4               33080.14        34517.14        1437.00        
  11       8               34517.14        35685.14        1168.00        
  18       2               35776.87        36710.87        934.00         
  17       3               36815.87        38111.87        1296.00        
  17       4               38111.87        39656.87        1545.00        
  16       5               39656.87        40928.87        1272.00        
  17       6               41441.87        42787.87        1346.00        
  17       7               42787.87        44034.87        1247.00        

  机器利用率: 62.81% (忙碌时间: 27660.00 / 总时间: 44034.87)

【打印批次详细信息】
----------------------------------------------------------------------------------------------------

打印机 1 (尺寸: 1168.0 x 443.0 x 687.0):
--------------------------------------------------------------------------------
  批次 1: 零件数=6, 占用率=58.08%
    - 6: 尺寸 432.0 x 257.0 x 14.0
    - 3: 尺寸 319.0 x 149.0 x 64.0
    - 8: 尺寸 334.0 x 192.0 x 17.0
    - 19: 尺寸 69.0 x 169.0 x 37.0
    - 14: 尺寸 96.0 x 84.0 x 64.0
    - 15: 尺寸 346.0 x 168.0 x 15.0

打印机 2 (尺寸: 1146.0 x 446.0 x 514.0):
--------------------------------------------------------------------------------
  批次 1: 零件数=6, 占用率=59.92%
    - 18: 尺寸 88.0 x 120.0 x 106.0
    - 2: 尺寸 650.0 x 276.0 x 77.0
    - 17: 尺寸 204.0 x 87.0 x 197.0
    - 12: 尺寸 155.0 x 411.0 x 43.0
    - 10: 尺寸 82.0 x 148.0 x 195.0
    - 16: 尺寸 159.0 x 143.0 x 146.0

打印机 3 (尺寸: 1078.0 x 483.0 x 616.0):
--------------------------------------------------------------------------------
  批次 1: 零件数=8, 占用率=76.90%
    - 4: 尺寸 136.0 x 142.0 x 38.0
    - 13: 尺寸 194.0 x 178.0 x 31.0
    - 0: 尺寸 581.0 x 352.0 x 68.0
    - 11: 尺寸 153.0 x 64.0 x 65.0
    - 1: 尺寸 88.0 x 385.0 x 77.0
    - 9: 尺寸 213.0 x 149.0 x 90.0
    - 5: 尺寸 183.0 x 251.0 x 90.0
    - 7: 尺寸 203.0 x 102.0 x 55.0

════════════════════════════════════════════════════════════════
