════════════════════════════════════════════════════════════════
              最优Cmax解的详细调度记录
════════════════════════════════════════════════════════════════

【基本信息】
----------------------------------------------------------------------------------------------------
Cmax (最大完工时间): 39217.31
能耗: 134.85 kWh
装箱质量: 0.3708
批次总数: 3
工件数量: 10
机器数量: 5 (打印机:2, 批处理机:1, 离散机:2)

【染色体编码】
----------------------------------------------------------------------------------------------------
工序序列 (OS): [2, 0, 5, 1, 7, 8, 3, 6, 9, 4, 0, 3, 1, 4, 2, 0, 9, 2, 8, 0, 1, 2, 4, 9, 7, 8, 5, 9, 4, 4, 9, 0, 5, 2, 8, 7, 2, 0, 9, 8, 7, 8, 9, 4, 7, 0, 1, 8, 9, 2]
机器选择 (MS): [2, 2, 1, 1, 2, 2, 1, 1, 2, 1, 1, 2, 1, 2, 1, 2, 1, 1, 1, 1, 2, 1, 1, 1, 1, 1, 1, 1, 1, 1, 1, 1, 1, 1, 1, 1, 1, 1, 1, 2, 1, 1, 1, 1, 1, 2, 2, 2, 2, 1]

【零件加工顺序记录】
----------------------------------------------------------------------------------------------------
工件号      工序号             机器号             开始时间            结束时间            加工时长           
----------------------------------------------------------------------------------------------------

工件 0:
  0        0               打印机2            0.00            12018.63        12018.63       
  0        1               批处理机1           12018.63        13056.63        1038.00        
  0        2               离散机1            13056.63        14001.63        945.00         
  0        3               离散机2            14001.63        15452.63        1451.00        
  0        4               离散机2            16748.63        17955.63        1207.00        
  0        5               离散机2            19386.63        20395.63        1009.00        
  0        6               离散机1            31285.31        32623.31        1338.00        
  0        7               离散机2            35644.31        36671.31        1027.00        

工件 1:
  1        0               打印机1            0.00            22701.91        22701.91       
  1        1               批处理机1           22722.31        23760.31        1038.00        
  1        2               离散机1            23760.31        24668.31        908.00         
  1        3               离散机1            25913.31        27278.31        1365.00        
  1        4               离散机1            36354.31        37737.31        1383.00        

工件 2:
  2        0               打印机2            0.00            12018.63        12018.63       
  2        1               批处理机1           12018.63        13056.63        1038.00        
  2        2               离散机1            14001.63        15626.63        1625.00        
  2        3               离散机2            15626.63        16748.63        1122.00        
  2        4               离散机2            17955.63        19386.63        1431.00        
  2        5               离散机1            20400.63        21609.63        1209.00        
  2        6               离散机2            22085.63        23731.63        1646.00        
  2        7               离散机1            37737.31        38845.31        1108.00        

工件 3:
  3        0               打印机1            0.00            22701.91        22701.91       
  3        1               批处理机1           22722.31        23760.31        1038.00        
  3        2               离散机2            23760.31        24798.31        1038.00        

工件 4:
  4        0               打印机1            0.00            22701.91        22701.91       
  4        1               批处理机1           22722.31        23760.31        1038.00        
  4        2               离散机1            24668.31        25913.31        1245.00        
  4        3               离散机2            26058.31        27476.31        1418.00        
  4        4               离散机1            28807.31        29798.31        991.00         
  4        5               离散机1            29798.31        31285.31        1487.00        
  4        6               离散机1            33978.31        35159.31        1181.00        

工件 5:
  5        0               打印机1            0.00            22701.91        22701.91       
  5        1               批处理机1           22722.31        23760.31        1038.00        
  5        2               离散机2            27476.31        28861.31        1385.00        
  5        3               离散机2            30878.31        32564.31        1686.00        

工件 6:
  6        0               打印机1            0.00            22701.91        22701.91       
  6        1               批处理机1           22722.31        23760.31        1038.00        

工件 7:
  7        0               打印机2            0.00            12018.63        12018.63       
  7        1               批处理机1           12018.63        13056.63        1038.00        
  7        2               离散机1            16983.63        18672.63        1689.00        
  7        3               离散机1            21609.63        22721.63        1112.00        
  7        4               离散机1            32623.31        33978.31        1355.00        
  7        5               离散机1            35159.31        36354.31        1195.00        

工件 8:
  8        0               打印机2            0.00            12018.63        12018.63       
  8        1               批处理机1           12018.63        13056.63        1038.00        
  8        2               离散机1            15626.63        16983.63        1357.00        
  8        3               离散机1            18672.63        20400.63        1728.00        
  8        4               离散机2            20400.63        22085.63        1685.00        
  8        5               离散机1            22721.63        23716.63        995.00         
  8        6               离散机2            33633.31        34731.31        1098.00        
  8        7               离散机2            36671.31        37782.31        1111.00        

工件 9:
  9        0               打印机2            12018.63        21684.31        9665.69        
  9        1               批处理机1           21684.31        22722.31        1038.00        
  9        2               离散机2            24798.31        26058.31        1260.00        
  9        3               离散机1            27278.31        28807.31        1529.00        
  9        4               离散机2            28861.31        29922.31        1061.00        
  9        5               离散机2            29922.31        30878.31        956.00         
  9        6               离散机2            32564.31        33633.31        1069.00        
  9        7               离散机2            34731.31        35644.31        913.00         
  9        8               离散机2            37782.31        39217.31        1435.00        

【机器加工顺序记录】
----------------------------------------------------------------------------------------------------

打印机1:
工件号      工序号             开始时间            结束时间            加工时长           
--------------------------------------------------------------------------------
  1        0               0.00            22701.91        22701.91       
  3        0               0.00            22701.91        22701.91       
  4        0               0.00            22701.91        22701.91       
  5        0               0.00            22701.91        22701.91       
  6        0               0.00            22701.91        22701.91       

  机器利用率: 289.44% (忙碌时间: 113509.57 / 总时间: 39217.31)

打印机2:
工件号      工序号             开始时间            结束时间            加工时长           
--------------------------------------------------------------------------------
  0        0               0.00            12018.63        12018.63       
  2        0               0.00            12018.63        12018.63       
  7        0               0.00            12018.63        12018.63       
  8        0               0.00            12018.63        12018.63       
  9        0               12018.63        21684.31        9665.69        

  机器利用率: 147.23% (忙碌时间: 57740.20 / 总时间: 39217.31)

批处理机1:
工件号      工序号             开始时间            结束时间            加工时长           
--------------------------------------------------------------------------------
  0        1               12018.63        13056.63        1038.00        
  2        1               12018.63        13056.63        1038.00        
  7        1               12018.63        13056.63        1038.00        
  8        1               12018.63        13056.63        1038.00        
  9        1               21684.31        22722.31        1038.00        
  1        1               22722.31        23760.31        1038.00        
  3        1               22722.31        23760.31        1038.00        
  4        1               22722.31        23760.31        1038.00        
  5        1               22722.31        23760.31        1038.00        
  6        1               22722.31        23760.31        1038.00        

  机器利用率: 26.47% (忙碌时间: 10380.00 / 总时间: 39217.31)

离散机1:
工件号      工序号             开始时间            结束时间            加工时长           
--------------------------------------------------------------------------------
  0        2               13056.63        14001.63        945.00         
  2        2               14001.63        15626.63        1625.00        
  8        2               15626.63        16983.63        1357.00        
  7        2               16983.63        18672.63        1689.00        
  8        3               18672.63        20400.63        1728.00        
  2        5               20400.63        21609.63        1209.00        
  7        3               21609.63        22721.63        1112.00        
  8        5               22721.63        23716.63        995.00         
  1        2               23760.31        24668.31        908.00         
  4        2               24668.31        25913.31        1245.00        
  1        3               25913.31        27278.31        1365.00        
  9        3               27278.31        28807.31        1529.00        
  4        4               28807.31        29798.31        991.00         
  4        5               29798.31        31285.31        1487.00        
  0        6               31285.31        32623.31        1338.00        
  7        4               32623.31        33978.31        1355.00        
  4        6               33978.31        35159.31        1181.00        
  7        5               35159.31        36354.31        1195.00        
  1        4               36354.31        37737.31        1383.00        
  2        7               37737.31        38845.31        1108.00        

  机器利用率: 65.65% (忙碌时间: 25745.00 / 总时间: 39217.31)

离散机2:
工件号      工序号             开始时间            结束时间            加工时长           
--------------------------------------------------------------------------------
  0        3               14001.63        15452.63        1451.00        
  2        3               15626.63        16748.63        1122.00        
  0        4               16748.63        17955.63        1207.00        
  2        4               17955.63        19386.63        1431.00        
  0        5               19386.63        20395.63        1009.00        
  8        4               20400.63        22085.63        1685.00        
  2        6               22085.63        23731.63        1646.00        
  3        2               23760.31        24798.31        1038.00        
  9        2               24798.31        26058.31        1260.00        
  4        3               26058.31        27476.31        1418.00        
  5        2               27476.31        28861.31        1385.00        
  9        4               28861.31        29922.31        1061.00        
  9        5               29922.31        30878.31        956.00         
  5        3               30878.31        32564.31        1686.00        
  9        6               32564.31        33633.31        1069.00        
  8        6               33633.31        34731.31        1098.00        
  9        7               34731.31        35644.31        913.00         
  0        7               35644.31        36671.31        1027.00        
  8        7               36671.31        37782.31        1111.00        
  9        8               37782.31        39217.31        1435.00        

  机器利用率: 63.77% (忙碌时间: 25008.00 / 总时间: 39217.31)

【打印批次详细信息】
----------------------------------------------------------------------------------------------------

打印机 1 (尺寸: 1015.0 x 527.0 x 621.0):
--------------------------------------------------------------------------------
  批次 1: 零件数=5, 占用率=68.26%
    - 5: 尺寸 391.0 x 186.0 x 17.0
    - 4: 尺寸 611.0 x 222.0 x 56.0
    - 1: 尺寸 98.0 x 158.0 x 90.0
    - 6: 尺寸 123.0 x 329.0 x 60.0
    - 3: 尺寸 444.0 x 227.0 x 68.0

打印机 2 (尺寸: 1127.0 x 467.0 x 616.0):
--------------------------------------------------------------------------------
  批次 1: 零件数=4, 占用率=70.49%
    - 2: 尺寸 638.0 x 269.0 x 56.0
    - 0: 尺寸 436.0 x 338.0 x 13.0
    - 7: 尺寸 147.0 x 156.0 x 14.0
    - 8: 尺寸 303.0 x 96.0 x 59.0
  批次 2: 零件数=1, 占用率=37.08%
    - 9: 尺寸 673.0 x 290.0 x 47.0

════════════════════════════════════════════════════════════════
