════════════════════════════════════════════════════════════════
              Pareto前沿解集详细数据
════════════════════════════════════════════════════════════════

算例: J20P3B2D5_01
算法: NSGAII
运行次数: 9
解的数量: 15

----------------------------------------------------------------------------------------------------
序号       Cmax                 能耗(kWh)              装箱质量            批次数       
----------------------------------------------------------------------------------------------------
1        52272.09             216.91               0.8203          2         
2        43910.09             261.82               0.4529          3         
3        48106.09             244.13               0.3687          3         
4        51143.09             240.76               0.0278          3         
5        45070.09             248.17               0.4529          3         
6        51218.09             224.74               0.3291          3         
7        50901.09             241.37               0.0278          3         
8        44778.09             248.83               0.4529          3         
9        44226.09             261.01               0.4529          3         
10       51299.09             218.86               0.8203          2         
11       51715.09             217.55               0.8203          2         
12       52032.09             217.13               0.8203          2         
13       51400.09             218.19               0.8203          2         
14       43978.09             261.66               0.4529          3         
15       51375.09             218.26               0.8203          2         
----------------------------------------------------------------------------------------------------

统计信息:
  Cmax范围: [43910.09, 52272.09]
  能耗范围: [216.91, 261.82] kWh
  Cmax跨度: 8362.00 (16.00%)
  能耗跨度: 44.91 (17.15%)

════════════════════════════════════════════════════════════════
