════════════════════════════════════════════════════════════════
              最优Cmax解的详细调度记录
════════════════════════════════════════════════════════════════

【基本信息】
----------------------------------------------------------------------------------------------------
Cmax (最大完工时间): 44034.87
能耗: 245.80 kWh
装箱质量: 0.6146
批次总数: 3
工件数量: 20
机器数量: 10 (打印机:3, 批处理机:2, 离散机:5)

【染色体编码】
----------------------------------------------------------------------------------------------------
工序序列 (OS): [6, 4, 11, 15, 9, 13, 19, 2, 1, 8, 3, 5, 0, 17, 10, 14, 7, 12, 16, 18, 7, 0, 0, 0, 4, 4, 4, 4, 4, 14, 3, 6, 4, 1, 0, 7, 6, 16, 3, 11, 8, 9, 1, 6, 14, 13, 14, 0, 13, 2, 11, 13, 14, 6, 17, 8, 1, 0, 18, 1, 11, 8, 17, 3, 16, 17, 2, 14, 1, 3, 17, 13, 14, 3, 8, 11, 3, 0, 10, 11, 4, 9, 11, 9, 17, 8, 19, 2, 13, 17, 16, 11, 0, 14, 6, 18, 4, 7, 16]
机器选择 (MS): [3, 1, 1, 3, 2, 3, 2, 2, 3, 3, 3, 2, 1, 2, 2, 3, 1, 1, 2, 2, 1, 1, 1, 1, 2, 2, 2, 1, 2, 1, 2, 2, 1, 1, 1, 1, 1, 1, 1, 1, 3, 1, 1, 1, 2, 1, 3, 1, 1, 1, 2, 2, 1, 1, 1, 2, 1, 1, 1, 1, 1, 1, 1, 1, 2, 1, 1, 2, 1, 2, 1, 3, 2, 1, 2, 2, 2, 1, 1, 1, 2, 1, 3, 2, 1, 3, 1, 2, 1, 2, 1, 3, 2, 1, 2, 2, 2, 1, 3]

【零件加工顺序记录】
----------------------------------------------------------------------------------------------------
工件号      工序号             机器号             开始时间            结束时间            加工时长           
----------------------------------------------------------------------------------------------------

工件 0:
  0        0               打印机1            0.00            17846.09        17846.09       
  0        1               批处理机2           17846.09        18941.09        1095.00        
  0        2               离散机1            18941.09        20017.09        1076.00        
  0        3               离散机4            20017.09        21161.09        1144.00        
  0        4               离散机5            21161.09        22513.09        1352.00        
  0        5               离散机4            22513.09        23451.09        938.00         
  0        6               离散机3            24356.09        25783.09        1427.00        
  0        7               离散机3            25783.09        26980.09        1197.00        
  0        8               离散机4            30312.09        31364.09        1052.00        
  0        9               离散机3            33004.09        34197.09        1193.00        

工件 1:
  1        0               打印机3            0.00            11581.00        11581.00       
  1        1               批处理机2           11581.00        12676.00        1095.00        
  1        2               离散机5            13723.00        14984.00        1261.00        
  1        3               离散机1            15288.00        16214.00        926.00         
  1        4               离散机4            16957.00        18168.00        1211.00        
  1        5               离散机5            19901.00        20822.00        921.00         
  1        6               离散机1            25037.09        26165.09        1128.00        

工件 2:
  2        0               打印机2            0.00            34681.87        34681.87       
  2        1               批处理机2           34681.87        35776.87        1095.00        
  2        2               离散机1            38648.87        40240.87        1592.00        
  2        3               离散机1            40240.87        41397.87        1157.00        
  2        4               离散机2            41441.87        42412.87        971.00         

工件 3:
  3        0               打印机3            0.00            11581.00        11581.00       
  3        1               批处理机2           11581.00        12676.00        1095.00        
  3        2               离散机3            12676.00        14251.00        1575.00        
  3        3               离散机4            14251.00        16051.00        1800.00        
  3        4               离散机5            23823.09        25387.09        1564.00        
  3        5               离散机1            26165.09        27191.09        1026.00        
  3        6               离散机4            27191.09        28646.09        1455.00        
  3        7               离散机4            28646.09        30312.09        1666.00        

工件 4:
  4        0               打印机1            0.00            17846.09        17846.09       
  4        1               批处理机2           17846.09        18941.09        1095.00        
  4        2               离散机1            20017.09        21603.09        1586.00        
  4        3               离散机1            21603.09        22797.09        1194.00        
  4        4               离散机3            22797.09        24356.09        1559.00        
  4        5               离散机2            24356.09        25645.09        1289.00        
  4        6               离散机5            25645.09        27073.09        1428.00        
  4        7               离散机5            27073.09        27978.09        905.00         
  4        8               离散机1            30410.09        31812.09        1402.00        
  4        9               离散机1            33560.09        34975.09        1415.00        

工件 5:
  5        0               打印机2            0.00            34681.87        34681.87       
  5        1               批处理机2           34681.87        35776.87        1095.00        

工件 6:
  6        0               打印机3            0.00            11581.00        11581.00       
  6        1               批处理机2           11581.00        12676.00        1095.00        
  6        2               离散机5            12676.00        13723.00        1047.00        
  6        3               离散机3            14251.00        15932.00        1681.00        
  6        4               离散机3            15932.00        17593.00        1661.00        
  6        5               离散机1            17593.00        18919.00        1326.00        
  6        6               离散机3            30100.09        31378.09        1278.00        

工件 7:
  7        0               打印机1            0.00            17846.09        17846.09       
  7        1               批处理机2           17846.09        18941.09        1095.00        
  7        2               离散机3            18941.09        20637.09        1696.00        
  7        3               离散机1            22797.09        23972.09        1175.00        
  7        4               离散机5            27978.09        29415.09        1437.00        

工件 8:
  8        0               打印机3            0.00            11581.00        11581.00       
  8        1               批处理机2           11581.00        12676.00        1095.00        
  8        2               离散机1            14059.00        15288.00        1229.00        
  8        3               离散机2            15288.00        16398.00        1110.00        
  8        4               离散机5            16398.00        18026.00        1628.00        
  8        5               离散机2            18026.00        18943.00        917.00         
  8        6               离散机3            28362.09        30100.09        1738.00        

工件 9:
  9        0               打印机2            0.00            34681.87        34681.87       
  9        1               批处理机2           34681.87        35776.87        1095.00        
  9        2               离散机1            37063.87        38648.87        1585.00        
  9        3               离散机3            38648.87        40138.87        1490.00        
  9        4               离散机3            40138.87        41848.87        1710.00        

工件 10:
  10       0               打印机2            0.00            34681.87        34681.87       
  10       1               批处理机2           34681.87        35776.87        1095.00        
  10       2               离散机4            36815.87        37833.87        1018.00        

工件 11:
  11       0               打印机1            0.00            17846.09        17846.09       
  11       1               批处理机2           17846.09        18941.09        1095.00        
  11       2               离散机3            20637.09        21598.09        961.00         
  11       3               离散机1            23972.09        25037.09        1065.00        
  11       4               离散机3            26980.09        28362.09        1382.00        
  11       5               离散机1            29321.09        30410.09        1089.00        
  11       6               离散机5            30410.09        31508.09        1098.00        
  11       7               离散机3            31508.09        33004.09        1496.00        
  11       8               离散机5            33004.09        34172.09        1168.00        

工件 12:
  12       0               打印机1            0.00            17846.09        17846.09       
  12       1               批处理机2           17846.09        18941.09        1095.00        

工件 13:
  13       0               打印机3            0.00            11581.00        11581.00       
  13       1               批处理机2           11581.00        12676.00        1095.00        
  13       2               离散机3            17593.00        18781.00        1188.00        
  13       3               离散机5            18781.00        19901.00        1120.00        
  13       4               离散机5            22513.09        23823.09        1310.00        
  13       5               离散机1            27191.09        28100.09        909.00         
  13       6               离散机1            31812.09        33560.09        1748.00        

工件 14:
  14       0               打印机3            0.00            11581.00        11581.00       
  14       1               批处理机2           11581.00        12676.00        1095.00        
  14       2               离散机1            12676.00        14059.00        1383.00        
  14       3               离散机4            16051.00        16957.00        906.00         
  14       4               离散机3            21598.09        22763.09        1165.00        
  14       5               离散机4            23451.09        24657.09        1206.00        
  14       6               离散机2            25645.09        26658.09        1013.00        
  14       7               离散机1            28100.09        29321.09        1221.00        
  14       8               离散机3            34197.09        35668.09        1471.00        

工件 15:
  15       0               打印机3            0.00            11581.00        11581.00       
  15       1               批处理机2           11581.00        12676.00        1095.00        

工件 16:
  16       0               打印机2            0.00            34681.87        34681.87       
  16       1               批处理机2           34681.87        35776.87        1095.00        
  16       2               离散机1            35776.87        37063.87        1287.00        
  16       3               离散机3            37063.87        38247.87        1184.00        
  16       4               离散机2            38247.87        39334.87        1087.00        
  16       5               离散机3            41848.87        43099.87        1251.00        

工件 17:
  17       0               打印机2            0.00            34681.87        34681.87       
  17       1               批处理机2           34681.87        35776.87        1095.00        
  17       2               离散机4            35776.87        36815.87        1039.00        
  17       3               离散机5            36815.87        38111.87        1296.00        
  17       4               离散机5            38111.87        39656.87        1545.00        
  17       5               离散机2            39656.87        41441.87        1785.00        
  17       6               离散机5            41441.87        42787.87        1346.00        
  17       7               离散机5            42787.87        44034.87        1247.00        

工件 18:
  18       0               打印机2            0.00            34681.87        34681.87       
  18       1               批处理机2           34681.87        35776.87        1095.00        
  18       2               离散机5            35776.87        36710.87        934.00         
  18       3               离散机2            36710.87        37971.87        1261.00        

工件 19:
  19       0               打印机2            0.00            34681.87        34681.87       
  19       1               批处理机2           34681.87        35776.87        1095.00        
  19       2               离散机5            39656.87        40600.87        944.00         

【机器加工顺序记录】
----------------------------------------------------------------------------------------------------

打印机1:
工件号      工序号             开始时间            结束时间            加工时长           
--------------------------------------------------------------------------------
  0        0               0.00            17846.09        17846.09       
  4        0               0.00            17846.09        17846.09       
  7        0               0.00            17846.09        17846.09       
  11       0               0.00            17846.09        17846.09       
  12       0               0.00            17846.09        17846.09       

  机器利用率: 202.64% (忙碌时间: 89230.45 / 总时间: 44034.87)

打印机2:
工件号      工序号             开始时间            结束时间            加工时长           
--------------------------------------------------------------------------------
  2        0               0.00            34681.87        34681.87       
  5        0               0.00            34681.87        34681.87       
  9        0               0.00            34681.87        34681.87       
  10       0               0.00            34681.87        34681.87       
  16       0               0.00            34681.87        34681.87       
  17       0               0.00            34681.87        34681.87       
  18       0               0.00            34681.87        34681.87       
  19       0               0.00            34681.87        34681.87       

  机器利用率: 630.08% (忙碌时间: 277454.96 / 总时间: 44034.87)

打印机3:
工件号      工序号             开始时间            结束时间            加工时长           
--------------------------------------------------------------------------------
  1        0               0.00            11581.00        11581.00       
  3        0               0.00            11581.00        11581.00       
  6        0               0.00            11581.00        11581.00       
  8        0               0.00            11581.00        11581.00       
  13       0               0.00            11581.00        11581.00       
  14       0               0.00            11581.00        11581.00       
  15       0               0.00            11581.00        11581.00       

  机器利用率: 184.10% (忙碌时间: 81067.00 / 总时间: 44034.87)

批处理机1:
工件号      工序号             开始时间            结束时间            加工时长           
--------------------------------------------------------------------------------

  机器利用率: 0.00% (忙碌时间: 0.00 / 总时间: 44034.87)

批处理机2:
工件号      工序号             开始时间            结束时间            加工时长           
--------------------------------------------------------------------------------
  1        1               11581.00        12676.00        1095.00        
  3        1               11581.00        12676.00        1095.00        
  6        1               11581.00        12676.00        1095.00        
  8        1               11581.00        12676.00        1095.00        
  13       1               11581.00        12676.00        1095.00        
  14       1               11581.00        12676.00        1095.00        
  15       1               11581.00        12676.00        1095.00        
  0        1               17846.09        18941.09        1095.00        
  4        1               17846.09        18941.09        1095.00        
  7        1               17846.09        18941.09        1095.00        
  11       1               17846.09        18941.09        1095.00        
  12       1               17846.09        18941.09        1095.00        
  2        1               34681.87        35776.87        1095.00        
  5        1               34681.87        35776.87        1095.00        
  9        1               34681.87        35776.87        1095.00        
  10       1               34681.87        35776.87        1095.00        
  16       1               34681.87        35776.87        1095.00        
  17       1               34681.87        35776.87        1095.00        
  18       1               34681.87        35776.87        1095.00        
  19       1               34681.87        35776.87        1095.00        

  机器利用率: 49.73% (忙碌时间: 21900.00 / 总时间: 44034.87)

离散机1:
工件号      工序号             开始时间            结束时间            加工时长           
--------------------------------------------------------------------------------
  14       2               12676.00        14059.00        1383.00        
  8        2               14059.00        15288.00        1229.00        
  1        3               15288.00        16214.00        926.00         
  6        5               17593.00        18919.00        1326.00        
  0        2               18941.09        20017.09        1076.00        
  4        2               20017.09        21603.09        1586.00        
  4        3               21603.09        22797.09        1194.00        
  7        3               22797.09        23972.09        1175.00        
  11       3               23972.09        25037.09        1065.00        
  1        6               25037.09        26165.09        1128.00        
  3        5               26165.09        27191.09        1026.00        
  13       5               27191.09        28100.09        909.00         
  14       7               28100.09        29321.09        1221.00        
  11       5               29321.09        30410.09        1089.00        
  4        8               30410.09        31812.09        1402.00        
  13       6               31812.09        33560.09        1748.00        
  4        9               33560.09        34975.09        1415.00        
  16       2               35776.87        37063.87        1287.00        
  9        2               37063.87        38648.87        1585.00        
  2        2               38648.87        40240.87        1592.00        
  2        3               40240.87        41397.87        1157.00        

  机器利用率: 60.22% (忙碌时间: 26519.00 / 总时间: 44034.87)

离散机2:
工件号      工序号             开始时间            结束时间            加工时长           
--------------------------------------------------------------------------------
  8        3               15288.00        16398.00        1110.00        
  8        5               18026.00        18943.00        917.00         
  4        5               24356.09        25645.09        1289.00        
  14       6               25645.09        26658.09        1013.00        
  18       3               36710.87        37971.87        1261.00        
  16       4               38247.87        39334.87        1087.00        
  17       5               39656.87        41441.87        1785.00        
  2        4               41441.87        42412.87        971.00         

  机器利用率: 21.42% (忙碌时间: 9433.00 / 总时间: 44034.87)

离散机3:
工件号      工序号             开始时间            结束时间            加工时长           
--------------------------------------------------------------------------------
  3        2               12676.00        14251.00        1575.00        
  6        3               14251.00        15932.00        1681.00        
  6        4               15932.00        17593.00        1661.00        
  13       2               17593.00        18781.00        1188.00        
  7        2               18941.09        20637.09        1696.00        
  11       2               20637.09        21598.09        961.00         
  14       4               21598.09        22763.09        1165.00        
  4        4               22797.09        24356.09        1559.00        
  0        6               24356.09        25783.09        1427.00        
  0        7               25783.09        26980.09        1197.00        
  11       4               26980.09        28362.09        1382.00        
  8        6               28362.09        30100.09        1738.00        
  6        6               30100.09        31378.09        1278.00        
  11       7               31508.09        33004.09        1496.00        
  0        9               33004.09        34197.09        1193.00        
  14       8               34197.09        35668.09        1471.00        
  16       3               37063.87        38247.87        1184.00        
  9        3               38648.87        40138.87        1490.00        
  9        4               40138.87        41848.87        1710.00        
  16       5               41848.87        43099.87        1251.00        

  机器利用率: 64.27% (忙碌时间: 28303.00 / 总时间: 44034.87)

离散机4:
工件号      工序号             开始时间            结束时间            加工时长           
--------------------------------------------------------------------------------
  3        3               14251.00        16051.00        1800.00        
  14       3               16051.00        16957.00        906.00         
  1        4               16957.00        18168.00        1211.00        
  0        3               20017.09        21161.09        1144.00        
  0        5               22513.09        23451.09        938.00         
  14       5               23451.09        24657.09        1206.00        
  3        6               27191.09        28646.09        1455.00        
  3        7               28646.09        30312.09        1666.00        
  0        8               30312.09        31364.09        1052.00        
  17       2               35776.87        36815.87        1039.00        
  10       2               36815.87        37833.87        1018.00        

  机器利用率: 30.51% (忙碌时间: 13435.00 / 总时间: 44034.87)

离散机5:
工件号      工序号             开始时间            结束时间            加工时长           
--------------------------------------------------------------------------------
  6        2               12676.00        13723.00        1047.00        
  1        2               13723.00        14984.00        1261.00        
  8        4               16398.00        18026.00        1628.00        
  13       3               18781.00        19901.00        1120.00        
  1        5               19901.00        20822.00        921.00         
  0        4               21161.09        22513.09        1352.00        
  13       4               22513.09        23823.09        1310.00        
  3        4               23823.09        25387.09        1564.00        
  4        6               25645.09        27073.09        1428.00        
  4        7               27073.09        27978.09        905.00         
  7        4               27978.09        29415.09        1437.00        
  11       6               30410.09        31508.09        1098.00        
  11       8               33004.09        34172.09        1168.00        
  18       2               35776.87        36710.87        934.00         
  17       3               36815.87        38111.87        1296.00        
  17       4               38111.87        39656.87        1545.00        
  19       2               39656.87        40600.87        944.00         
  17       6               41441.87        42787.87        1346.00        
  17       7               42787.87        44034.87        1247.00        

  机器利用率: 53.48% (忙碌时间: 23551.00 / 总时间: 44034.87)

【打印批次详细信息】
----------------------------------------------------------------------------------------------------

打印机 1 (尺寸: 1168.0 x 443.0 x 687.0):
--------------------------------------------------------------------------------
  批次 1: 零件数=5, 占用率=61.46%
    - 4: 尺寸 136.0 x 142.0 x 38.0
    - 11: 尺寸 64.0 x 153.0 x 65.0
    - 0: 尺寸 581.0 x 352.0 x 68.0
    - 7: 尺寸 203.0 x 102.0 x 55.0
    - 12: 尺寸 155.0 x 411.0 x 43.0

打印机 2 (尺寸: 1146.0 x 446.0 x 514.0):
--------------------------------------------------------------------------------
  批次 1: 零件数=8, 占用率=64.94%
    - 9: 尺寸 213.0 x 149.0 x 90.0
    - 19: 尺寸 169.0 x 69.0 x 37.0
    - 2: 尺寸 650.0 x 276.0 x 77.0
    - 17: 尺寸 87.0 x 204.0 x 197.0
    - 5: 尺寸 183.0 x 251.0 x 90.0
    - 10: 尺寸 82.0 x 148.0 x 195.0
    - 18: 尺寸 120.0 x 88.0 x 106.0
    - 16: 尺寸 159.0 x 143.0 x 146.0

打印机 3 (尺寸: 1078.0 x 483.0 x 616.0):
--------------------------------------------------------------------------------
  批次 1: 零件数=7, 占用率=68.62%
    - 6: 尺寸 432.0 x 257.0 x 14.0
    - 15: 尺寸 346.0 x 168.0 x 15.0
    - 13: 尺寸 194.0 x 178.0 x 31.0
    - 14: 尺寸 96.0 x 84.0 x 64.0
    - 1: 尺寸 88.0 x 385.0 x 77.0
    - 8: 尺寸 334.0 x 192.0 x 17.0
    - 3: 尺寸 319.0 x 149.0 x 64.0

════════════════════════════════════════════════════════════════
