════════════════════════════════════════════════════════════════
              Pareto前沿解集详细数据
════════════════════════════════════════════════════════════════

算例: J50P4B3D8_01
算法: NSGAII
运行次数: 10
解的数量: 14

----------------------------------------------------------------------------------------------------
序号       Cmax                 能耗(kWh)              装箱质量            批次数       
----------------------------------------------------------------------------------------------------
1        52157.29             387.15               0.6366          5         
2        50896.29             391.92               0.6366          5         
3        51397.29             388.40               0.6366          5         
4        51755.29             388.37               0.6366          5         
5        51199.29             389.47               0.6366          5         
6        51100.29             390.60               0.6366          5         
7        51298.91             389.36               0.6366          5         
8        51070.91             391.30               0.6366          5         
9        52005.29             387.73               0.5526          5         
10       51842.29             387.87               0.6366          5         
11       50989.29             391.65               0.6366          5         
12       51923.29             387.79               0.6366          5         
13       50907.29             391.86               0.6366          5         
14       51242.29             389.41               0.6366          5         
----------------------------------------------------------------------------------------------------

统计信息:
  Cmax范围: [50896.29, 52157.29]
  能耗范围: [387.15, 391.92] kWh
  Cmax跨度: 1261.00 (2.42%)
  能耗跨度: 4.77 (1.22%)

════════════════════════════════════════════════════════════════
