================================================================================
                          实验结果报告
================================================================================
实验配置: GA-TS - 外层GA+内层禁忌搜索
算例名称: 2M40J-04
实验次数: 第 5 次
实验时间: 2026-02-06 13:24:06

【算法参数】
  最大迭代次数: 10000
  种群规模: 100
  变异率: 0.2
  交叉率: 0.8


================================================================================
                          最终实验结果
================================================================================
最优Cmax: 261405.00
运行时间: 300012 ms (300.01 秒)
终止代数: 16242

【收敛曲线数据】
代数	Cmax
1	291441.00
51	285713.00
101	277453.00
151	269937.00
201	269937.00
251	269937.00
301	269901.00
351	269901.00
401	268249.00
451	268249.00
501	268249.00
551	268249.00
601	268249.00
651	268249.00
701	268249.00
751	268249.00
801	264334.50
851	264334.50
901	264334.50
951	264334.50
1001	264334.50
1051	264334.50
1101	264334.50
1151	264334.50
1201	264334.50
1251	264334.50
1301	264334.50
1351	264334.50
1401	264334.50
1451	264334.50
1501	264334.50
1551	264334.50
1601	264334.50
1651	264334.50
1701	264334.50
1751	264334.50
1801	263400.75
1851	263400.75
1901	263400.75
1951	263400.75
2001	263400.75
2051	263400.75
2101	263400.75
2151	263400.75
2201	263400.75
2251	263400.75
2301	263400.75
2351	263400.75
2401	263400.75
2451	263400.75
2501	263400.75
2551	263400.75
2601	263400.75
2651	263400.75
2701	263400.75
2751	263400.75
2801	263400.75
2851	263400.75
2901	263400.75
2951	263400.75
3001	263400.75
3051	263400.75
3101	263400.75
3151	263400.75
3201	263400.75
3251	263400.75
3301	263400.75
3351	263400.75
3401	263400.75
3451	263400.75
3501	263400.75
3551	263400.75
3601	263400.75
3651	263400.75
3701	263400.75
3751	263400.75
3801	263400.75
3851	263400.75
3901	263400.75
3951	263400.75
4001	263400.75
4051	263400.75
4101	263400.75
4151	263400.75
4201	263400.75
4251	263400.75
4301	263400.75
4351	263400.75
4401	263400.75
4451	263400.75
4501	263400.75
4551	263400.75
4601	263400.75
4651	263400.75
4701	263400.75
4751	263400.75
4801	263400.75
4851	263400.75
4901	263400.75
4951	263400.75
5001	263400.75
5051	263400.75
5101	263400.75
5151	263400.75
5201	263400.75
5251	263400.75
5301	263400.75
5351	263400.75
5401	263400.75
5451	263400.75
5501	263400.75
5551	263400.75
5601	263400.75
5651	263400.75
5701	263400.75
5751	263400.75
5801	263400.75
5851	263400.75
5901	263400.75
5951	263400.75
6001	263400.75
6051	263400.75
6101	263400.75
6151	263400.75
6201	263400.75
6251	263400.75
6301	263400.75
6351	263400.75
6401	263400.75
6451	263400.75
6501	263400.75
6551	263400.75
6601	263400.75
6651	263400.75
6701	263400.75
6751	263400.75
6801	263400.75
6851	263400.75
6901	263400.75
6951	263400.75
7001	263400.75
7051	263400.75
7101	263400.75
7151	263400.75
7201	263400.75
7251	263400.75
7301	263400.75
7351	263400.75
7401	263400.75
7451	263400.75
7501	263400.75
7551	263400.75
7601	263400.75
7651	263400.75
7701	263400.75
7751	263400.75
7801	263400.75
7851	263400.75
7901	263400.75
7951	263400.75
8001	263400.75
8051	263400.75
8101	263400.75
8151	263400.75
8201	263400.75
8251	263400.75
8301	263400.75
8351	263400.75
8401	263400.75
8451	263400.75
8501	263400.75
8551	263400.75
8601	263400.75
8651	263400.75
8701	263400.75
8751	263400.75
8801	263400.75
8851	263400.75
8901	263400.75
8951	263400.75
9001	263400.75
9051	263400.75
9101	263400.75
9151	263400.75
9201	263400.75
9251	263400.75
9301	263400.75
9351	263400.75
9401	263400.75
9451	263400.75
9501	263400.75
9551	263400.75
9601	263400.75
9651	263400.75
9701	263400.75
9751	263400.75
9801	263400.75
9851	263400.75
9901	263400.75
9951	263400.75
10001	263400.75
10051	263400.75
10101	263400.75
10151	263400.75
10201	263400.75
10251	263400.75
10301	263400.75
10351	263400.75
10401	263400.75
10451	263400.75
10501	263400.75
10551	263400.75
10601	263400.75
10651	263400.75
10701	263400.75
10751	263400.75
10801	263400.75
10851	263400.75
10901	263400.75
10951	263400.75
11001	263400.75
11051	263400.75
11101	263400.75
11151	263400.75
11201	263400.75
11251	263400.75
11301	261405.00
11351	261405.00
11401	261405.00
11451	261405.00
11501	261405.00
11551	261405.00
11601	261405.00
11651	261405.00
11701	261405.00
11751	261405.00
11801	261405.00
11851	261405.00
11901	261405.00
11951	261405.00
12001	261405.00
12051	261405.00
12101	261405.00
12151	261405.00
12201	261405.00
12251	261405.00
12301	261405.00
12351	261405.00
12401	261405.00
12451	261405.00
12501	261405.00
12551	261405.00
12601	261405.00
12651	261405.00
12701	261405.00
12751	261405.00
12801	261405.00
12851	261405.00
12901	261405.00
12951	261405.00
13001	261405.00
13051	261405.00
13101	261405.00
13151	261405.00
13201	261405.00
13251	261405.00
13301	261405.00
13351	261405.00
13401	261405.00
13451	261405.00
13501	261405.00
13551	261405.00
13601	261405.00
13651	261405.00
13701	261405.00
13751	261405.00
13801	261405.00
13851	261405.00
13901	261405.00
13951	261405.00
14001	261405.00
14051	261405.00
14101	261405.00
14151	261405.00
14201	261405.00
14251	261405.00
14301	261405.00
14351	261405.00
14401	261405.00
14451	261405.00
14501	261405.00
14551	261405.00
14601	261405.00
14651	261405.00
14701	261405.00
14751	261405.00
14801	261405.00
14851	261405.00
14901	261405.00
14951	261405.00
15001	261405.00
15051	261405.00
15101	261405.00
15151	261405.00
15201	261405.00
15251	261405.00
15301	261405.00
15351	261405.00
15401	261405.00
15451	261405.00
15501	261405.00
15551	261405.00
15601	261405.00
15651	261405.00
15701	261405.00
15751	261405.00
15801	261405.00
15851	261405.00
15901	261405.00
15951	261405.00
16001	261405.00
16051	261405.00
16101	261405.00
16151	261405.00
16201	261405.00
16242	261405.00

✓ 收敛曲线图已生成: 收敛曲线图.png
✓ 甘特图已生成: 甘特图.png
✓ 批次布局图已生成: 批次布局图_machine*_batch*.png (共8个批次)
【批次分配详情】

机器 0:
  批次 1:
    开始时间: 361.00
    结束时间: 54169.00
    加工时间: 53808.00
    零件数量: 4
    利用率: 90.19%
    最大高度: 228.00
    零件: 32, 35, 9, 28

  批次 2:
    开始时间: 54530.00
    结束时间: 121318.00
    加工时间: 66788.00
    零件数量: 7
    利用率: 79.93%
    最大高度: 283.00
    零件: 20, 10, 29, 12, 18, 40, 7

  批次 3:
    开始时间: 121679.00
    结束时间: 168879.00
    加工时间: 47200.00
    零件数量: 4
    利用率: 82.15%
    最大高度: 200.00
    零件: 38, 36, 3, 15

  批次 4:
    开始时间: 169240.00
    结束时间: 218800.00
    加工时间: 49560.00
    零件数量: 5
    利用率: 74.66%
    最大高度: 210.00
    零件: 11, 1, 39, 8, 2

  批次 5:
    开始时间: 219161.00
    结束时间: 261405.00
    加工时间: 42244.00
    零件数量: 3
    利用率: 54.62%
    最大高度: 179.00
    零件: 27, 21, 13

  机器完工时间: 261405.00

机器 1:
  批次 1:
    开始时间: 339.00
    结束时间: 84065.25
    加工时间: 83726.25
    零件数量: 7
    利用率: 91.37%
    最大高度: 269.00
    零件: 34, 16, 37, 23, 26, 24, 30

  批次 2:
    开始时间: 84404.25
    结束时间: 176845.50
    加工时间: 92441.25
    零件数量: 5
    利用率: 79.96%
    最大高度: 297.00
    零件: 22, 17, 4, 33, 25

  批次 3:
    开始时间: 177184.50
    结束时间: 259043.25
    加工时间: 81858.75
    零件数量: 5
    利用率: 78.90%
    最大高度: 263.00
    零件: 31, 14, 6, 19, 5

  机器完工时间: 259043.25


【机器负载统计】
  机器 0: 总加工时间=261405.00, 批次数=5, 零件数=23, 平均利用率=76.31%
  机器 1: 总加工时间=259043.25, 批次数=3, 零件数=17, 平均利用率=83.41%


================================================================================
                         实验结果输出完成
================================================================================

实验文件夹: chapter-1/src/main/output/comparison/2M40J-04/GA-TS_run5_20260206_132406/
包含文件:
  - 实验报告.txt (本文件)
  - 收敛曲线图.png
  - 甘特图.png
  - 批次布局图_machine*_batch*.png (每个批次独立PNG文件)
