════════════════════════════════════════════════════════════════
              最优Cmax解的详细调度记录
════════════════════════════════════════════════════════════════

【基本信息】
----------------------------------------------------------------------------------------------------
Cmax (最大完工时间): 54996.96
能耗: 480.37 kWh
装箱质量: 0.5747
批次总数: 5
工件数量: 50
机器数量: 14 (打印机:4, 批处理机:2, 离散机:8)

【染色体编码】
----------------------------------------------------------------------------------------------------
工序序列 (OS): [22, 39, 11, 27, 42, 20, 46, 16, 3, 44, 49, 41, 15, 28, 19, 31, 18, 17, 5, 33, 30, 45, 7, 4, 29, 25, 35, 47, 38, 32, 26, 2, 21, 6, 10, 24, 12, 34, 48, 14, 43, 0, 23, 13, 8, 1, 9, 36, 40, 37, 16, 41, 46, 26, 3, 7, 38, 49, 34, 14, 26, 41, 24, 27, 9, 26, 35, 19, 37, 46, 47, 16, 7, 37, 33, 12, 46, 34, 47, 17, 44, 1, 10, 6, 46, 6, 1, 47, 37, 35, 45, 40, 38, 38, 17, 26, 13, 37, 38, 7, 8, 11, 26, 1, 46, 33, 27, 10, 8, 13, 26, 47, 21, 18, 17, 24, 16, 32, 14, 6, 13, 14, 26, 2, 25, 44, 32, 16, 1, 1, 20, 43, 37, 17, 25, 5, 7, 27, 33, 16, 38, 22, 19, 32, 45, 4, 14, 18, 22, 18, 13, 14, 37, 17, 32, 1, 48, 43, 27, 31, 33, 24, 11, 40, 27, 10, 41, 10, 19, 47, 41, 11, 24, 26, 41, 41, 17, 9, 34, 44, 41, 43, 27, 37, 38, 34, 14, 42, 37, 30, 15, 31, 32, 18, 22, 11, 12, 7, 46, 5, 1, 4, 31, 32, 32, 43, 1, 14, 41, 16, 46, 47, 44, 46, 19, 35, 39, 19, 16, 14, 43, 43, 3, 27]
机器选择 (MS): [4, 3, 2, 2, 1, 2, 4, 3, 3, 4, 2, 2, 3, 4, 4, 3, 3, 3, 4, 1, 4, 3, 2, 3, 1, 4, 4, 3, 3, 4, 2, 3, 2, 2, 3, 1, 2, 3, 4, 2, 3, 3, 3, 2, 2, 2, 3, 3, 3, 3, 1, 1, 3, 3, 1, 2, 1, 1, 2, 3, 1, 1, 1, 1, 1, 1, 2, 3, 1, 1, 1, 1, 1, 1, 1, 1, 1, 1, 1, 1, 2, 1, 1, 1, 1, 1, 3, 2, 1, 1, 1, 1, 2, 2, 3, 1, 2, 2, 3, 2, 3, 1, 1, 2, 1, 1, 1, 1, 1, 1, 1, 3, 2, 1, 1, 3, 3, 1, 1, 2, 1, 1, 2, 2, 1, 1, 2, 3, 2, 1, 2, 1, 1, 2, 3, 3, 1, 2, 1, 1, 1, 3, 1, 1, 2, 3, 2, 1, 1, 2, 2, 2, 3, 3, 1, 1, 2, 2, 1, 3, 1, 1, 1, 1, 1, 1, 3, 1, 1, 2, 3, 2, 1, 3, 1, 3, 2, 1, 2, 1, 1, 1, 3, 1, 1, 2, 1, 2, 3, 3, 2, 1, 1, 2, 2, 2, 1, 2, 1, 1, 2, 2, 2, 3, 2, 1, 1, 1, 1, 1, 1, 1, 3, 1, 1, 1, 1, 2, 2, 3, 1, 1, 1, 1]

【零件加工顺序记录】
----------------------------------------------------------------------------------------------------
工件号      工序号             机器号             开始时间            结束时间            加工时长           
----------------------------------------------------------------------------------------------------

工件 0:
  0        0               打印机3            0.00            28628.91        28628.91       
  0        1               批处理机2           28628.91        29429.91        801.00         

工件 1:
  1        0               打印机2            0.00            21014.57        21014.57       
  1        1               批处理机2           21014.57        21815.57        801.00         
  1        2               离散机1            24023.57        25351.57        1328.00        
  1        3               离散机7            30541.91        32101.91        1560.00        
  1        4               离散机7            33078.91        34028.91        950.00         
  1        5               离散机8            35919.91        36833.91        914.00         
  1        6               离散机5            36833.91        38028.91        1195.00        
  1        7               离散机7            38320.91        39444.91        1124.00        
  1        8               离散机5            47913.67        49535.67        1622.00        
  1        9               离散机3            51963.96        53330.96        1367.00        

工件 2:
  2        0               打印机3            0.00            28628.91        28628.91       
  2        1               批处理机2           28628.91        29429.91        801.00         
  2        2               离散机8            31690.91        32655.91        965.00         

工件 3:
  3        0               打印机3            0.00            28628.91        28628.91       
  3        1               批处理机2           28628.91        29429.91        801.00         
  3        2               离散机8            30736.91        31690.91        954.00         
  3        3               离散机5            39798.91        40830.91        1032.00        

工件 4:
  4        0               打印机3            28628.91        42996.96        14368.04       
  4        1               批处理机2           42996.96        43797.96        801.00         
  4        2               离散机4            48568.96        49476.96        908.00         
  4        3               离散机8            49804.96        51314.96        1510.00        

工件 5:
  5        0               打印机4            0.00            40099.67        40099.67       
  5        1               批处理机2           40099.67        40900.67        801.00         
  5        2               离散机3            40900.67        42029.67        1129.00        
  5        3               离散机5            46343.67        47913.67        1570.00        

工件 6:
  6        0               打印机2            0.00            21014.57        21014.57       
  6        1               批处理机2           21014.57        21815.57        801.00         
  6        2               离散机7            26196.57        27794.57        1598.00        
  6        3               离散机7            27794.57        28929.57        1135.00        
  6        4               离散机6            32554.91        34204.91        1650.00        

工件 7:
  7        0               打印机2            0.00            21014.57        21014.57       
  7        1               批处理机2           21014.57        21815.57        801.00         
  7        2               离散机3            21815.57        23306.57        1491.00        
  7        3               离散机8            24047.57        25275.57        1228.00        
  7        4               离散机5            25275.57        26336.57        1061.00        
  7        5               离散机3            27524.57        28771.57        1247.00        
  7        6               离散机2            32907.91        34454.91        1547.00        

工件 8:
  8        0               打印机2            0.00            21014.57        21014.57       
  8        1               批处理机2           21014.57        21815.57        801.00         
  8        2               离散机3            23306.57        24281.57        975.00         
  8        3               离散机5            26336.57        28072.57        1736.00        

工件 9:
  9        0               打印机3            28628.91        42996.96        14368.04       
  9        1               批处理机2           42996.96        43797.96        801.00         
  9        2               离散机4            43797.96        45198.96        1401.00        
  9        3               离散机6            46713.67        47628.67        915.00         

工件 10:
  10       0               打印机3            0.00            28628.91        28628.91       
  10       1               批处理机2           28628.91        29429.91        801.00         
  10       2               离散机1            30981.91        32612.91        1631.00        
  10       3               离散机5            32612.91        34056.91        1444.00        
  10       4               离散机4            39895.91        41406.91        1511.00        
  10       5               离散机4            41406.91        42617.91        1211.00        

工件 11:
  11       0               打印机2            0.00            21014.57        21014.57       
  11       1               批处理机2           21014.57        21815.57        801.00         
  11       2               离散机5            22887.57        23813.57        926.00         
  11       3               离散机1            27893.57        28826.57        933.00         
  11       4               离散机5            35173.91        36737.91        1564.00        
  11       5               离散机1            51150.96        52168.96        1018.00        

工件 12:
  12       0               打印机2            0.00            21014.57        21014.57       
  12       1               批处理机2           21014.57        21815.57        801.00         
  12       2               离散机1            22828.57        24023.57        1195.00        
  12       3               离散机7            39444.91        40750.91        1306.00        

工件 13:
  13       0               打印机2            0.00            21014.57        21014.57       
  13       1               批处理机2           21014.57        21815.57        801.00         
  13       2               离散机5            21815.57        22887.57        1072.00        
  13       3               离散机3            25361.57        26488.57        1127.00        
  13       4               离散机3            26488.57        27524.57        1036.00        
  13       5               离散机3            45970.67        47377.67        1407.00        

工件 14:
  14       0               打印机2            0.00            21014.57        21014.57       
  14       1               批处理机2           21014.57        21815.57        801.00         
  14       2               离散机1            21815.57        22828.57        1013.00        
  14       3               离散机4            22828.57        24343.57        1515.00        
  14       4               离散机6            24343.57        25796.57        1453.00        
  14       5               离散机8            25796.57        26732.57        936.00         
  14       6               离散机7            34028.91        35047.91        1019.00        
  14       7               离散机7            35047.91        36431.91        1384.00        
  14       8               离散机6            36521.91        37742.91        1221.00        
  14       9               离散机8            52887.96        53807.96        920.00         

工件 15:
  15       0               打印机3            0.00            28628.91        28628.91       
  15       1               批处理机2           28628.91        29429.91        801.00         
  15       2               离散机4            50389.96        51469.96        1080.00        

工件 16:
  16       0               打印机3            0.00            28628.91        28628.91       
  16       1               批处理机2           28628.91        29429.91        801.00         
  16       2               离散机8            29429.91        30736.91        1307.00        
  16       3               离散机6            30912.91        32554.91        1642.00        
  16       4               离散机3            34233.91        35168.91        935.00         
  16       5               离散机6            35168.91        36521.91        1353.00        
  16       6               离散机5            38028.91        39798.91        1770.00        
  16       7               离散机2            39798.91        40822.91        1024.00        
  16       8               离散机8            43162.91        44291.91        1129.00        

工件 17:
  17       0               打印机3            0.00            28628.91        28628.91       
  17       1               批处理机2           28628.91        29429.91        801.00         
  17       2               离散机1            29429.91        30981.91        1552.00        
  17       3               离散机2            30981.91        31956.91        975.00         
  17       4               离散机4            33144.91        34923.91        1779.00        
  17       5               离散机8            36833.91        37948.91        1115.00        
  17       6               离散机8            38931.91        39970.91        1039.00        
  17       7               离散机5            42509.67        43957.67        1448.00        

工件 18:
  18       0               打印机3            0.00            28628.91        28628.91       
  18       1               批处理机2           28628.91        29429.91        801.00         
  18       2               离散机2            31956.91        32907.91        951.00         
  18       3               离散机1            43217.67        44913.67        1696.00        
  18       4               离散机8            46112.67        47567.67        1455.00        
  18       5               离散机7            48858.67        50236.67        1378.00        

工件 19:
  19       0               打印机4            0.00            40099.67        40099.67       
  19       1               批处理机2           40099.67        40900.67        801.00         
  19       2               离散机2            42512.67        43540.67        1028.00        
  19       3               离散机3            44383.67        45970.67        1587.00        
  19       4               离散机4            49476.96        50389.96        913.00         
  19       5               离散机6            50389.96        52135.96        1746.00        
  19       6               离散机2            52135.96        53650.96        1515.00        

工件 20:
  20       0               打印机2            0.00            21014.57        21014.57       
  20       1               批处理机2           21014.57        21815.57        801.00         
  20       2               离散机4            24343.57        25722.57        1379.00        

工件 21:
  21       0               打印机2            0.00            21014.57        21014.57       
  21       1               批处理机2           21014.57        21815.57        801.00         
  21       2               离散机6            21815.57        22805.57        990.00         

工件 22:
  22       0               打印机4            0.00            40099.67        40099.67       
  22       1               批处理机2           40099.67        40900.67        801.00         
  22       2               离散机1            42072.67        43217.67        1145.00        
  22       3               离散机6            43467.67        44963.67        1496.00        
  22       4               离散机6            47628.67        48852.67        1224.00        

工件 23:
  23       0               打印机3            28628.91        42996.96        14368.04       
  23       1               批处理机2           42996.96        43797.96        801.00         

工件 24:
  24       0               打印机1            0.00            26054.00        26054.00       
  24       1               批处理机2           26054.00        26855.00        801.00         
  24       2               离散机8            26855.00        28434.00        1579.00        
  24       3               离散机5            28434.00        30227.00        1793.00        
  24       4               离散机4            34923.91        36226.91        1303.00        
  24       5               离散机4            42617.91        43727.91        1110.00        

工件 25:
  25       0               打印机4            0.00            40099.67        40099.67       
  25       1               批处理机2           40099.67        40900.67        801.00         
  25       2               离散机5            40900.67        42509.67        1609.00        
  25       3               离散机3            43386.67        44383.67        997.00         

工件 26:
  26       0               打印机2            0.00            21014.57        21014.57       
  26       1               批处理机2           21014.57        21815.57        801.00         
  26       2               离散机7            21815.57        23328.57        1513.00        
  26       3               离散机7            23328.57        24553.57        1225.00        
  26       4               离散机7            24553.57        26196.57        1643.00        
  26       5               离散机1            26196.57        27893.57        1697.00        
  26       6               离散机4            27893.57        29126.57        1233.00        
  26       7               离散机1            37851.91        39530.91        1679.00        
  26       8               离散机6            39530.91        40715.91        1185.00        
  26       9               离散机2            45805.67        46772.67        967.00         

工件 27:
  27       0               打印机2            0.00            21014.57        21014.57       
  27       1               批处理机2           21014.57        21815.57        801.00         
  27       2               离散机8            21815.57        22781.57        966.00         
  27       3               离散机3            24281.57        25361.57        1080.00        
  27       4               离散机3            36532.91        38164.91        1632.00        
  27       5               离散机4            38164.91        39895.91        1731.00        
  27       6               离散机7            42114.67        43246.67        1132.00        
  27       7               离散机7            45190.67        46853.67        1663.00        
  27       8               离散机7            53041.67        54034.67        993.00         

工件 28:
  28       0               打印机4            0.00            40099.67        40099.67       
  28       1               批处理机2           40099.67        40900.67        801.00         

工件 29:
  29       0               打印机1            0.00            26054.00        26054.00       
  29       1               批处理机2           26054.00        26855.00        801.00         

工件 30:
  30       0               打印机4            0.00            40099.67        40099.67       
  30       1               批处理机2           40099.67        40900.67        801.00         
  30       2               离散机8            42249.91        43162.91        913.00         

工件 31:
  31       0               打印机3            0.00            28628.91        28628.91       
  31       1               批处理机2           28628.91        29429.91        801.00         
  31       2               离散机3            39681.91        40675.91        994.00         
  31       3               离散机5            45207.67        46343.67        1136.00        
  31       4               离散机7            50236.67        51620.67        1384.00        

工件 32:
  32       0               打印机4            0.00            40099.67        40099.67       
  32       1               批处理机2           40099.67        40900.67        801.00         
  32       2               离散机7            40900.67        42114.67        1214.00        
  32       3               离散机6            42114.67        43467.67        1353.00        
  32       4               离散机7            43467.67        45190.67        1723.00        
  32       5               离散机1            45190.67        46854.67        1664.00        
  32       6               离散机8            47567.67        48516.67        949.00         
  32       7               离散机6            48852.67        50098.67        1246.00        
  32       8               离散机5            50605.96        51676.96        1071.00        

工件 33:
  33       0               打印机1            0.00            26054.00        26054.00       
  33       1               批处理机2           26054.00        26855.00        801.00         
  33       2               离散机8            28434.00        29342.00        908.00         
  33       3               离散机1            36597.91        37851.91        1254.00        
  33       4               离散机2            37851.91        39604.91        1753.00        
  33       5               离散机6            40715.91        42040.91        1325.00        

工件 34:
  34       0               打印机3            0.00            28628.91        28628.91       
  34       1               批处理机2           28628.91        29429.91        801.00         
  34       2               离散机2            29429.91        30568.91        1139.00        
  34       3               离散机5            30568.91        31965.91        1397.00        
  34       4               离散机1            46854.67        47948.67        1094.00        
  34       5               离散机7            47948.67        48858.67        910.00         

工件 35:
  35       0               打印机4            0.00            40099.67        40099.67       
  35       1               批处理机2           40099.67        40900.67        801.00         
  35       2               离散机1            40900.67        42072.67        1172.00        
  35       3               离散机3            42072.67        43386.67        1314.00        
  35       4               离散机8            51314.96        52887.96        1573.00        

工件 36:
  36       0               打印机3            0.00            28628.91        28628.91       
  36       1               批处理机2           28628.91        29429.91        801.00         

工件 37:
  37       0               打印机3            0.00            28628.91        28628.91       
  37       1               批处理机2           28628.91        29429.91        801.00         
  37       2               离散机7            29429.91        30541.91        1112.00        
  37       3               离散机4            30541.91        31848.91        1307.00        
  37       4               离散机7            32101.91        33078.91        977.00         
  37       5               离散机8            33078.91        34527.91        1449.00        
  37       6               离散机3            35168.91        36532.91        1364.00        
  37       7               离散机8            37948.91        38931.91        983.00         
  37       8               离散机8            39970.91        40985.91        1015.00        
  37       9               离散机5            43957.67        45207.67        1250.00        

工件 38:
  38       0               打印机3            0.00            28628.91        28628.91       
  38       1               批处理机2           28628.91        29429.91        801.00         
  38       2               离散机3            29429.91        30601.91        1172.00        
  38       3               离散机1            32612.91        33545.91        933.00         
  38       4               离散机1            33545.91        34860.91        1315.00        
  38       5               离散机1            34860.91        36597.91        1737.00        
  38       6               离散机7            36597.91        38320.91        1723.00        
  38       7               离散机8            40985.91        42249.91        1264.00        

工件 39:
  39       0               打印机3            0.00            28628.91        28628.91       
  39       1               批处理机2           28628.91        29429.91        801.00         
  39       2               离散机3            53330.96        54956.96        1626.00        

工件 40:
  40       0               打印机3            0.00            28628.91        28628.91       
  40       1               批处理机2           28628.91        29429.91        801.00         
  40       2               离散机3            33313.91        34233.91        920.00         
  40       3               离散机4            36226.91        37502.91        1276.00        

工件 41:
  41       0               打印机2            0.00            21014.57        21014.57       
  41       1               批处理机2           21014.57        21815.57        801.00         
  41       2               离散机2            21815.57        22874.57        1059.00        
  41       3               离散机8            22874.57        24047.57        1173.00        
  41       4               离散机5            24047.57        25131.57        1084.00        
  41       5               离散机5            34056.91        35173.91        1117.00        
  41       6               离散机1            39530.91        40545.91        1015.00        
  41       7               离散机6            44963.67        46713.67        1750.00        
  41       8               离散机3            48735.67        50445.67        1710.00        
  41       9               离散机7            51620.67        53041.67        1421.00        

工件 42:
  42       0               打印机1            0.00            26054.00        26054.00       
  42       1               批处理机2           26054.00        26855.00        801.00         
  42       2               离散机4            29126.57        30344.57        1218.00        

工件 43:
  43       0               打印机3            28628.91        42996.96        14368.04       
  43       1               批处理机2           42996.96        43797.96        801.00         
  43       2               离散机4            46942.96        48568.96        1626.00        
  43       3               离散机8            48568.96        49804.96        1236.00        
  43       4               离散机1            49804.96        51150.96        1346.00        
  43       5               离散机5            51676.96        52656.96        980.00         
  43       6               离散机6            52656.96        53620.96        964.00         
  43       7               离散机8            53807.96        54996.96        1189.00        

工件 44:
  44       0               打印机4            0.00            40099.67        40099.67       
  44       1               批处理机2           40099.67        40900.67        801.00         
  44       2               离散机2            43540.67        44758.67        1218.00        
  44       3               离散机8            44758.67        46112.67        1354.00        
  44       4               离散机3            47377.67        48735.67        1358.00        
  44       5               离散机2            48735.67        50349.67        1614.00        

工件 45:
  45       0               打印机3            0.00            28628.91        28628.91       
  45       1               批处理机2           28628.91        29429.91        801.00         
  45       2               离散机3            32061.91        33313.91        1252.00        
  45       3               离散机3            38164.91        39681.91        1517.00        

工件 46:
  46       0               打印机4            0.00            40099.67        40099.67       
  46       1               批处理机2           40099.67        40900.67        801.00         
  46       2               离散机2            40900.67        42512.67        1612.00        
  46       3               离散机4            45198.96        46942.96        1744.00        
  46       4               离散机2            46942.96        48671.96        1729.00        
  46       5               离散机1            48671.96        49578.96        907.00         
  46       6               离散机5            49578.96        50605.96        1027.00        
  46       7               离散机3            50605.96        51963.96        1358.00        
  46       8               离散机1            52168.96        53287.96        1119.00        
  46       9               离散机1            53287.96        54263.96        976.00         

工件 47:
  47       0               打印机3            0.00            28628.91        28628.91       
  47       1               批处理机2           28628.91        29429.91        801.00         
  47       2               离散机6            29429.91        30912.91        1483.00        
  47       3               离散机3            30912.91        32061.91        1149.00        
  47       4               离散机4            32061.91        33144.91        1083.00        
  47       5               离散机8            34527.91        35919.91        1392.00        
  47       6               离散机2            35919.91        37358.91        1439.00        
  47       7               离散机7            46853.67        47899.67        1046.00        

工件 48:
  48       0               打印机4            0.00            40099.67        40099.67       
  48       1               批处理机2           40099.67        40900.67        801.00         
  48       2               离散机2            44758.67        45805.67        1047.00        

工件 49:
  49       0               打印机2            0.00            21014.57        21014.57       
  49       1               批处理机2           21014.57        21815.57        801.00         
  49       2               离散机2            22874.57        23841.57        967.00         

【机器加工顺序记录】
----------------------------------------------------------------------------------------------------

打印机1:
工件号      工序号             开始时间            结束时间            加工时长           
--------------------------------------------------------------------------------
  24       0               0.00            26054.00        26054.00       
  29       0               0.00            26054.00        26054.00       
  33       0               0.00            26054.00        26054.00       
  42       0               0.00            26054.00        26054.00       

  机器利用率: 189.49% (忙碌时间: 104216.00 / 总时间: 54996.96)

打印机2:
工件号      工序号             开始时间            结束时间            加工时长           
--------------------------------------------------------------------------------
  1        0               0.00            21014.57        21014.57       
  6        0               0.00            21014.57        21014.57       
  7        0               0.00            21014.57        21014.57       
  8        0               0.00            21014.57        21014.57       
  11       0               0.00            21014.57        21014.57       
  12       0               0.00            21014.57        21014.57       
  13       0               0.00            21014.57        21014.57       
  14       0               0.00            21014.57        21014.57       
  20       0               0.00            21014.57        21014.57       
  21       0               0.00            21014.57        21014.57       
  26       0               0.00            21014.57        21014.57       
  27       0               0.00            21014.57        21014.57       
  41       0               0.00            21014.57        21014.57       
  49       0               0.00            21014.57        21014.57       

  机器利用率: 534.95% (忙碌时间: 294204.00 / 总时间: 54996.96)

打印机3:
工件号      工序号             开始时间            结束时间            加工时长           
--------------------------------------------------------------------------------
  0        0               0.00            28628.91        28628.91       
  2        0               0.00            28628.91        28628.91       
  3        0               0.00            28628.91        28628.91       
  10       0               0.00            28628.91        28628.91       
  15       0               0.00            28628.91        28628.91       
  16       0               0.00            28628.91        28628.91       
  17       0               0.00            28628.91        28628.91       
  18       0               0.00            28628.91        28628.91       
  31       0               0.00            28628.91        28628.91       
  34       0               0.00            28628.91        28628.91       
  36       0               0.00            28628.91        28628.91       
  37       0               0.00            28628.91        28628.91       
  38       0               0.00            28628.91        28628.91       
  39       0               0.00            28628.91        28628.91       
  40       0               0.00            28628.91        28628.91       
  45       0               0.00            28628.91        28628.91       
  47       0               0.00            28628.91        28628.91       
  4        0               28628.91        42996.96        14368.04       
  9        0               28628.91        42996.96        14368.04       
  23       0               28628.91        42996.96        14368.04       
  43       0               28628.91        42996.96        14368.04       

  机器利用率: 989.44% (忙碌时间: 544163.70 / 总时间: 54996.96)

打印机4:
工件号      工序号             开始时间            结束时间            加工时长           
--------------------------------------------------------------------------------
  5        0               0.00            40099.67        40099.67       
  19       0               0.00            40099.67        40099.67       
  22       0               0.00            40099.67        40099.67       
  25       0               0.00            40099.67        40099.67       
  28       0               0.00            40099.67        40099.67       
  30       0               0.00            40099.67        40099.67       
  32       0               0.00            40099.67        40099.67       
  35       0               0.00            40099.67        40099.67       
  44       0               0.00            40099.67        40099.67       
  46       0               0.00            40099.67        40099.67       
  48       0               0.00            40099.67        40099.67       

  机器利用率: 802.04% (忙碌时间: 441096.33 / 总时间: 54996.96)

批处理机1:
工件号      工序号             开始时间            结束时间            加工时长           
--------------------------------------------------------------------------------

  机器利用率: 0.00% (忙碌时间: 0.00 / 总时间: 54996.96)

批处理机2:
工件号      工序号             开始时间            结束时间            加工时长           
--------------------------------------------------------------------------------
  1        1               21014.57        21815.57        801.00         
  6        1               21014.57        21815.57        801.00         
  7        1               21014.57        21815.57        801.00         
  8        1               21014.57        21815.57        801.00         
  11       1               21014.57        21815.57        801.00         
  12       1               21014.57        21815.57        801.00         
  13       1               21014.57        21815.57        801.00         
  14       1               21014.57        21815.57        801.00         
  20       1               21014.57        21815.57        801.00         
  21       1               21014.57        21815.57        801.00         
  26       1               21014.57        21815.57        801.00         
  27       1               21014.57        21815.57        801.00         
  41       1               21014.57        21815.57        801.00         
  49       1               21014.57        21815.57        801.00         
  24       1               26054.00        26855.00        801.00         
  29       1               26054.00        26855.00        801.00         
  33       1               26054.00        26855.00        801.00         
  42       1               26054.00        26855.00        801.00         
  0        1               28628.91        29429.91        801.00         
  2        1               28628.91        29429.91        801.00         
  3        1               28628.91        29429.91        801.00         
  10       1               28628.91        29429.91        801.00         
  15       1               28628.91        29429.91        801.00         
  16       1               28628.91        29429.91        801.00         
  17       1               28628.91        29429.91        801.00         
  18       1               28628.91        29429.91        801.00         
  31       1               28628.91        29429.91        801.00         
  34       1               28628.91        29429.91        801.00         
  36       1               28628.91        29429.91        801.00         
  37       1               28628.91        29429.91        801.00         
  38       1               28628.91        29429.91        801.00         
  39       1               28628.91        29429.91        801.00         
  40       1               28628.91        29429.91        801.00         
  45       1               28628.91        29429.91        801.00         
  47       1               28628.91        29429.91        801.00         
  5        1               40099.67        40900.67        801.00         
  19       1               40099.67        40900.67        801.00         
  22       1               40099.67        40900.67        801.00         
  25       1               40099.67        40900.67        801.00         
  28       1               40099.67        40900.67        801.00         
  30       1               40099.67        40900.67        801.00         
  32       1               40099.67        40900.67        801.00         
  35       1               40099.67        40900.67        801.00         
  44       1               40099.67        40900.67        801.00         
  46       1               40099.67        40900.67        801.00         
  48       1               40099.67        40900.67        801.00         
  4        1               42996.96        43797.96        801.00         
  9        1               42996.96        43797.96        801.00         
  23       1               42996.96        43797.96        801.00         
  43       1               42996.96        43797.96        801.00         

  机器利用率: 72.82% (忙碌时间: 40050.00 / 总时间: 54996.96)

离散机1:
工件号      工序号             开始时间            结束时间            加工时长           
--------------------------------------------------------------------------------
  14       2               21815.57        22828.57        1013.00        
  12       2               22828.57        24023.57        1195.00        
  1        2               24023.57        25351.57        1328.00        
  26       5               26196.57        27893.57        1697.00        
  11       3               27893.57        28826.57        933.00         
  17       2               29429.91        30981.91        1552.00        
  10       2               30981.91        32612.91        1631.00        
  38       3               32612.91        33545.91        933.00         
  38       4               33545.91        34860.91        1315.00        
  38       5               34860.91        36597.91        1737.00        
  33       3               36597.91        37851.91        1254.00        
  26       7               37851.91        39530.91        1679.00        
  41       6               39530.91        40545.91        1015.00        
  35       2               40900.67        42072.67        1172.00        
  22       2               42072.67        43217.67        1145.00        
  18       3               43217.67        44913.67        1696.00        
  32       5               45190.67        46854.67        1664.00        
  34       4               46854.67        47948.67        1094.00        
  46       5               48671.96        49578.96        907.00         
  43       4               49804.96        51150.96        1346.00        
  11       5               51150.96        52168.96        1018.00        
  46       8               52168.96        53287.96        1119.00        
  46       9               53287.96        54263.96        976.00         

  机器利用率: 53.49% (忙碌时间: 29419.00 / 总时间: 54996.96)

离散机2:
工件号      工序号             开始时间            结束时间            加工时长           
--------------------------------------------------------------------------------
  41       2               21815.57        22874.57        1059.00        
  49       2               22874.57        23841.57        967.00         
  34       2               29429.91        30568.91        1139.00        
  17       3               30981.91        31956.91        975.00         
  18       2               31956.91        32907.91        951.00         
  7        6               32907.91        34454.91        1547.00        
  47       6               35919.91        37358.91        1439.00        
  33       4               37851.91        39604.91        1753.00        
  16       7               39798.91        40822.91        1024.00        
  46       2               40900.67        42512.67        1612.00        
  19       2               42512.67        43540.67        1028.00        
  44       2               43540.67        44758.67        1218.00        
  48       2               44758.67        45805.67        1047.00        
  26       9               45805.67        46772.67        967.00         
  46       4               46942.96        48671.96        1729.00        
  44       5               48735.67        50349.67        1614.00        
  19       6               52135.96        53650.96        1515.00        

  机器利用率: 39.25% (忙碌时间: 21584.00 / 总时间: 54996.96)

离散机3:
工件号      工序号             开始时间            结束时间            加工时长           
--------------------------------------------------------------------------------
  7        2               21815.57        23306.57        1491.00        
  8        2               23306.57        24281.57        975.00         
  27       3               24281.57        25361.57        1080.00        
  13       3               25361.57        26488.57        1127.00        
  13       4               26488.57        27524.57        1036.00        
  7        5               27524.57        28771.57        1247.00        
  38       2               29429.91        30601.91        1172.00        
  47       3               30912.91        32061.91        1149.00        
  45       2               32061.91        33313.91        1252.00        
  40       2               33313.91        34233.91        920.00         
  16       4               34233.91        35168.91        935.00         
  37       6               35168.91        36532.91        1364.00        
  27       4               36532.91        38164.91        1632.00        
  45       3               38164.91        39681.91        1517.00        
  31       2               39681.91        40675.91        994.00         
  5        2               40900.67        42029.67        1129.00        
  35       3               42072.67        43386.67        1314.00        
  25       3               43386.67        44383.67        997.00         
  19       3               44383.67        45970.67        1587.00        
  13       5               45970.67        47377.67        1407.00        
  44       4               47377.67        48735.67        1358.00        
  41       8               48735.67        50445.67        1710.00        
  46       7               50605.96        51963.96        1358.00        
  1        9               51963.96        53330.96        1367.00        
  39       2               53330.96        54956.96        1626.00        

  机器利用率: 57.72% (忙碌时间: 31744.00 / 总时间: 54996.96)

离散机4:
工件号      工序号             开始时间            结束时间            加工时长           
--------------------------------------------------------------------------------
  14       3               22828.57        24343.57        1515.00        
  20       2               24343.57        25722.57        1379.00        
  26       6               27893.57        29126.57        1233.00        
  42       2               29126.57        30344.57        1218.00        
  37       3               30541.91        31848.91        1307.00        
  47       4               32061.91        33144.91        1083.00        
  17       4               33144.91        34923.91        1779.00        
  24       4               34923.91        36226.91        1303.00        
  40       3               36226.91        37502.91        1276.00        
  27       5               38164.91        39895.91        1731.00        
  10       4               39895.91        41406.91        1511.00        
  10       5               41406.91        42617.91        1211.00        
  24       5               42617.91        43727.91        1110.00        
  9        2               43797.96        45198.96        1401.00        
  46       3               45198.96        46942.96        1744.00        
  43       2               46942.96        48568.96        1626.00        
  4        2               48568.96        49476.96        908.00         
  19       4               49476.96        50389.96        913.00         
  15       2               50389.96        51469.96        1080.00        

  机器利用率: 46.05% (忙碌时间: 25328.00 / 总时间: 54996.96)

离散机5:
工件号      工序号             开始时间            结束时间            加工时长           
--------------------------------------------------------------------------------
  13       2               21815.57        22887.57        1072.00        
  11       2               22887.57        23813.57        926.00         
  41       4               24047.57        25131.57        1084.00        
  7        4               25275.57        26336.57        1061.00        
  8        3               26336.57        28072.57        1736.00        
  24       3               28434.00        30227.00        1793.00        
  34       3               30568.91        31965.91        1397.00        
  10       3               32612.91        34056.91        1444.00        
  41       5               34056.91        35173.91        1117.00        
  11       4               35173.91        36737.91        1564.00        
  1        6               36833.91        38028.91        1195.00        
  16       6               38028.91        39798.91        1770.00        
  3        3               39798.91        40830.91        1032.00        
  25       2               40900.67        42509.67        1609.00        
  17       7               42509.67        43957.67        1448.00        
  37       9               43957.67        45207.67        1250.00        
  31       3               45207.67        46343.67        1136.00        
  5        3               46343.67        47913.67        1570.00        
  1        8               47913.67        49535.67        1622.00        
  46       6               49578.96        50605.96        1027.00        
  32       8               50605.96        51676.96        1071.00        
  43       5               51676.96        52656.96        980.00         

  机器利用率: 52.56% (忙碌时间: 28904.00 / 总时间: 54996.96)

离散机6:
工件号      工序号             开始时间            结束时间            加工时长           
--------------------------------------------------------------------------------
  21       2               21815.57        22805.57        990.00         
  14       4               24343.57        25796.57        1453.00        
  47       2               29429.91        30912.91        1483.00        
  16       3               30912.91        32554.91        1642.00        
  6        4               32554.91        34204.91        1650.00        
  16       5               35168.91        36521.91        1353.00        
  14       8               36521.91        37742.91        1221.00        
  26       8               39530.91        40715.91        1185.00        
  33       5               40715.91        42040.91        1325.00        
  32       3               42114.67        43467.67        1353.00        
  22       3               43467.67        44963.67        1496.00        
  41       7               44963.67        46713.67        1750.00        
  9        3               46713.67        47628.67        915.00         
  22       4               47628.67        48852.67        1224.00        
  32       7               48852.67        50098.67        1246.00        
  19       5               50389.96        52135.96        1746.00        
  43       6               52656.96        53620.96        964.00         

  机器利用率: 41.81% (忙碌时间: 22996.00 / 总时间: 54996.96)

离散机7:
工件号      工序号             开始时间            结束时间            加工时长           
--------------------------------------------------------------------------------
  26       2               21815.57        23328.57        1513.00        
  26       3               23328.57        24553.57        1225.00        
  26       4               24553.57        26196.57        1643.00        
  6        2               26196.57        27794.57        1598.00        
  6        3               27794.57        28929.57        1135.00        
  37       2               29429.91        30541.91        1112.00        
  1        3               30541.91        32101.91        1560.00        
  37       4               32101.91        33078.91        977.00         
  1        4               33078.91        34028.91        950.00         
  14       6               34028.91        35047.91        1019.00        
  14       7               35047.91        36431.91        1384.00        
  38       6               36597.91        38320.91        1723.00        
  1        7               38320.91        39444.91        1124.00        
  12       3               39444.91        40750.91        1306.00        
  32       2               40900.67        42114.67        1214.00        
  27       6               42114.67        43246.67        1132.00        
  32       4               43467.67        45190.67        1723.00        
  27       7               45190.67        46853.67        1663.00        
  47       7               46853.67        47899.67        1046.00        
  34       5               47948.67        48858.67        910.00         
  18       5               48858.67        50236.67        1378.00        
  31       4               50236.67        51620.67        1384.00        
  41       9               51620.67        53041.67        1421.00        
  27       8               53041.67        54034.67        993.00         

  机器利用率: 56.61% (忙碌时间: 31133.00 / 总时间: 54996.96)

离散机8:
工件号      工序号             开始时间            结束时间            加工时长           
--------------------------------------------------------------------------------
  27       2               21815.57        22781.57        966.00         
  41       3               22874.57        24047.57        1173.00        
  7        3               24047.57        25275.57        1228.00        
  14       5               25796.57        26732.57        936.00         
  24       2               26855.00        28434.00        1579.00        
  33       2               28434.00        29342.00        908.00         
  16       2               29429.91        30736.91        1307.00        
  3        2               30736.91        31690.91        954.00         
  2        2               31690.91        32655.91        965.00         
  37       5               33078.91        34527.91        1449.00        
  47       5               34527.91        35919.91        1392.00        
  1        5               35919.91        36833.91        914.00         
  17       5               36833.91        37948.91        1115.00        
  37       7               37948.91        38931.91        983.00         
  17       6               38931.91        39970.91        1039.00        
  37       8               39970.91        40985.91        1015.00        
  38       7               40985.91        42249.91        1264.00        
  30       2               42249.91        43162.91        913.00         
  16       8               43162.91        44291.91        1129.00        
  44       3               44758.67        46112.67        1354.00        
  18       4               46112.67        47567.67        1455.00        
  32       6               47567.67        48516.67        949.00         
  43       3               48568.96        49804.96        1236.00        
  4        3               49804.96        51314.96        1510.00        
  35       4               51314.96        52887.96        1573.00        
  14       9               52887.96        53807.96        920.00         
  43       7               53807.96        54996.96        1189.00        

  机器利用率: 57.12% (忙碌时间: 31415.00 / 总时间: 54996.96)

【打印批次详细信息】
----------------------------------------------------------------------------------------------------

打印机 1 (尺寸: 959.0 x 556.0 x 637.0):
--------------------------------------------------------------------------------
  批次 1: 零件数=4, 占用率=67.37%
    - 42: 尺寸 755.0 x 256.0 x 39.0
    - 29: 尺寸 197.0 x 280.0 x 41.0
    - 33: 尺寸 168.0 x 131.0 x 32.0
    - 24: 尺寸 386.0 x 230.0 x 28.0

打印机 2 (尺寸: 1065.0 x 543.0 x 602.0):
--------------------------------------------------------------------------------
  批次 1: 零件数=14, 占用率=82.91%
    - 11: 尺寸 88.0 x 104.0 x 18.0
    - 27: 尺寸 217.0 x 119.0 x 31.0
    - 20: 尺寸 163.0 x 101.0 x 15.0
    - 49: 尺寸 502.0 x 335.0 x 88.0
    - 7: 尺寸 88.0 x 70.0 x 31.0
    - 41: 尺寸 255.0 x 171.0 x 63.0
    - 14: 尺寸 219.0 x 111.0 x 57.0
    - 8: 尺寸 206.0 x 110.0 x 51.0
    - 12: 尺寸 245.0 x 142.0 x 18.0
    - 26: 尺寸 125.0 x 134.0 x 33.0
    - 21: 尺寸 410.0 x 160.0 x 16.0
    - 6: 尺寸 108.0 x 111.0 x 38.0
    - 13: 尺寸 121.0 x 152.0 x 48.0
    - 1: 尺寸 156.0 x 100.0 x 15.0

打印机 3 (尺寸: 1063.0 x 547.0 x 653.0):
--------------------------------------------------------------------------------
  批次 1: 零件数=17, 占用率=86.36%
    - 39: 尺寸 179.0 x 54.0 x 39.0
    - 16: 尺寸 355.0 x 156.0 x 162.0
    - 31: 尺寸 493.0 x 212.0 x 153.0
    - 37: 尺寸 173.0 x 149.0 x 26.0
    - 3: 尺寸 144.0 x 126.0 x 147.0
    - 15: 尺寸 241.0 x 124.0 x 103.0
    - 17: 尺寸 142.0 x 214.0 x 63.0
    - 18: 尺寸 316.0 x 271.0 x 78.0
    - 10: 尺寸 194.0 x 138.0 x 15.0
    - 45: 尺寸 148.0 x 180.0 x 18.0
    - 0: 尺寸 104.0 x 52.0 x 52.0
    - 36: 尺寸 153.0 x 101.0 x 109.0
    - 38: 尺寸 96.0 x 138.0 x 154.0
    - 47: 尺寸 192.0 x 119.0 x 44.0
    - 2: 尺寸 101.0 x 127.0 x 90.0
    - 34: 尺寸 123.0 x 99.0 x 97.0
    - 40: 尺寸 86.0 x 86.0 x 70.0
  批次 2: 零件数=4, 占用率=57.47%
    - 4: 尺寸 756.0 x 142.0 x 77.0
    - 9: 尺寸 296.0 x 414.0 x 23.0
    - 43: 尺寸 463.0 x 105.0 x 80.0
    - 23: 尺寸 159.0 x 350.0 x 46.0

打印机 4 (尺寸: 1129.0 x 587.0 x 561.0):
--------------------------------------------------------------------------------
  批次 1: 零件数=11, 占用率=71.62%
    - 22: 尺寸 434.0 x 127.0 x 170.0
    - 46: 尺寸 82.0 x 85.0 x 162.0
    - 44: 尺寸 260.0 x 113.0 x 81.0
    - 28: 尺寸 284.0 x 219.0 x 95.0
    - 25: 尺寸 151.0 x 172.0 x 12.0
    - 19: 尺寸 89.0 x 119.0 x 84.0
    - 35: 尺寸 147.0 x 103.0 x 59.0
    - 30: 尺寸 281.0 x 186.0 x 147.0
    - 48: 尺寸 102.0 x 126.0 x 18.0
    - 32: 尺寸 277.0 x 302.0 x 45.0
    - 5: 尺寸 502.0 x 240.0 x 99.0

════════════════════════════════════════════════════════════════
