════════════════════════════════════════════════════════════════
              最优Cmax解的详细调度记录
════════════════════════════════════════════════════════════════

【基本信息】
----------------------------------------------------------------------------------------------------
Cmax (最大完工时间): 58684.27
能耗: 248.69 kWh
装箱质量: 0.3745
批次总数: 3
工件数量: 20
机器数量: 10 (打印机:3, 批处理机:2, 离散机:5)

【染色体编码】
----------------------------------------------------------------------------------------------------
工序序列 (OS): [10, 5, 19, 7, 9, 18, 3, 6, 14, 16, 13, 0, 1, 4, 12, 15, 17, 2, 8, 11, 2, 0, 5, 11, 5, 6, 17, 14, 18, 4, 2, 14, 0, 18, 10, 2, 15, 13, 2, 15, 3, 3, 0, 3, 14, 15, 11, 3, 7, 2, 4, 4, 14, 0, 10, 14, 10, 0, 3, 12, 4, 9, 14, 5, 8, 16, 7, 2, 1, 9, 12, 1, 9, 0, 3, 7, 13, 17, 18, 9, 1, 7, 7, 5, 0, 5, 1, 11, 14, 17, 1, 14, 0, 17, 12, 11, 3]
机器选择 (MS): [2, 2, 3, 1, 1, 3, 3, 1, 3, 2, 2, 2, 1, 3, 2, 2, 3, 2, 3, 2, 1, 1, 1, 3, 1, 3, 1, 2, 3, 1, 2, 1, 3, 1, 3, 1, 1, 1, 3, 3, 2, 1, 1, 1, 1, 2, 1, 2, 1, 2, 2, 2, 1, 1, 1, 2, 2, 1, 1, 1, 1, 1, 2, 1, 3, 1, 2, 1, 2, 1, 1, 1, 1, 1, 1, 1, 1, 1, 2, 1, 1, 1, 1, 2, 1, 3, 3, 1, 1, 3, 2, 2, 1, 2, 1, 2, 1]

【零件加工顺序记录】
----------------------------------------------------------------------------------------------------
工件号      工序号             机器号             开始时间            结束时间            加工时长           
----------------------------------------------------------------------------------------------------

工件 0:
  0        0               打印机2            0.00            35792.27        35792.27       
  0        1               批处理机1           35792.27        36851.27        1059.00        
  0        2               离散机5            38177.27        39793.27        1616.00        
  0        3               离散机2            40894.27        42557.27        1663.00        
  0        4               离散机3            42557.27        44356.27        1799.00        
  0        5               离散机5            46872.27        47781.27        909.00         
  0        6               离散机3            49312.62        51061.62        1749.00        
  0        7               离散机5            51061.62        52334.62        1273.00        
  0        8               离散机4            55778.62        56833.62        1055.00        
  0        9               离散机2            57589.27        58684.27        1095.00        

工件 1:
  1        0               打印机1            0.00            43001.62        43001.62       
  1        1               批处理机1           43001.62        44060.62        1059.00        
  1        2               离散机4            51739.62        53074.62        1335.00        
  1        3               离散机4            53074.62        54129.62        1055.00        
  1        4               离散机3            54129.62        55280.62        1151.00        
  1        5               离散机2            55550.27        56599.27        1049.00        
  1        6               离散机4            56833.62        57766.62        933.00         

工件 2:
  2        0               打印机2            0.00            35792.27        35792.27       
  2        1               批处理机1           35792.27        36851.27        1059.00        
  2        2               离散机5            36851.27        38177.27        1326.00        
  2        3               离散机4            38177.27        39636.27        1459.00        
  2        4               离散机2            45200.27        46880.27        1680.00        
  2        5               离散机1            46880.27        48452.27        1572.00        
  2        6               离散机2            49669.27        50653.27        984.00         
  2        7               离散机3            52785.62        54032.62        1247.00        

工件 3:
  3        0               打印机3            0.00            37208.67        37208.67       
  3        1               批处理机1           37208.67        38267.67        1059.00        
  3        2               离散机5            42521.27        43914.27        1393.00        
  3        3               离散机5            43914.27        45424.27        1510.00        
  3        4               离散机4            45455.62        46971.62        1516.00        
  3        5               离散机2            48318.27        49669.27        1351.00        
  3        6               离散机3            51061.62        52785.62        1724.00        
  3        7               离散机5            53661.27        55267.27        1606.00        
  3        8               离散机3            56247.62        57415.62        1168.00        

工件 4:
  4        0               打印机3            0.00            37208.67        37208.67       
  4        1               批处理机1           37208.67        38267.67        1059.00        
  4        2               离散机5            40751.27        42521.27        1770.00        
  4        3               离散机4            46971.62        48333.62        1362.00        
  4        4               离散机3            48333.62        49312.62        979.00         
  4        5               离散机2            52390.27        53886.27        1496.00        

工件 5:
  5        0               打印机2            0.00            35792.27        35792.27       
  5        1               批处理机1           35792.27        36851.27        1059.00        
  5        2               离散机3            36851.27        38257.27        1406.00        
  5        3               离散机2            38257.27        39263.27        1006.00        
  5        4               离散机3            39946.67        40890.67        944.00         
  5        5               离散机1            40890.67        41815.67        925.00         
  5        6               离散机1            41815.67        42948.67        1133.00        

工件 6:
  6        0               打印机1            0.00            43001.62        43001.62       
  6        1               批处理机1           43001.62        44060.62        1059.00        
  6        2               离散机4            44060.62        45455.62        1395.00        

工件 7:
  7        0               打印机1            0.00            43001.62        43001.62       
  7        1               批处理机1           43001.62        44060.62        1059.00        
  7        2               离散机3            44356.27        45923.27        1567.00        
  7        3               离散机1            48452.27        49457.27        1005.00        
  7        4               离散机1            50997.27        52493.27        1496.00        
  7        5               离散机1            53918.27        54987.27        1069.00        
  7        6               离散机3            55280.62        56247.62        967.00         

工件 8:
  8        0               打印机3            0.00            37208.67        37208.67       
  8        1               批处理机1           37208.67        38267.67        1059.00        
  8        2               离散机1            39537.27        40860.27        1323.00        

工件 9:
  9        0               打印机1            0.00            43001.62        43001.62       
  9        1               批处理机1           43001.62        44060.62        1059.00        
  9        2               离散机3            45923.27        47233.27        1310.00        
  9        3               离散机5            47781.27        49249.27        1468.00        
  9        4               离散机5            49249.27        50617.27        1368.00        
  9        5               离散机1            52493.27        53918.27        1425.00        

工件 10:
  10       0               打印机2            0.00            35792.27        35792.27       
  10       1               批处理机1           35792.27        36851.27        1059.00        
  10       2               离散机2            43545.27        45200.27        1655.00        
  10       3               离散机4            49714.62        50823.62        1109.00        
  10       4               离散机4            50823.62        51739.62        916.00         

工件 11:
  11       0               打印机2            0.00            35792.27        35792.27       
  11       1               批处理机1           35792.27        36851.27        1059.00        
  11       2               离散机4            36851.27        38064.27        1213.00        
  11       3               离散机1            38064.27        39537.27        1473.00        
  11       4               离散机5            55267.27        56642.27        1375.00        
  11       5               离散机1            57235.27        58571.27        1336.00        

工件 12:
  12       0               打印机2            0.00            35792.27        35792.27       
  12       1               批处理机1           35792.27        36851.27        1059.00        
  12       2               离散机4            43128.67        44030.67        902.00         
  12       3               离散机1            49457.27        50997.27        1540.00        
  12       4               离散机1            56281.27        57235.27        954.00         

工件 13:
  13       0               打印机2            0.00            35792.27        35792.27       
  13       1               批处理机1           35792.27        36851.27        1059.00        
  13       2               离散机2            46880.27        48318.27        1438.00        
  13       3               离散机2            53886.27        55550.27        1664.00        

工件 14:
  14       0               打印机3            0.00            37208.67        37208.67       
  14       1               批处理机1           37208.67        38267.67        1059.00        
  14       2               离散机3            38267.67        39946.67        1679.00        
  14       3               离散机4            39946.67        41660.67        1714.00        
  14       4               离散机5            45424.27        46872.27        1448.00        
  14       5               离散机4            48333.62        49714.62        1381.00        
  14       6               离散机2            50653.27        52390.27        1737.00        
  14       7               离散机5            52390.27        53661.27        1271.00        
  14       8               离散机1            54987.27        56281.27        1294.00        
  14       9               离散机5            56642.27        57665.27        1023.00        

工件 15:
  15       0               打印机2            0.00            35792.27        35792.27       
  15       1               批处理机1           35792.27        36851.27        1059.00        
  15       2               离散机4            41660.67        43128.67        1468.00        
  15       3               离散机1            43128.67        44564.67        1436.00        
  15       4               离散机1            44564.67        45761.67        1197.00        

工件 16:
  16       0               打印机2            0.00            35792.27        35792.27       
  16       1               批处理机1           35792.27        36851.27        1059.00        
  16       2               离散机3            40890.67        42372.67        1482.00        

工件 17:
  17       0               打印机3            0.00            37208.67        37208.67       
  17       1               批处理机1           37208.67        38267.67        1059.00        
  17       2               离散机5            39793.27        40751.27        958.00         
  17       3               离散机4            54129.62        55778.62        1649.00        
  17       4               离散机2            56599.27        57589.27        990.00         
  17       5               离散机3            57589.27        58596.27        1007.00        

工件 18:
  18       0               打印机3            0.00            37208.67        37208.67       
  18       1               批处理机1           37208.67        38267.67        1059.00        
  18       2               离散机2            39263.27        40894.27        1631.00        
  18       3               离散机2            42557.27        43545.27        988.00         
  18       4               离散机1            45761.67        46762.67        1001.00        

工件 19:
  19       0               打印机3            0.00            37208.67        37208.67       
  19       1               批处理机1           37208.67        38267.67        1059.00        

【机器加工顺序记录】
----------------------------------------------------------------------------------------------------

打印机1:
工件号      工序号             开始时间            结束时间            加工时长           
--------------------------------------------------------------------------------
  1        0               0.00            43001.62        43001.62       
  6        0               0.00            43001.62        43001.62       
  7        0               0.00            43001.62        43001.62       
  9        0               0.00            43001.62        43001.62       

  机器利用率: 293.10% (忙碌时间: 172006.49 / 总时间: 58684.27)

打印机2:
工件号      工序号             开始时间            结束时间            加工时长           
--------------------------------------------------------------------------------
  0        0               0.00            35792.27        35792.27       
  2        0               0.00            35792.27        35792.27       
  5        0               0.00            35792.27        35792.27       
  10       0               0.00            35792.27        35792.27       
  11       0               0.00            35792.27        35792.27       
  12       0               0.00            35792.27        35792.27       
  13       0               0.00            35792.27        35792.27       
  15       0               0.00            35792.27        35792.27       
  16       0               0.00            35792.27        35792.27       

  机器利用率: 548.92% (忙碌时间: 322130.47 / 总时间: 58684.27)

打印机3:
工件号      工序号             开始时间            结束时间            加工时长           
--------------------------------------------------------------------------------
  3        0               0.00            37208.67        37208.67       
  4        0               0.00            37208.67        37208.67       
  8        0               0.00            37208.67        37208.67       
  14       0               0.00            37208.67        37208.67       
  17       0               0.00            37208.67        37208.67       
  18       0               0.00            37208.67        37208.67       
  19       0               0.00            37208.67        37208.67       

  机器利用率: 443.83% (忙碌时间: 260460.67 / 总时间: 58684.27)

批处理机1:
工件号      工序号             开始时间            结束时间            加工时长           
--------------------------------------------------------------------------------
  0        1               35792.27        36851.27        1059.00        
  2        1               35792.27        36851.27        1059.00        
  5        1               35792.27        36851.27        1059.00        
  10       1               35792.27        36851.27        1059.00        
  11       1               35792.27        36851.27        1059.00        
  12       1               35792.27        36851.27        1059.00        
  13       1               35792.27        36851.27        1059.00        
  15       1               35792.27        36851.27        1059.00        
  16       1               35792.27        36851.27        1059.00        
  3        1               37208.67        38267.67        1059.00        
  4        1               37208.67        38267.67        1059.00        
  8        1               37208.67        38267.67        1059.00        
  14       1               37208.67        38267.67        1059.00        
  17       1               37208.67        38267.67        1059.00        
  18       1               37208.67        38267.67        1059.00        
  19       1               37208.67        38267.67        1059.00        
  1        1               43001.62        44060.62        1059.00        
  6        1               43001.62        44060.62        1059.00        
  7        1               43001.62        44060.62        1059.00        
  9        1               43001.62        44060.62        1059.00        

  机器利用率: 36.09% (忙碌时间: 21180.00 / 总时间: 58684.27)

批处理机2:
工件号      工序号             开始时间            结束时间            加工时长           
--------------------------------------------------------------------------------

  机器利用率: 0.00% (忙碌时间: 0.00 / 总时间: 58684.27)

离散机1:
工件号      工序号             开始时间            结束时间            加工时长           
--------------------------------------------------------------------------------
  11       3               38064.27        39537.27        1473.00        
  8        2               39537.27        40860.27        1323.00        
  5        5               40890.67        41815.67        925.00         
  5        6               41815.67        42948.67        1133.00        
  15       3               43128.67        44564.67        1436.00        
  15       4               44564.67        45761.67        1197.00        
  18       4               45761.67        46762.67        1001.00        
  2        5               46880.27        48452.27        1572.00        
  7        3               48452.27        49457.27        1005.00        
  12       3               49457.27        50997.27        1540.00        
  7        4               50997.27        52493.27        1496.00        
  9        5               52493.27        53918.27        1425.00        
  7        5               53918.27        54987.27        1069.00        
  14       8               54987.27        56281.27        1294.00        
  12       4               56281.27        57235.27        954.00         
  11       5               57235.27        58571.27        1336.00        

  机器利用率: 34.39% (忙碌时间: 20179.00 / 总时间: 58684.27)

离散机2:
工件号      工序号             开始时间            结束时间            加工时长           
--------------------------------------------------------------------------------
  5        3               38257.27        39263.27        1006.00        
  18       2               39263.27        40894.27        1631.00        
  0        3               40894.27        42557.27        1663.00        
  18       3               42557.27        43545.27        988.00         
  10       2               43545.27        45200.27        1655.00        
  2        4               45200.27        46880.27        1680.00        
  13       2               46880.27        48318.27        1438.00        
  3        5               48318.27        49669.27        1351.00        
  2        6               49669.27        50653.27        984.00         
  14       6               50653.27        52390.27        1737.00        
  4        5               52390.27        53886.27        1496.00        
  13       3               53886.27        55550.27        1664.00        
  1        5               55550.27        56599.27        1049.00        
  17       4               56599.27        57589.27        990.00         
  0        9               57589.27        58684.27        1095.00        

  机器利用率: 34.81% (忙碌时间: 20427.00 / 总时间: 58684.27)

离散机3:
工件号      工序号             开始时间            结束时间            加工时长           
--------------------------------------------------------------------------------
  5        2               36851.27        38257.27        1406.00        
  14       2               38267.67        39946.67        1679.00        
  5        4               39946.67        40890.67        944.00         
  16       2               40890.67        42372.67        1482.00        
  0        4               42557.27        44356.27        1799.00        
  7        2               44356.27        45923.27        1567.00        
  9        2               45923.27        47233.27        1310.00        
  4        4               48333.62        49312.62        979.00         
  0        6               49312.62        51061.62        1749.00        
  3        6               51061.62        52785.62        1724.00        
  2        7               52785.62        54032.62        1247.00        
  1        4               54129.62        55280.62        1151.00        
  7        6               55280.62        56247.62        967.00         
  3        8               56247.62        57415.62        1168.00        
  17       5               57589.27        58596.27        1007.00        

  机器利用率: 34.39% (忙碌时间: 20179.00 / 总时间: 58684.27)

离散机4:
工件号      工序号             开始时间            结束时间            加工时长           
--------------------------------------------------------------------------------
  11       2               36851.27        38064.27        1213.00        
  2        3               38177.27        39636.27        1459.00        
  14       3               39946.67        41660.67        1714.00        
  15       2               41660.67        43128.67        1468.00        
  12       2               43128.67        44030.67        902.00         
  6        2               44060.62        45455.62        1395.00        
  3        4               45455.62        46971.62        1516.00        
  4        3               46971.62        48333.62        1362.00        
  14       5               48333.62        49714.62        1381.00        
  10       3               49714.62        50823.62        1109.00        
  10       4               50823.62        51739.62        916.00         
  1        2               51739.62        53074.62        1335.00        
  1        3               53074.62        54129.62        1055.00        
  17       3               54129.62        55778.62        1649.00        
  0        8               55778.62        56833.62        1055.00        
  1        6               56833.62        57766.62        933.00         

  机器利用率: 34.87% (忙碌时间: 20462.00 / 总时间: 58684.27)

离散机5:
工件号      工序号             开始时间            结束时间            加工时长           
--------------------------------------------------------------------------------
  2        2               36851.27        38177.27        1326.00        
  0        2               38177.27        39793.27        1616.00        
  17       2               39793.27        40751.27        958.00         
  4        2               40751.27        42521.27        1770.00        
  3        2               42521.27        43914.27        1393.00        
  3        3               43914.27        45424.27        1510.00        
  14       4               45424.27        46872.27        1448.00        
  0        5               46872.27        47781.27        909.00         
  9        3               47781.27        49249.27        1468.00        
  9        4               49249.27        50617.27        1368.00        
  0        7               51061.62        52334.62        1273.00        
  14       7               52390.27        53661.27        1271.00        
  3        7               53661.27        55267.27        1606.00        
  11       4               55267.27        56642.27        1375.00        
  14       9               56642.27        57665.27        1023.00        

  机器利用率: 34.62% (忙碌时间: 20314.00 / 总时间: 58684.27)

【打印批次详细信息】
----------------------------------------------------------------------------------------------------

打印机 1 (尺寸: 922.0 x 523.0 x 550.0):
--------------------------------------------------------------------------------
  批次 1: 零件数=4, 占用率=44.16%
    - 7: 尺寸 197.0 x 177.0 x 83.0
    - 9: 尺寸 350.0 x 229.0 x 45.0
    - 6: 尺寸 197.0 x 182.0 x 71.0
    - 1: 尺寸 142.0 x 437.0 x 75.0

打印机 2 (尺寸: 873.0 x 508.0 x 673.0):
--------------------------------------------------------------------------------
  批次 1: 零件数=9, 占用率=83.37%
    - 10: 尺寸 182.0 x 76.0 x 137.0
    - 5: 尺寸 211.0 x 108.0 x 124.0
    - 16: 尺寸 330.0 x 256.0 x 97.0
    - 13: 尺寸 86.0 x 133.0 x 135.0
    - 2: 尺寸 50.0 x 118.0 x 129.0
    - 0: 尺寸 95.0 x 290.0 x 15.0
    - 11: 尺寸 96.0 x 133.0 x 119.0
    - 12: 尺寸 342.0 x 247.0 x 136.0
    - 15: 尺寸 426.0 x 250.0 x 198.0

打印机 3 (尺寸: 1126.0 x 567.0 x 666.0):
--------------------------------------------------------------------------------
  批次 1: 零件数=7, 占用率=37.45%
    - 19: 尺寸 421.0 x 162.0 x 57.0
    - 18: 尺寸 103.0 x 64.0 x 34.0
    - 3: 尺寸 271.0 x 242.0 x 58.0
    - 14: 尺寸 260.0 x 144.0 x 33.0
    - 4: 尺寸 115.0 x 122.0 x 66.0
    - 17: 尺寸 96.0 x 148.0 x 22.0
    - 8: 尺寸 136.0 x 243.0 x 16.0

════════════════════════════════════════════════════════════════
