════════════════════════════════════════════════════════════════
              运行统计信息
════════════════════════════════════════════════════════════════

算例: J10P2B1D2_01
算法: NSGAII
运行次数: 8
Pareto前沿规模（去重前）: 150
Pareto前沿规模（去重后）: 29
运行时间: 300.06 秒

━━━━━━━━━━━━━━━━━━━━━━━━━━━━━━━━━━━━━━━━━━━━━━━━━━━━━━━━━━
  Pareto前沿（已去重）
━━━━━━━━━━━━━━━━━━━━━━━━━━━━━━━━━━━━━━━━━━━━━━━━━━━━━━━━━━

序号       Cmax            能耗(kWh)         装箱质量            批次数       
──────────────────────────────────────────────────────────────────────
1        93156.00        130.90          0.6970          1         
2        76414.00        171.59          0.2293          2         
3        90005.00        143.69          0.0367          2         
4        84590.00        162.67          0.1123          2         
5        85515.00        149.32          0.0912          2         
6        90895.00        131.17          0.6970          1         
7        88630.00        148.79          0.0545          2         
8        82086.00        167.29          0.0839          2         
9        79458.00        167.99          0.1384          2         
10       78495.00        168.08          0.1384          2         
11       88831.00        143.87          0.0367          2         
12       76646.00        171.15          0.1703          2         
13       91465.00        130.96          0.6970          1         
14       82470.00        166.93          0.0839          2         
15       83926.00        163.21          0.1123          2         
16       89041.00        143.78          0.0367          2         
17       86206.00        149.01          0.0912          2         
18       87666.00        148.88          0.0545          2         
19       87170.00        148.93          0.0912          2         
20       84000.00        162.70          0.1123          2         
21       85616.00        149.05          0.0912          2         
22       87559.00        148.91          0.0545          2         
23       91100.00        131.05          0.6970          1         
24       82306.00        167.15          0.0839          2         
25       83993.00        162.98          0.1123          2         
26       88933.00        143.87          0.0367          2         
27       82387.00        167.02          0.0839          2         
28       91006.00        131.11          0.6970          1         
29       85587.00        149.19          0.0912          2         

━━━━━━━━━━━━━━━━━━━━━━━━━━━━━━━━━━━━━━━━━━━━━━━━━━━━━━━━━━
  最优Cmax解
━━━━━━━━━━━━━━━━━━━━━━━━━━━━━━━━━━━━━━━━━━━━━━━━━━━━━━━━━━

Cmax: 76414.00
能耗: 171.59 kWh
装箱质量: 0.2293
批次数: 2

详细信息请查看:
  - pareto_front.png (Pareto前沿图)
  - pareto_front_data.txt (Pareto前沿详细数据)
  - best_cmax_gantt.png (甘特图)
  - best_cmax_printer_layout.png (打印批次排布图)
  - best_cmax_schedule_records.txt (详细调度记录)

════════════════════════════════════════════════════════════════
