════════════════════════════════════════════════════════════════
              最优Cmax解的详细调度记录
════════════════════════════════════════════════════════════════

【基本信息】
----------------------------------------------------------------------------------------------------
Cmax (最大完工时间): 59597.29
能耗: 513.24 kWh
装箱质量: 0.2877
批次总数: 8
工件数量: 50
机器数量: 14 (打印机:4, 批处理机:2, 离散机:8)

【染色体编码】
----------------------------------------------------------------------------------------------------
工序序列 (OS): [28, 3, 19, 5, 31, 4, 9, 26, 22, 23, 45, 46, 38, 8, 25, 30, 47, 6, 13, 0, 15, 7, 18, 36, 27, 11, 17, 32, 35, 21, 24, 14, 34, 29, 41, 20, 16, 33, 43, 44, 2, 1, 12, 48, 37, 10, 49, 42, 40, 39, 7, 19, 46, 19, 31, 8, 30, 35, 21, 0, 35, 12, 30, 29, 28, 35, 21, 9, 0, 5, 14, 29, 27, 4, 23, 4, 31, 4, 29, 5, 19, 33, 35, 1, 26, 6, 20, 16, 26, 38, 38, 24, 39, 39, 20, 48, 9, 14, 47, 17, 42, 4, 1, 14, 27, 5, 20, 44, 40, 35, 23, 28, 15, 17, 49, 10, 29, 22, 42, 47, 13, 47, 3, 7, 17, 31, 47, 16, 17, 11, 33, 38, 17, 4, 11, 30, 0, 26, 9, 26, 19, 33, 49, 28, 33, 27, 35, 11, 39, 47, 46, 23, 48, 7, 0, 6, 29, 33, 42, 17, 40, 9, 19, 2, 44, 49, 30, 47, 16, 19, 35, 15, 20, 48, 29, 22, 39, 49, 1, 39, 21, 49, 3, 14, 48, 12, 49, 29, 6, 38, 22, 28, 1, 39, 27, 33, 4, 0, 24, 30, 48, 47, 3, 4, 21, 20, 46, 2, 32, 27, 43, 10, 27, 17, 11, 9, 35, 38, 24, 23, 19, 33, 16, 47, 8, 0, 17, 5, 48, 9, 30, 10, 16, 22, 6, 44, 32, 4, 5, 24, 13, 49, 22, 19, 39, 13, 1, 21, 5, 33, 3, 6, 48, 6, 28, 39, 46, 25, 16, 25]
机器选择 (MS): [2, 4, 1, 1, 2, 1, 2, 1, 3, 3, 4, 1, 1, 3, 4, 4, 4, 4, 4, 1, 2, 4, 2, 4, 2, 1, 3, 3, 4, 3, 1, 1, 2, 4, 2, 1, 1, 2, 4, 3, 1, 1, 1, 4, 3, 4, 1, 1, 2, 4, 1, 1, 2, 3, 1, 2, 1, 1, 1, 1, 1, 1, 2, 1, 1, 2, 1, 1, 2, 3, 1, 1, 3, 2, 1, 1, 1, 1, 2, 2, 1, 2, 1, 1, 1, 2, 1, 2, 1, 2, 1, 1, 1, 1, 2, 1, 2, 1, 1, 1, 2, 1, 2, 1, 1, 2, 1, 2, 2, 2, 1, 1, 3, 1, 3, 1, 2, 1, 1, 3, 1, 2, 3, 1, 1, 1, 1, 1, 1, 1, 1, 1, 1, 1, 1, 3, 2, 1, 2, 1, 1, 1, 1, 1, 1, 1, 1, 1, 1, 1, 1, 1, 1, 1, 3, 1, 1, 1, 1, 2, 1, 1, 1, 1, 2, 1, 2, 2, 1, 2, 3, 1, 1, 1, 1, 1, 1, 1, 2, 1, 1, 2, 1, 1, 1, 2, 2, 1, 1, 1, 1, 2, 1, 1, 2, 1, 1, 1, 1, 1, 1, 1, 2, 3, 1, 1, 2, 3, 1, 1, 2, 2, 1, 2, 3, 2, 1, 2, 1, 3, 3, 1, 1, 3, 3, 3, 1, 1, 2, 1, 2, 1, 1, 2, 2, 2, 1, 2, 1, 1, 2, 1, 2, 1, 1, 2, 2, 2, 1, 2, 1, 3, 1, 2, 1, 1, 1, 2, 1, 2]

【零件加工顺序记录】
----------------------------------------------------------------------------------------------------
工件号      工序号             机器号             开始时间            结束时间            加工时长           
----------------------------------------------------------------------------------------------------

工件 0:
  0        0               打印机1            0.00            33290.29        33290.29       
  0        1               批处理机1           33290.29        34165.29        875.00         
  0        2               离散机3            36706.29        37816.29        1110.00        
  0        3               离散机5            37816.29        39290.29        1474.00        
  0        4               离散机2            41597.29        42728.29        1131.00        
  0        5               离散机8            45308.29        46521.29        1213.00        
  0        6               离散机2            51483.29        52538.29        1055.00        
  0        7               离散机4            55183.29        56556.29        1373.00        

工件 1:
  1        0               打印机1            0.00            33290.29        33290.29       
  1        1               批处理机1           33290.29        34165.29        875.00         
  1        2               离散机1            35122.75        36214.75        1092.00        
  1        3               离散机5            41045.29        42391.29        1346.00        
  1        4               离散机2            45814.29        46874.29        1060.00        
  1        5               离散机1            49633.75        50608.75        975.00         
  1        6               离散机2            58506.29        59596.29        1090.00        

工件 2:
  2        0               打印机1            0.00            33290.29        33290.29       
  2        1               批处理机1           33290.29        34165.29        875.00         
  2        2               离散机1            41077.75        42859.75        1782.00        
  2        3               离散机6            42859.75        44195.75        1336.00        

工件 3:
  3        0               打印机4            0.00            17165.67        17165.67       
  3        1               批处理机1           17165.67        18040.67        875.00         
  3        2               离散机4            24799.86        26401.86        1602.00        
  3        3               离散机3            26401.86        27438.86        1037.00        
  3        4               离散机4            28812.86        29836.86        1024.00        
  3        5               离散机4            57538.29        58611.29        1073.00        

工件 4:
  4        0               打印机1            0.00            33290.29        33290.29       
  4        1               批处理机1           33290.29        34165.29        875.00         
  4        2               离散机5            34165.29        35864.29        1699.00        
  4        3               离散机4            35864.29        36964.29        1100.00        
  4        4               离散机4            36964.29        38426.29        1462.00        
  4        5               离散机4            41575.29        43244.29        1669.00        
  4        6               离散机6            49058.29        50581.29        1523.00        
  4        7               离散机6            50581.29        51540.29        959.00         
  4        8               离散机4            52744.29        53658.29        914.00         
  4        9               离散机5            54776.29        56524.29        1748.00        

工件 5:
  5        0               打印机1            0.00            33290.29        33290.29       
  5        1               批处理机1           33290.29        34165.29        875.00         
  5        2               离散机2            35117.29        36387.29        1270.00        
  5        3               离散机2            36387.29        38049.29        1662.00        
  5        4               离散机2            39120.29        40366.29        1246.00        
  5        5               离散机7            47240.29        48588.29        1348.00        
  5        6               离散机7            54717.29        56314.29        1597.00        
  5        7               离散机3            57468.29        58656.29        1188.00        

工件 6:
  6        0               打印机4            0.00            17165.67        17165.67       
  6        1               批处理机1           17165.67        18040.67        875.00         
  6        2               离散机5            20631.67        21989.67        1358.00        
  6        3               离散机8            22530.67        24135.67        1605.00        
  6        4               离散机7            25838.67        26763.67        925.00         
  6        5               离散机3            27438.86        28889.86        1451.00        
  6        6               离散机6            57437.29        58555.29        1118.00        
  6        7               离散机4            58611.29        59597.29        986.00         

工件 7:
  7        0               打印机4            0.00            17165.67        17165.67       
  7        1               批处理机1           17165.67        18040.67        875.00         
  7        2               离散机8            18040.67        19833.67        1793.00        
  7        3               离散机6            31155.75        32334.75        1179.00        
  7        4               离散机5            43772.29        45158.29        1386.00        

工件 8:
  8        0               打印机3            0.00            29996.75        29996.75       
  8        1               批处理机1           29996.75        30871.75        875.00         
  8        2               离散机1            30871.75        31961.75        1090.00        
  8        3               离散机7            31961.75        33318.75        1357.00        

工件 9:
  9        0               打印机2            0.00            18590.86        18590.86       
  9        1               批处理机1           18590.86        19465.86        875.00         
  9        2               离散机5            19713.67        20631.67        918.00         
  9        3               离散机1            20631.67        22047.67        1416.00        
  9        4               离散机7            22047.67        23362.67        1315.00        
  9        5               离散机5            25827.86        27423.86        1596.00        
  9        6               离散机6            36313.75        37453.75        1140.00        
  9        7               离散机1            52923.75        54087.75        1164.00        

工件 10:
  10       0               打印机4            17165.67        27860.75        10695.08       
  10       1               批处理机1           27860.75        28735.75        875.00         
  10       2               离散机8            33554.75        34460.75        906.00         
  10       3               离散机2            53534.29        54729.29        1195.00        
  10       4               离散机6            55803.29        57437.29        1634.00        

工件 11:
  11       0               打印机1            33290.29        43266.29        9976.00        
  11       1               批处理机2           43266.29        44329.29        1063.00        
  11       2               离散机5            46720.29        48025.29        1305.00        
  11       3               离散机3            48025.29        48938.29        913.00         
  11       4               离散机3            48938.29        50582.29        1644.00        
  11       5               离散机5            51680.29        53069.29        1389.00        

工件 12:
  12       0               打印机1            33290.29        43266.29        9976.00        
  12       1               批处理机2           43266.29        44329.29        1063.00        
  12       2               离散机7            45805.29        47240.29        1435.00        
  12       3               离散机2            48622.29        50077.29        1455.00        

工件 13:
  13       0               打印机4            17165.67        27860.75        10695.08       
  13       1               批处理机1           27860.75        28735.75        875.00         
  13       2               离散机6            30187.75        31155.75        968.00         
  13       3               离散机5            31155.75        32150.75        995.00         
  13       4               离散机5            57767.29        58939.29        1172.00        

工件 14:
  14       0               打印机1            33290.29        43266.29        9976.00        
  14       1               批处理机2           43266.29        44329.29        1063.00        
  14       2               离散机8            44329.29        45308.29        979.00         
  14       3               离散机5            45308.29        46720.29        1412.00        
  14       4               离散机8            46720.29        47667.29        947.00         
  14       5               离散机1            48282.75        49633.75        1351.00        

工件 15:
  15       0               打印机2            0.00            18590.86        18590.86       
  15       1               批处理机1           18590.86        19465.86        875.00         
  15       2               离散机7            20704.86        21824.86        1120.00        
  15       3               离散机4            26401.86        27361.86        960.00         

工件 16:
  16       0               打印机1            0.00            33290.29        33290.29       
  16       1               批处理机1           33290.29        34165.29        875.00         
  16       2               离散机4            38426.29        39369.29        943.00         
  16       3               离散机7            39369.29        40787.29        1418.00        
  16       4               离散机7            42475.29        44103.29        1628.00        
  16       5               离散机8            52751.29        54006.29        1255.00        
  16       6               离散机1            54087.75        55436.75        1349.00        
  16       7               离散机7            56314.29        57449.29        1135.00        

工件 17:
  17       0               打印机3            0.00            29996.75        29996.75       
  17       1               批处理机1           29996.75        30871.75        875.00         
  17       2               离散机8            30871.75        32584.75        1713.00        
  17       3               离散机2            32584.75        33874.75        1290.00        
  17       4               离散机1            38292.75        39962.75        1670.00        
  17       5               离散机7            40787.29        42475.29        1688.00        
  17       6               离散机8            42475.29        44264.29        1789.00        
  17       7               离散机4            47626.29        48633.29        1007.00        
  17       8               离散机7            50318.29        51771.29        1453.00        
  17       9               离散机7            53082.29        54717.29        1635.00        

工件 18:
  18       0               打印机2            0.00            18590.86        18590.86       
  18       1               批处理机1           18590.86        19465.86        875.00         

工件 19:
  19       0               打印机1            0.00            33290.29        33290.29       
  19       1               批处理机1           33290.29        34165.29        875.00         
  19       2               离散机2            34165.29        35117.29        952.00         
  19       3               离散机3            35117.29        36706.29        1589.00        
  19       4               离散机7            36706.29        38314.29        1608.00        
  19       5               离散机4            44568.29        46220.29        1652.00        
  19       6               离散机5            48025.29        48957.29        932.00         
  19       7               离散机8            49445.29        50546.29        1101.00        
  19       8               离散机6            51540.29        53025.29        1485.00        
  19       9               离散机1            56467.75        57674.75        1207.00        

工件 20:
  20       0               打印机1            0.00            33290.29        33290.29       
  20       1               批处理机1           33290.29        34165.29        875.00         
  20       2               离散机5            35864.29        37362.29        1498.00        
  20       3               离散机2            38049.29        39120.29        1071.00        
  20       4               离散机3            39120.29        40792.29        1672.00        
  20       5               离散机1            44466.75        45731.75        1265.00        
  20       6               离散机1            50608.75        51682.75        1074.00        

工件 21:
  21       0               打印机3            0.00            29996.75        29996.75       
  21       1               批处理机1           29996.75        30871.75        875.00         
  21       2               离散机1            31961.75        33552.75        1591.00        
  21       3               离散机1            33552.75        35122.75        1570.00        
  21       4               离散机2            46874.29        48622.29        1748.00        
  21       5               离散机7            48622.29        50318.29        1696.00        
  21       6               离散机3            56285.29        57468.29        1183.00        

工件 22:
  22       0               打印机3            0.00            29996.75        29996.75       
  22       1               批处理机1           29996.75        30871.75        875.00         
  22       2               离散机2            40366.29        41597.29        1231.00        
  22       3               离散机6            41597.29        42606.29        1009.00        
  22       4               离散机4            50338.29        51425.29        1087.00        
  22       5               离散机1            55436.75        56467.75        1031.00        
  22       6               离散机2            57502.29        58506.29        1004.00        

工件 23:
  23       0               打印机3            0.00            29996.75        29996.75       
  23       1               批处理机1           29996.75        30871.75        875.00         
  23       2               离散机4            30871.75        32051.75        1180.00        
  23       3               离散机8            32584.75        33554.75        970.00         
  23       4               离散机6            33688.75        34632.75        944.00         
  23       5               离散机1            51682.75        52923.75        1241.00        

工件 24:
  24       0               打印机1            0.00            33290.29        33290.29       
  24       1               批处理机1           33290.29        34165.29        875.00         
  24       2               离散机4            40378.29        41575.29        1197.00        
  24       3               离散机5            50616.29        51680.29        1064.00        
  24       4               离散机7            51771.29        53082.29        1311.00        
  24       5               离散机3            54871.29        56285.29        1414.00        

工件 25:
  25       0               打印机4            0.00            17165.67        17165.67       
  25       1               批处理机1           17165.67        18040.67        875.00         
  25       2               离散机1            23438.67        24945.67        1507.00        
  25       3               离散机3            24945.67        25871.67        926.00         

工件 26:
  26       0               打印机1            0.00            33290.29        33290.29       
  26       1               批处理机1           33290.29        34165.29        875.00         
  26       2               离散机4            34165.29        35805.29        1640.00        
  26       3               离散机4            39369.29        40378.29        1009.00        
  26       4               离散机3            40792.29        42589.29        1797.00        
  26       5               离散机4            43244.29        44568.29        1324.00        

工件 27:
  27       0               打印机2            0.00            18590.86        18590.86       
  27       1               批处理机1           18590.86        19465.86        875.00         
  27       2               离散机7            19465.86        20704.86        1239.00        
  27       3               离散机4            22071.86        23266.86        1195.00        
  27       4               离散机7            23362.67        24484.67        1122.00        
  27       5               离散机7            26763.67        27887.67        1124.00        
  27       6               离散机2            27887.67        28822.67        935.00         
  27       7               离散机4            29836.86        30739.86        903.00         

工件 28:
  28       0               打印机2            0.00            18590.86        18590.86       
  28       1               批处理机1           18590.86        19465.86        875.00         
  28       2               离散机6            21241.67        22620.67        1379.00        
  28       3               离散机4            23266.86        24799.86        1533.00        
  28       4               离散机5            24799.86        25827.86        1028.00        
  28       5               离散机2            25827.86        26737.86        910.00         
  28       6               离散机2            28822.67        29984.67        1162.00        

工件 29:
  29       0               打印机4            0.00            17165.67        17165.67       
  29       1               批处理机1           17165.67        18040.67        875.00         
  29       2               离散机8            19833.67        20855.67        1022.00        
  29       3               离散机3            20855.67        21910.67        1055.00        
  29       4               离散机6            23674.67        24982.67        1308.00        
  29       5               离散机6            24982.67        26466.67        1484.00        
  29       6               离散机6            34632.75        36313.75        1681.00        
  29       7               离散机5            48957.29        50616.29        1659.00        
  29       8               离散机3            53784.29        54871.29        1087.00        

工件 30:
  30       0               打印机4            0.00            17165.67        17165.67       
  30       1               批处理机1           17165.67        18040.67        875.00         
  30       2               离散机5            18040.67        19713.67        1673.00        
  30       3               离散机6            19713.67        21241.67        1528.00        
  30       4               离散机8            21241.67        22530.67        1289.00        
  30       5               离散机5            22530.67        24094.67        1564.00        
  30       6               离散机5            27423.86        28892.86        1469.00        
  30       7               离散机7            28892.86        29830.86        938.00         

工件 31:
  31       0               打印机2            0.00            18590.86        18590.86       
  31       1               批处理机1           18590.86        19465.86        875.00         
  31       2               离散机4            19465.86        20699.86        1234.00        
  31       3               离散机6            22620.67        23674.67        1054.00        
  31       4               离散机2            23674.67        25404.67        1730.00        

工件 32:
  32       0               打印机3            0.00            29996.75        29996.75       
  32       1               批处理机1           29996.75        30871.75        875.00         
  32       2               离散机8            34460.75        35362.75        902.00         
  32       3               离散机2            55820.29        57502.29        1682.00        

工件 33:
  33       0               打印机2            0.00            18590.86        18590.86       
  33       1               批处理机1           18590.86        19465.86        875.00         
  33       2               离散机1            19465.86        20554.86        1089.00        
  33       3               离散机2            20554.86        21457.86        903.00         
  33       4               离散机6            32334.75        33688.75        1354.00        
  33       5               离散机7            34749.75        36073.75        1324.00        
  33       6               离散机1            39962.75        41077.75        1115.00        
  33       7               离散机2            50077.29        51483.29        1406.00        
  33       8               离散机6            53025.29        54640.29        1615.00        
  33       9               离散机8            55363.29        56686.29        1323.00        

工件 34:
  34       0               打印机2            18590.86        42698.97        24108.10       
  34       1               批处理机1           42698.97        43573.97        875.00         

工件 35:
  35       0               打印机4            17165.67        27860.75        10695.08       
  35       1               批处理机1           27860.75        28735.75        875.00         
  35       2               离散机8            28735.75        30461.75        1726.00        
  35       3               离散机2            30461.75        32211.75        1750.00        
  35       4               离散机5            32211.75        33345.75        1134.00        
  35       5               离散机7            33345.75        34749.75        1404.00        
  35       6               离散机1            37374.75        38292.75        918.00         
  35       7               离散机8            38292.75        39885.75        1593.00        
  35       8               离散机6            39885.75        41513.75        1628.00        
  35       9               离散机2            54729.29        55820.29        1091.00        

工件 36:
  36       0               打印机4            17165.67        27860.75        10695.08       
  36       1               批处理机1           27860.75        28735.75        875.00         

工件 37:
  37       0               打印机3            0.00            29996.75        29996.75       
  37       1               批处理机1           29996.75        30871.75        875.00         

工件 38:
  38       0               打印机1            0.00            33290.29        33290.29       
  38       1               批处理机1           33290.29        34165.29        875.00         
  38       2               离散机1            36214.75        37374.75        1160.00        
  38       3               离散机5            39290.29        41045.29        1755.00        
  38       4               离散机8            41045.29        42112.29        1067.00        
  38       5               离散机8            51686.29        52751.29        1065.00        
  38       6               离散机5            53069.29        54776.29        1707.00        

工件 39:
  39       0               打印机4            0.00            17165.67        17165.67       
  39       1               批处理机1           17165.67        18040.67        875.00         
  39       2               离散机7            18040.67        19074.67        1034.00        
  39       3               离散机4            20699.86        22071.86        1372.00        
  39       4               离散机3            22071.86        23152.86        1081.00        
  39       5               离散机7            24484.67        25838.67        1354.00        
  39       6               离散机4            27361.86        28812.86        1451.00        
  39       7               离散机1            29432.67        30659.67        1227.00        
  39       8               离散机6            37453.75        39143.75        1690.00        
  39       9               离散机8            39885.75        41024.75        1139.00        

工件 40:
  40       0               打印机2            18590.86        42698.97        24108.10       
  40       1               批处理机1           42698.97        43573.97        875.00         
  40       2               离散机6            45931.29        47444.29        1513.00        
  40       3               离散机4            48633.29        50338.29        1705.00        

工件 41:
  41       0               打印机2            0.00            18590.86        18590.86       
  41       1               批处理机1           18590.86        19465.86        875.00         

工件 42:
  42       0               打印机1            33290.29        43266.29        9976.00        
  42       1               批处理机2           43266.29        44329.29        1063.00        
  42       2               离散机6            44329.29        45931.29        1602.00        
  42       3               离散机6            47444.29        49058.29        1614.00        
  42       4               离散机3            50582.29        51775.29        1193.00        

工件 43:
  43       0               打印机4            27860.75        34046.02        6185.27        
  43       1               批处理机2           34046.02        35109.02        1063.00        
  43       2               离散机3            42589.29        43703.29        1114.00        

工件 44:
  44       0               打印机3            0.00            29996.75        29996.75       
  44       1               批处理机1           29996.75        30871.75        875.00         
  44       2               离散机5            42391.29        43772.29        1381.00        
  44       3               离散机8            47667.29        49445.29        1778.00        
  44       4               离散机4            56556.29        57538.29        982.00         

工件 45:
  45       0               打印机4            0.00            17165.67        17165.67       
  45       1               批处理机1           17165.67        18040.67        875.00         

工件 46:
  46       0               打印机1            33290.29        43266.29        9976.00        
  46       1               批处理机2           43266.29        44329.29        1063.00        
  46       2               离散机7            44329.29        45805.29        1476.00        
  46       3               离散机4            46220.29        47626.29        1406.00        
  46       4               离散机4            53658.29        55183.29        1525.00        
  46       5               离散机8            56686.29        57879.29        1193.00        

工件 47:
  47       0               打印机4            0.00            17165.67        17165.67       
  47       1               批处理机1           17165.67        18040.67        875.00         
  47       2               离散机6            18040.67        19507.67        1467.00        
  47       3               离散机1            22047.67        23438.67        1391.00        
  47       4               离散机6            26466.67        27714.67        1248.00        
  47       5               离散机1            27714.67        29432.67        1718.00        
  47       6               离散机5            29432.67        30463.67        1031.00        
  47       7               离散机1            42859.75        44466.75        1607.00        
  47       8               离散机4            51425.29        52744.29        1319.00        
  47       9               离散机6            54640.29        55803.29        1163.00        

工件 48:
  48       0               打印机4            17165.67        27860.75        10695.08       
  48       1               批处理机1           27860.75        28735.75        875.00         
  48       2               离散机6            28735.75        30187.75        1452.00        
  48       3               离散机4            32051.75        33753.75        1702.00        
  48       4               离散机1            45731.75        46906.75        1175.00        
  48       5               离散机8            50546.29        51686.29        1140.00        
  48       6               离散机2            52538.29        53534.29        996.00         
  48       7               离散机8            54006.29        55363.29        1357.00        
  48       8               离散机1            57674.75        58964.75        1290.00        

工件 49:
  49       0               打印机1            0.00            33290.29        33290.29       
  49       1               批处理机1           33290.29        34165.29        875.00         
  49       2               离散机3            37816.29        39055.29        1239.00        
  49       3               离散机2            42728.29        44147.29        1419.00        
  49       4               离散机2            44147.29        45814.29        1667.00        
  49       5               离散机1            46906.75        48282.75        1376.00        
  49       6               离散机3            51775.29        52861.29        1086.00        
  49       7               离散机3            52861.29        53784.29        923.00         
  49       8               离散机5            56524.29        57767.29        1243.00        

【机器加工顺序记录】
----------------------------------------------------------------------------------------------------

打印机1:
工件号      工序号             开始时间            结束时间            加工时长           
--------------------------------------------------------------------------------
  0        0               0.00            33290.29        33290.29       
  1        0               0.00            33290.29        33290.29       
  2        0               0.00            33290.29        33290.29       
  4        0               0.00            33290.29        33290.29       
  5        0               0.00            33290.29        33290.29       
  16       0               0.00            33290.29        33290.29       
  19       0               0.00            33290.29        33290.29       
  20       0               0.00            33290.29        33290.29       
  24       0               0.00            33290.29        33290.29       
  26       0               0.00            33290.29        33290.29       
  38       0               0.00            33290.29        33290.29       
  49       0               0.00            33290.29        33290.29       
  11       0               33290.29        43266.29        9976.00        
  12       0               33290.29        43266.29        9976.00        
  14       0               33290.29        43266.29        9976.00        
  42       0               33290.29        43266.29        9976.00        
  46       0               33290.29        43266.29        9976.00        

  机器利用率: 754.00% (忙碌时间: 449363.43 / 总时间: 59597.29)

打印机2:
工件号      工序号             开始时间            结束时间            加工时长           
--------------------------------------------------------------------------------
  9        0               0.00            18590.86        18590.86       
  15       0               0.00            18590.86        18590.86       
  18       0               0.00            18590.86        18590.86       
  27       0               0.00            18590.86        18590.86       
  28       0               0.00            18590.86        18590.86       
  31       0               0.00            18590.86        18590.86       
  33       0               0.00            18590.86        18590.86       
  41       0               0.00            18590.86        18590.86       
  34       0               18590.86        42698.97        24108.10       
  40       0               18590.86        42698.97        24108.10       

  机器利用率: 330.46% (忙碌时间: 196943.10 / 总时间: 59597.29)

打印机3:
工件号      工序号             开始时间            结束时间            加工时长           
--------------------------------------------------------------------------------
  8        0               0.00            29996.75        29996.75       
  17       0               0.00            29996.75        29996.75       
  21       0               0.00            29996.75        29996.75       
  22       0               0.00            29996.75        29996.75       
  23       0               0.00            29996.75        29996.75       
  32       0               0.00            29996.75        29996.75       
  37       0               0.00            29996.75        29996.75       
  44       0               0.00            29996.75        29996.75       

  机器利用率: 402.66% (忙碌时间: 239973.98 / 总时间: 59597.29)

打印机4:
工件号      工序号             开始时间            结束时间            加工时长           
--------------------------------------------------------------------------------
  3        0               0.00            17165.67        17165.67       
  6        0               0.00            17165.67        17165.67       
  7        0               0.00            17165.67        17165.67       
  25       0               0.00            17165.67        17165.67       
  29       0               0.00            17165.67        17165.67       
  30       0               0.00            17165.67        17165.67       
  39       0               0.00            17165.67        17165.67       
  45       0               0.00            17165.67        17165.67       
  47       0               0.00            17165.67        17165.67       
  10       0               17165.67        27860.75        10695.08       
  13       0               17165.67        27860.75        10695.08       
  35       0               17165.67        27860.75        10695.08       
  36       0               17165.67        27860.75        10695.08       
  48       0               17165.67        27860.75        10695.08       
  43       0               27860.75        34046.02        6185.27        

  机器利用率: 359.33% (忙碌时间: 214151.67 / 总时间: 59597.29)

批处理机1:
工件号      工序号             开始时间            结束时间            加工时长           
--------------------------------------------------------------------------------
  3        1               17165.67        18040.67        875.00         
  6        1               17165.67        18040.67        875.00         
  7        1               17165.67        18040.67        875.00         
  25       1               17165.67        18040.67        875.00         
  29       1               17165.67        18040.67        875.00         
  30       1               17165.67        18040.67        875.00         
  39       1               17165.67        18040.67        875.00         
  45       1               17165.67        18040.67        875.00         
  47       1               17165.67        18040.67        875.00         
  9        1               18590.86        19465.86        875.00         
  15       1               18590.86        19465.86        875.00         
  18       1               18590.86        19465.86        875.00         
  27       1               18590.86        19465.86        875.00         
  28       1               18590.86        19465.86        875.00         
  31       1               18590.86        19465.86        875.00         
  33       1               18590.86        19465.86        875.00         
  41       1               18590.86        19465.86        875.00         
  10       1               27860.75        28735.75        875.00         
  13       1               27860.75        28735.75        875.00         
  35       1               27860.75        28735.75        875.00         
  36       1               27860.75        28735.75        875.00         
  48       1               27860.75        28735.75        875.00         
  8        1               29996.75        30871.75        875.00         
  17       1               29996.75        30871.75        875.00         
  21       1               29996.75        30871.75        875.00         
  22       1               29996.75        30871.75        875.00         
  23       1               29996.75        30871.75        875.00         
  32       1               29996.75        30871.75        875.00         
  37       1               29996.75        30871.75        875.00         
  44       1               29996.75        30871.75        875.00         
  0        1               33290.29        34165.29        875.00         
  1        1               33290.29        34165.29        875.00         
  2        1               33290.29        34165.29        875.00         
  4        1               33290.29        34165.29        875.00         
  5        1               33290.29        34165.29        875.00         
  16       1               33290.29        34165.29        875.00         
  19       1               33290.29        34165.29        875.00         
  20       1               33290.29        34165.29        875.00         
  24       1               33290.29        34165.29        875.00         
  26       1               33290.29        34165.29        875.00         
  38       1               33290.29        34165.29        875.00         
  49       1               33290.29        34165.29        875.00         
  34       1               42698.97        43573.97        875.00         
  40       1               42698.97        43573.97        875.00         

  机器利用率: 64.60% (忙碌时间: 38500.00 / 总时间: 59597.29)

批处理机2:
工件号      工序号             开始时间            结束时间            加工时长           
--------------------------------------------------------------------------------
  43       1               34046.02        35109.02        1063.00        
  11       1               43266.29        44329.29        1063.00        
  12       1               43266.29        44329.29        1063.00        
  14       1               43266.29        44329.29        1063.00        
  42       1               43266.29        44329.29        1063.00        
  46       1               43266.29        44329.29        1063.00        

  机器利用率: 10.70% (忙碌时间: 6378.00 / 总时间: 59597.29)

离散机1:
工件号      工序号             开始时间            结束时间            加工时长           
--------------------------------------------------------------------------------
  33       2               19465.86        20554.86        1089.00        
  9        3               20631.67        22047.67        1416.00        
  47       3               22047.67        23438.67        1391.00        
  25       2               23438.67        24945.67        1507.00        
  47       5               27714.67        29432.67        1718.00        
  39       7               29432.67        30659.67        1227.00        
  8        2               30871.75        31961.75        1090.00        
  21       2               31961.75        33552.75        1591.00        
  21       3               33552.75        35122.75        1570.00        
  1        2               35122.75        36214.75        1092.00        
  38       2               36214.75        37374.75        1160.00        
  35       6               37374.75        38292.75        918.00         
  17       4               38292.75        39962.75        1670.00        
  33       6               39962.75        41077.75        1115.00        
  2        2               41077.75        42859.75        1782.00        
  47       7               42859.75        44466.75        1607.00        
  20       5               44466.75        45731.75        1265.00        
  48       4               45731.75        46906.75        1175.00        
  49       5               46906.75        48282.75        1376.00        
  14       5               48282.75        49633.75        1351.00        
  1        5               49633.75        50608.75        975.00         
  20       6               50608.75        51682.75        1074.00        
  23       5               51682.75        52923.75        1241.00        
  9        7               52923.75        54087.75        1164.00        
  16       6               54087.75        55436.75        1349.00        
  22       5               55436.75        56467.75        1031.00        
  19       9               56467.75        57674.75        1207.00        
  48       8               57674.75        58964.75        1290.00        

  机器利用率: 61.15% (忙碌时间: 36441.00 / 总时间: 59597.29)

离散机2:
工件号      工序号             开始时间            结束时间            加工时长           
--------------------------------------------------------------------------------
  33       3               20554.86        21457.86        903.00         
  31       4               23674.67        25404.67        1730.00        
  28       5               25827.86        26737.86        910.00         
  27       6               27887.67        28822.67        935.00         
  28       6               28822.67        29984.67        1162.00        
  35       3               30461.75        32211.75        1750.00        
  17       3               32584.75        33874.75        1290.00        
  19       2               34165.29        35117.29        952.00         
  5        2               35117.29        36387.29        1270.00        
  5        3               36387.29        38049.29        1662.00        
  20       3               38049.29        39120.29        1071.00        
  5        4               39120.29        40366.29        1246.00        
  22       2               40366.29        41597.29        1231.00        
  0        4               41597.29        42728.29        1131.00        
  49       3               42728.29        44147.29        1419.00        
  49       4               44147.29        45814.29        1667.00        
  1        4               45814.29        46874.29        1060.00        
  21       4               46874.29        48622.29        1748.00        
  12       3               48622.29        50077.29        1455.00        
  33       7               50077.29        51483.29        1406.00        
  0        6               51483.29        52538.29        1055.00        
  48       6               52538.29        53534.29        996.00         
  10       3               53534.29        54729.29        1195.00        
  35       9               54729.29        55820.29        1091.00        
  32       3               55820.29        57502.29        1682.00        
  22       6               57502.29        58506.29        1004.00        
  1        6               58506.29        59596.29        1090.00        

  机器利用率: 57.24% (忙碌时间: 34111.00 / 总时间: 59597.29)

离散机3:
工件号      工序号             开始时间            结束时间            加工时长           
--------------------------------------------------------------------------------
  29       3               20855.67        21910.67        1055.00        
  39       4               22071.86        23152.86        1081.00        
  25       3               24945.67        25871.67        926.00         
  3        3               26401.86        27438.86        1037.00        
  6        5               27438.86        28889.86        1451.00        
  19       3               35117.29        36706.29        1589.00        
  0        2               36706.29        37816.29        1110.00        
  49       2               37816.29        39055.29        1239.00        
  20       4               39120.29        40792.29        1672.00        
  26       4               40792.29        42589.29        1797.00        
  43       2               42589.29        43703.29        1114.00        
  11       3               48025.29        48938.29        913.00         
  11       4               48938.29        50582.29        1644.00        
  42       4               50582.29        51775.29        1193.00        
  49       6               51775.29        52861.29        1086.00        
  49       7               52861.29        53784.29        923.00         
  29       8               53784.29        54871.29        1087.00        
  24       5               54871.29        56285.29        1414.00        
  21       6               56285.29        57468.29        1183.00        
  5        7               57468.29        58656.29        1188.00        

  机器利用率: 41.45% (忙碌时间: 24702.00 / 总时间: 59597.29)

离散机4:
工件号      工序号             开始时间            结束时间            加工时长           
--------------------------------------------------------------------------------
  31       2               19465.86        20699.86        1234.00        
  39       3               20699.86        22071.86        1372.00        
  27       3               22071.86        23266.86        1195.00        
  28       3               23266.86        24799.86        1533.00        
  3        2               24799.86        26401.86        1602.00        
  15       3               26401.86        27361.86        960.00         
  39       6               27361.86        28812.86        1451.00        
  3        4               28812.86        29836.86        1024.00        
  27       7               29836.86        30739.86        903.00         
  23       2               30871.75        32051.75        1180.00        
  48       3               32051.75        33753.75        1702.00        
  26       2               34165.29        35805.29        1640.00        
  4        3               35864.29        36964.29        1100.00        
  4        4               36964.29        38426.29        1462.00        
  16       2               38426.29        39369.29        943.00         
  26       3               39369.29        40378.29        1009.00        
  24       2               40378.29        41575.29        1197.00        
  4        5               41575.29        43244.29        1669.00        
  26       5               43244.29        44568.29        1324.00        
  19       5               44568.29        46220.29        1652.00        
  46       3               46220.29        47626.29        1406.00        
  17       7               47626.29        48633.29        1007.00        
  40       3               48633.29        50338.29        1705.00        
  22       4               50338.29        51425.29        1087.00        
  47       8               51425.29        52744.29        1319.00        
  4        8               52744.29        53658.29        914.00         
  46       4               53658.29        55183.29        1525.00        
  0        7               55183.29        56556.29        1373.00        
  44       4               56556.29        57538.29        982.00         
  3        5               57538.29        58611.29        1073.00        
  6        7               58611.29        59597.29        986.00         

  机器利用率: 66.33% (忙碌时间: 39529.00 / 总时间: 59597.29)

离散机5:
工件号      工序号             开始时间            结束时间            加工时长           
--------------------------------------------------------------------------------
  30       2               18040.67        19713.67        1673.00        
  9        2               19713.67        20631.67        918.00         
  6        2               20631.67        21989.67        1358.00        
  30       5               22530.67        24094.67        1564.00        
  28       4               24799.86        25827.86        1028.00        
  9        5               25827.86        27423.86        1596.00        
  30       6               27423.86        28892.86        1469.00        
  47       6               29432.67        30463.67        1031.00        
  13       3               31155.75        32150.75        995.00         
  35       4               32211.75        33345.75        1134.00        
  4        2               34165.29        35864.29        1699.00        
  20       2               35864.29        37362.29        1498.00        
  0        3               37816.29        39290.29        1474.00        
  38       3               39290.29        41045.29        1755.00        
  1        3               41045.29        42391.29        1346.00        
  44       2               42391.29        43772.29        1381.00        
  7        4               43772.29        45158.29        1386.00        
  14       3               45308.29        46720.29        1412.00        
  11       2               46720.29        48025.29        1305.00        
  19       6               48025.29        48957.29        932.00         
  29       7               48957.29        50616.29        1659.00        
  24       3               50616.29        51680.29        1064.00        
  11       5               51680.29        53069.29        1389.00        
  38       6               53069.29        54776.29        1707.00        
  4        9               54776.29        56524.29        1748.00        
  49       8               56524.29        57767.29        1243.00        
  13       4               57767.29        58939.29        1172.00        

  机器利用率: 61.98% (忙碌时间: 36936.00 / 总时间: 59597.29)

离散机6:
工件号      工序号             开始时间            结束时间            加工时长           
--------------------------------------------------------------------------------
  47       2               18040.67        19507.67        1467.00        
  30       3               19713.67        21241.67        1528.00        
  28       2               21241.67        22620.67        1379.00        
  31       3               22620.67        23674.67        1054.00        
  29       4               23674.67        24982.67        1308.00        
  29       5               24982.67        26466.67        1484.00        
  47       4               26466.67        27714.67        1248.00        
  48       2               28735.75        30187.75        1452.00        
  13       2               30187.75        31155.75        968.00         
  7        3               31155.75        32334.75        1179.00        
  33       4               32334.75        33688.75        1354.00        
  23       4               33688.75        34632.75        944.00         
  29       6               34632.75        36313.75        1681.00        
  9        6               36313.75        37453.75        1140.00        
  39       8               37453.75        39143.75        1690.00        
  35       8               39885.75        41513.75        1628.00        
  22       3               41597.29        42606.29        1009.00        
  2        3               42859.75        44195.75        1336.00        
  42       2               44329.29        45931.29        1602.00        
  40       2               45931.29        47444.29        1513.00        
  42       3               47444.29        49058.29        1614.00        
  4        6               49058.29        50581.29        1523.00        
  4        7               50581.29        51540.29        959.00         
  19       8               51540.29        53025.29        1485.00        
  33       8               53025.29        54640.29        1615.00        
  47       9               54640.29        55803.29        1163.00        
  10       4               55803.29        57437.29        1634.00        
  6        6               57437.29        58555.29        1118.00        

  机器利用率: 63.89% (忙碌时间: 38075.00 / 总时间: 59597.29)

离散机7:
工件号      工序号             开始时间            结束时间            加工时长           
--------------------------------------------------------------------------------
  39       2               18040.67        19074.67        1034.00        
  27       2               19465.86        20704.86        1239.00        
  15       2               20704.86        21824.86        1120.00        
  9        4               22047.67        23362.67        1315.00        
  27       4               23362.67        24484.67        1122.00        
  39       5               24484.67        25838.67        1354.00        
  6        4               25838.67        26763.67        925.00         
  27       5               26763.67        27887.67        1124.00        
  30       7               28892.86        29830.86        938.00         
  8        3               31961.75        33318.75        1357.00        
  35       5               33345.75        34749.75        1404.00        
  33       5               34749.75        36073.75        1324.00        
  19       4               36706.29        38314.29        1608.00        
  16       3               39369.29        40787.29        1418.00        
  17       5               40787.29        42475.29        1688.00        
  16       4               42475.29        44103.29        1628.00        
  46       2               44329.29        45805.29        1476.00        
  12       2               45805.29        47240.29        1435.00        
  5        5               47240.29        48588.29        1348.00        
  21       5               48622.29        50318.29        1696.00        
  17       8               50318.29        51771.29        1453.00        
  24       4               51771.29        53082.29        1311.00        
  17       9               53082.29        54717.29        1635.00        
  5        6               54717.29        56314.29        1597.00        
  16       7               56314.29        57449.29        1135.00        

  机器利用率: 56.52% (忙碌时间: 33684.00 / 总时间: 59597.29)

离散机8:
工件号      工序号             开始时间            结束时间            加工时长           
--------------------------------------------------------------------------------
  7        2               18040.67        19833.67        1793.00        
  29       2               19833.67        20855.67        1022.00        
  30       4               21241.67        22530.67        1289.00        
  6        3               22530.67        24135.67        1605.00        
  35       2               28735.75        30461.75        1726.00        
  17       2               30871.75        32584.75        1713.00        
  23       3               32584.75        33554.75        970.00         
  10       2               33554.75        34460.75        906.00         
  32       2               34460.75        35362.75        902.00         
  35       7               38292.75        39885.75        1593.00        
  39       9               39885.75        41024.75        1139.00        
  38       4               41045.29        42112.29        1067.00        
  17       6               42475.29        44264.29        1789.00        
  14       2               44329.29        45308.29        979.00         
  0        5               45308.29        46521.29        1213.00        
  14       4               46720.29        47667.29        947.00         
  44       3               47667.29        49445.29        1778.00        
  19       7               49445.29        50546.29        1101.00        
  48       5               50546.29        51686.29        1140.00        
  38       5               51686.29        52751.29        1065.00        
  16       5               52751.29        54006.29        1255.00        
  48       7               54006.29        55363.29        1357.00        
  33       9               55363.29        56686.29        1323.00        
  46       5               56686.29        57879.29        1193.00        

  机器利用率: 51.79% (忙碌时间: 30865.00 / 总时间: 59597.29)

【打印批次详细信息】
----------------------------------------------------------------------------------------------------

打印机 1 (尺寸: 1036.0 x 572.0 x 693.0):
--------------------------------------------------------------------------------
  批次 1: 零件数=12, 占用率=87.89%
    - 19: 尺寸 127.0 x 169.0 x 192.0
    - 5: 尺寸 122.0 x 107.0 x 86.0
    - 49: 尺寸 716.0 x 244.0 x 95.0
    - 26: 尺寸 69.0 x 172.0 x 170.0
    - 0: 尺寸 120.0 x 105.0 x 57.0
    - 24: 尺寸 106.0 x 280.0 x 89.0
    - 2: 尺寸 191.0 x 165.0 x 40.0
    - 4: 尺寸 466.0 x 191.0 x 35.0
    - 20: 尺寸 261.0 x 276.0 x 192.0
    - 38: 尺寸 198.0 x 151.0 x 55.0
    - 16: 尺寸 150.0 x 106.0 x 169.0
    - 1: 尺寸 189.0 x 101.0 x 88.0
  批次 2: 零件数=5, 占用率=67.17%
    - 46: 尺寸 438.0 x 233.0 x 56.0
    - 11: 尺寸 353.0 x 250.0 x 26.0
    - 14: 尺寸 244.0 x 401.0 x 33.0
    - 12: 尺寸 250.0 x 284.0 x 43.0
    - 42: 尺寸 374.0 x 104.0 x 45.0

打印机 2 (尺寸: 1105.0 x 427.0 x 530.0):
--------------------------------------------------------------------------------
  批次 1: 零件数=8, 占用率=61.36%
    - 28: 尺寸 182.0 x 125.0 x 15.0
    - 31: 尺寸 155.0 x 63.0 x 53.0
    - 9: 尺寸 175.0 x 131.0 x 37.0
    - 15: 尺寸 134.0 x 96.0 x 19.0
    - 27: 尺寸 426.0 x 351.0 x 52.0
    - 18: 尺寸 184.0 x 146.0 x 14.0
    - 33: 尺寸 97.0 x 92.0 x 31.0
    - 41: 尺寸 149.0 x 241.0 x 28.0
  批次 2: 零件数=2, 占用率=37.77%
    - 34: 尺寸 345.0 x 250.0 x 69.0
    - 40: 尺寸 407.0 x 226.0 x 66.0

打印机 3 (尺寸: 910.0 x 565.0 x 578.0):
--------------------------------------------------------------------------------
  批次 1: 零件数=8, 占用率=67.87%
    - 22: 尺寸 351.0 x 195.0 x 49.0
    - 23: 尺寸 200.0 x 248.0 x 148.0
    - 8: 尺寸 81.0 x 61.0 x 46.0
    - 17: 尺寸 199.0 x 228.0 x 153.0
    - 21: 尺寸 150.0 x 124.0 x 154.0
    - 32: 尺寸 136.0 x 211.0 x 100.0
    - 44: 尺寸 415.0 x 192.0 x 36.0
    - 37: 尺寸 419.0 x 128.0 x 58.0

打印机 4 (尺寸: 966.0 x 498.0 x 666.0):
--------------------------------------------------------------------------------
  批次 1: 零件数=9, 占用率=86.29%
    - 3: 尺寸 246.0 x 130.0 x 62.0
    - 45: 尺寸 535.0 x 250.0 x 65.0
    - 47: 尺寸 174.0 x 469.0 x 85.0
    - 25: 尺寸 234.0 x 353.0 x 80.0
    - 30: 尺寸 160.0 x 108.0 x 85.0
    - 29: 尺寸 354.0 x 131.0 x 34.0
    - 6: 尺寸 119.0 x 52.0 x 71.0
    - 7: 尺寸 63.0 x 87.0 x 17.0
    - 39: 尺寸 133.0 x 74.0 x 67.0
  批次 2: 零件数=5, 占用率=82.49%
    - 13: 尺寸 540.0 x 352.0 x 52.0
    - 10: 尺寸 396.0 x 110.0 x 31.0
    - 36: 尺寸 330.0 x 241.0 x 21.0
    - 35: 尺寸 237.0 x 135.0 x 18.0
    - 48: 尺寸 427.0 x 121.0 x 12.0
  批次 3: 零件数=1, 占用率=28.77%
    - 43: 尺寸 565.0 x 245.0 x 29.0

════════════════════════════════════════════════════════════════
