════════════════════════════════════════════════════════════════
              最优Cmax解的详细调度记录
════════════════════════════════════════════════════════════════

【基本信息】
----------------------------------------------------------------------------------------------------
Cmax (最大完工时间): 75559.00
能耗: 236.55 kWh
装箱质量: 0.2497
批次总数: 2
工件数量: 10
机器数量: 5 (打印机:2, 批处理机:1, 离散机:2)

【染色体编码】
----------------------------------------------------------------------------------------------------
工序序列 (OS): [7, 1, 3, 4, 5, 6, 9, 0, 8, 2, 8, 5, 9, 9, 8, 1, 7, 1, 9, 2, 5, 2, 0, 0, 6, 5, 9, 7, 2, 7, 3, 1, 6, 8, 8, 1, 8, 5, 3, 2, 1, 0, 9, 1, 0, 7, 1, 2, 9, 0, 6, 7, 7, 1, 7, 9, 0]
机器选择 (MS): [1, 2, 2, 2, 2, 2, 2, 1, 2, 1, 1, 1, 1, 2, 1, 1, 1, 1, 2, 1, 2, 1, 2, 1, 1, 1, 1, 1, 1, 1, 1, 2, 1, 1, 2, 1, 1, 1, 1, 2, 1, 1, 2, 2, 1, 1, 2, 1, 1, 1, 1, 2, 1, 1, 1, 1, 1]

【零件加工顺序记录】
----------------------------------------------------------------------------------------------------
工件号      工序号             机器号             开始时间            结束时间            加工时长           
----------------------------------------------------------------------------------------------------

工件 0:
  0        0               打印机1            0.00            60116.00        60116.00       
  0        1               批处理机1           60116.00        61040.00        924.00         
  0        2               离散机2            61040.00        62520.00        1480.00        
  0        3               离散机1            64104.00        65358.00        1254.00        
  0        4               离散机2            66374.00        67511.00        1137.00        
  0        5               离散机2            68672.00        70226.00        1554.00        
  0        6               离散机1            71537.00        72856.00        1319.00        
  0        7               离散机2            74553.00        75559.00        1006.00        

工件 1:
  1        0               打印机2            0.00            44131.56        44131.56       
  1        1               批处理机1           44131.56        45055.56        924.00         
  1        2               离散机1            46375.56        47640.56        1265.00        
  1        3               离散机1            47640.56        49291.56        1651.00        
  1        4               离散机2            54196.56        55370.56        1174.00        
  1        5               离散机2            56830.56        58478.56        1648.00        
  1        6               离散机2            65226.00        66374.00        1148.00        
  1        7               离散机2            67511.00        68672.00        1161.00        
  1        8               离散机2            70226.00        71263.00        1037.00        
  1        9               离散机1            72856.00        74357.00        1501.00        

工件 2:
  2        0               打印机1            0.00            60116.00        60116.00       
  2        1               批处理机1           60116.00        61040.00        924.00         
  2        2               离散机1            62083.00        63094.00        1011.00        
  2        3               离散机1            63094.00        64104.00        1010.00        
  2        4               离散机1            65358.00        66525.00        1167.00        
  2        5               离散机1            68007.00        69110.00        1103.00        
  2        6               离散机1            70287.00        71537.00        1250.00        

工件 3:
  3        0               打印机2            0.00            44131.56        44131.56       
  3        1               批处理机1           44131.56        45055.56        924.00         
  3        2               离散机2            52580.56        54196.56        1616.00        
  3        3               离散机1            55544.56        57066.56        1522.00        

工件 4:
  4        0               打印机2            0.00            44131.56        44131.56       
  4        1               批处理机1           44131.56        45055.56        924.00         

工件 5:
  5        0               打印机2            0.00            44131.56        44131.56       
  5        1               批处理机1           44131.56        45055.56        924.00         
  5        2               离散机2            45055.56        46152.56        1097.00        
  5        3               离散机1            49291.56        50196.56        905.00         
  5        4               离散机1            51198.56        52704.56        1506.00        
  5        5               离散机2            63928.00        65226.00        1298.00        

工件 6:
  6        0               打印机2            0.00            44131.56        44131.56       
  6        1               批处理机1           44131.56        45055.56        924.00         
  6        2               离散机1            50196.56        51198.56        1002.00        
  6        3               离散机2            55370.56        56830.56        1460.00        
  6        4               离散机1            58691.56        60364.56        1673.00        

工件 7:
  7        0               打印机1            0.00            60116.00        60116.00       
  7        1               批处理机1           60116.00        61040.00        924.00         
  7        2               离散机1            61040.00        62083.00        1043.00        
  7        3               离散机2            62520.00        63928.00        1408.00        
  7        4               离散机1            66525.00        68007.00        1482.00        
  7        5               离散机1            69110.00        70287.00        1177.00        
  7        6               离散机2            71263.00        72335.00        1072.00        
  7        7               离散机2            72335.00        73299.00        964.00         
  7        8               离散机1            74357.00        75522.00        1165.00        

工件 8:
  8        0               打印机2            0.00            44131.56        44131.56       
  8        1               批处理机1           44131.56        45055.56        924.00         
  8        2               离散机1            45055.56        46375.56        1320.00        
  8        3               离散机2            48319.56        49717.56        1398.00        
  8        4               离散机1            52704.56        53794.56        1090.00        
  8        5               离散机1            53794.56        55544.56        1750.00        
  8        6               离散机2            58478.56        59915.56        1437.00        

工件 9:
  9        0               打印机2            0.00            44131.56        44131.56       
  9        1               批处理机1           44131.56        45055.56        924.00         
  9        2               离散机2            46152.56        47225.56        1073.00        
  9        3               离散机2            47225.56        48319.56        1094.00        
  9        4               离散机2            49717.56        51373.56        1656.00        
  9        5               离散机2            51373.56        52580.56        1207.00        
  9        6               离散机1            57066.56        58691.56        1625.00        
  9        7               离散机2            59915.56        61020.56        1105.00        
  9        8               离散机2            73299.00        74553.00        1254.00        

【机器加工顺序记录】
----------------------------------------------------------------------------------------------------

打印机1:
工件号      工序号             开始时间            结束时间            加工时长           
--------------------------------------------------------------------------------
  0        0               0.00            60116.00        60116.00       
  2        0               0.00            60116.00        60116.00       
  7        0               0.00            60116.00        60116.00       

  机器利用率: 238.69% (忙碌时间: 180348.00 / 总时间: 75559.00)

打印机2:
工件号      工序号             开始时间            结束时间            加工时长           
--------------------------------------------------------------------------------
  1        0               0.00            44131.56        44131.56       
  3        0               0.00            44131.56        44131.56       
  4        0               0.00            44131.56        44131.56       
  5        0               0.00            44131.56        44131.56       
  6        0               0.00            44131.56        44131.56       
  8        0               0.00            44131.56        44131.56       
  9        0               0.00            44131.56        44131.56       

  机器利用率: 408.85% (忙碌时间: 308920.89 / 总时间: 75559.00)

批处理机1:
工件号      工序号             开始时间            结束时间            加工时长           
--------------------------------------------------------------------------------
  1        1               44131.56        45055.56        924.00         
  3        1               44131.56        45055.56        924.00         
  4        1               44131.56        45055.56        924.00         
  5        1               44131.56        45055.56        924.00         
  6        1               44131.56        45055.56        924.00         
  8        1               44131.56        45055.56        924.00         
  9        1               44131.56        45055.56        924.00         
  0        1               60116.00        61040.00        924.00         
  2        1               60116.00        61040.00        924.00         
  7        1               60116.00        61040.00        924.00         

  机器利用率: 12.23% (忙碌时间: 9240.00 / 总时间: 75559.00)

离散机1:
工件号      工序号             开始时间            结束时间            加工时长           
--------------------------------------------------------------------------------
  8        2               45055.56        46375.56        1320.00        
  1        2               46375.56        47640.56        1265.00        
  1        3               47640.56        49291.56        1651.00        
  5        3               49291.56        50196.56        905.00         
  6        2               50196.56        51198.56        1002.00        
  5        4               51198.56        52704.56        1506.00        
  8        4               52704.56        53794.56        1090.00        
  8        5               53794.56        55544.56        1750.00        
  3        3               55544.56        57066.56        1522.00        
  9        6               57066.56        58691.56        1625.00        
  6        4               58691.56        60364.56        1673.00        
  7        2               61040.00        62083.00        1043.00        
  2        2               62083.00        63094.00        1011.00        
  2        3               63094.00        64104.00        1010.00        
  0        3               64104.00        65358.00        1254.00        
  2        4               65358.00        66525.00        1167.00        
  7        4               66525.00        68007.00        1482.00        
  2        5               68007.00        69110.00        1103.00        
  7        5               69110.00        70287.00        1177.00        
  2        6               70287.00        71537.00        1250.00        
  0        6               71537.00        72856.00        1319.00        
  1        9               72856.00        74357.00        1501.00        
  7        8               74357.00        75522.00        1165.00        

  机器利用率: 39.43% (忙碌时间: 29791.00 / 总时间: 75559.00)

离散机2:
工件号      工序号             开始时间            结束时间            加工时长           
--------------------------------------------------------------------------------
  5        2               45055.56        46152.56        1097.00        
  9        2               46152.56        47225.56        1073.00        
  9        3               47225.56        48319.56        1094.00        
  8        3               48319.56        49717.56        1398.00        
  9        4               49717.56        51373.56        1656.00        
  9        5               51373.56        52580.56        1207.00        
  3        2               52580.56        54196.56        1616.00        
  1        4               54196.56        55370.56        1174.00        
  6        3               55370.56        56830.56        1460.00        
  1        5               56830.56        58478.56        1648.00        
  8        6               58478.56        59915.56        1437.00        
  9        7               59915.56        61020.56        1105.00        
  0        2               61040.00        62520.00        1480.00        
  7        3               62520.00        63928.00        1408.00        
  5        5               63928.00        65226.00        1298.00        
  1        6               65226.00        66374.00        1148.00        
  0        4               66374.00        67511.00        1137.00        
  1        7               67511.00        68672.00        1161.00        
  0        5               68672.00        70226.00        1554.00        
  1        8               70226.00        71263.00        1037.00        
  7        6               71263.00        72335.00        1072.00        
  7        7               72335.00        73299.00        964.00         
  9        8               73299.00        74553.00        1254.00        
  0        7               74553.00        75559.00        1006.00        

  机器利用率: 40.34% (忙碌时间: 30484.00 / 总时间: 75559.00)

【打印批次详细信息】
----------------------------------------------------------------------------------------------------

打印机 1 (尺寸: 913.0 x 423.0 x 594.0):
--------------------------------------------------------------------------------
  批次 1: 零件数=3, 占用率=34.40%
    - 7: 尺寸 433.0 x 196.0 x 199.0
    - 0: 尺寸 399.0 x 83.0 x 172.0
    - 2: 尺寸 135.0 x 110.0 x 98.0

打印机 2 (尺寸: 1042.0 x 524.0 x 643.0):
--------------------------------------------------------------------------------
  批次 1: 零件数=7, 占用率=24.97%
    - 1: 尺寸 89.0 x 160.0 x 74.0
    - 3: 尺寸 180.0 x 64.0 x 65.0
    - 4: 尺寸 285.0 x 113.0 x 66.0
    - 5: 尺寸 117.0 x 149.0 x 80.0
    - 6: 尺寸 153.0 x 131.0 x 15.0
    - 9: 尺寸 83.0 x 134.0 x 83.0
    - 8: 尺寸 121.0 x 246.0 x 35.0

════════════════════════════════════════════════════════════════
