════════════════════════════════════════════════════════════════
              最优Cmax解的详细调度记录
════════════════════════════════════════════════════════════════

【基本信息】
----------------------------------------------------------------------------------------------------
Cmax (最大完工时间): 36814.45
能耗: 140.27 kWh
装箱质量: 0.2577
批次总数: 4
工件数量: 10
机器数量: 5 (打印机:2, 批处理机:1, 离散机:2)

【染色体编码】
----------------------------------------------------------------------------------------------------
工序序列 (OS): [0, 3, 4, 5, 6, 7, 2, 8, 1, 9, 3, 8, 9, 0, 8, 0, 4, 5, 9, 2, 8, 8, 4, 1, 0, 2, 7, 4, 2, 5, 9, 9, 4, 8, 0, 2, 7, 0, 9, 1, 0, 1, 2, 4, 7, 8, 7, 2, 9, 9]
机器选择 (MS): [1, 2, 2, 1, 2, 1, 2, 2, 2, 1, 1, 2, 1, 2, 1, 2, 1, 1, 1, 1, 2, 1, 1, 1, 1, 1, 1, 1, 1, 1, 2, 1, 1, 2, 1, 2, 1, 1, 1, 1, 1, 1, 1, 1, 2, 2, 2, 2, 2, 1]

【零件加工顺序记录】
----------------------------------------------------------------------------------------------------
工件号      工序号             机器号             开始时间            结束时间            加工时长           
----------------------------------------------------------------------------------------------------

工件 0:
  0        0               打印机1            0.00            4716.41         4716.41        
  0        1               批处理机1           4716.41         5754.41         1038.00        
  0        2               离散机1            5754.41         6699.41         945.00         
  0        3               离散机2            6699.41         8150.41         1451.00        
  0        4               离散机2            9535.41         10742.41        1207.00        
  0        5               离散机2            13968.41        14977.41        1009.00        
  0        6               离散机1            14977.41        16315.41        1338.00        
  0        7               离散机2            16315.41        17342.41        1027.00        

工件 1:
  1        0               打印机2            0.00            18097.06        18097.06       
  1        1               批处理机1           18097.06        19135.06        1038.00        
  1        2               离散机1            26488.06        27396.06        908.00         
  1        3               离散机1            28605.06        29970.06        1365.00        
  1        4               离散机1            31810.45        33193.45        1383.00        

工件 2:
  2        0               打印机2            0.00            18097.06        18097.06       
  2        1               批处理机1           18097.06        19135.06        1038.00        
  2        2               离散机1            22220.06        23845.06        1625.00        
  2        3               离散机2            23845.06        24967.06        1122.00        
  2        4               离散机2            24967.06        26398.06        1431.00        
  2        5               离散机1            27396.06        28605.06        1209.00        
  2        6               离散机2            28655.06        30301.06        1646.00        
  2        7               离散机1            35706.45        36814.45        1108.00        

工件 3:
  3        0               打印机2            0.00            18097.06        18097.06       
  3        1               批处理机1           18097.06        19135.06        1038.00        
  3        2               离散机2            19135.06        20173.06        1038.00        

工件 4:
  4        0               打印机2            18097.06        29527.45        11430.39       
  4        1               批处理机1           29527.45        30565.45        1038.00        
  4        2               离散机1            30565.45        31810.45        1245.00        
  4        3               离散机2            31810.45        33228.45        1418.00        
  4        4               离散机1            33228.45        34219.45        991.00         
  4        5               离散机1            34219.45        35706.45        1487.00        
  4        6               离散机2            35706.45        36783.45        1077.00        

工件 5:
  5        0               打印机1            0.00            4716.41         4716.41        
  5        1               批处理机1           4716.41         5754.41         1038.00        
  5        2               离散机2            8150.41         9535.41         1385.00        
  5        3               离散机2            12282.41        13968.41        1686.00        

工件 6:
  6        0               打印机2            0.00            18097.06        18097.06       
  6        1               批处理机1           18097.06        19135.06        1038.00        

工件 7:
  7        0               打印机1            0.00            4716.41         4716.41        
  7        1               批处理机1           4716.41         5754.41         1038.00        
  7        2               离散机2            10742.41        12282.41        1540.00        
  7        3               离散机1            12282.41        13394.41        1112.00        
  7        4               离散机2            14977.41        16127.41        1150.00        
  7        5               离散机1            16315.41        17510.41        1195.00        

工件 8:
  8        0               打印机2            0.00            18097.06        18097.06       
  8        1               批处理机1           18097.06        19135.06        1038.00        
  8        2               离散机1            19135.06        20492.06        1357.00        
  8        3               离散机1            20492.06        22220.06        1728.00        
  8        4               离散机1            23845.06        25493.06        1648.00        
  8        5               离散机1            25493.06        26488.06        995.00         
  8        6               离散机2            26488.06        27586.06        1098.00        
  8        7               离散机2            30301.06        31412.06        1111.00        

工件 9:
  9        0               打印机1            4716.41         16824.12        12107.71       
  9        1               批处理机1           16824.12        17862.12        1038.00        
  9        2               离散机2            17862.12        19122.12        1260.00        
  9        3               离散机2            20173.06        21740.06        1567.00        
  9        4               离散机2            21740.06        22801.06        1061.00        
  9        5               离散机2            22801.06        23757.06        956.00         
  9        6               离散机2            27586.06        28655.06        1069.00        
  9        7               离散机2            33228.45        34141.45        913.00         
  9        8               离散机2            34141.45        35576.45        1435.00        

【机器加工顺序记录】
----------------------------------------------------------------------------------------------------

打印机1:
工件号      工序号             开始时间            结束时间            加工时长           
--------------------------------------------------------------------------------
  0        0               0.00            4716.41         4716.41        
  5        0               0.00            4716.41         4716.41        
  7        0               0.00            4716.41         4716.41        
  9        0               4716.41         16824.12        12107.71       

  机器利用率: 71.32% (忙碌时间: 26256.93 / 总时间: 36814.45)

打印机2:
工件号      工序号             开始时间            结束时间            加工时长           
--------------------------------------------------------------------------------
  1        0               0.00            18097.06        18097.06       
  2        0               0.00            18097.06        18097.06       
  3        0               0.00            18097.06        18097.06       
  6        0               0.00            18097.06        18097.06       
  8        0               0.00            18097.06        18097.06       
  4        0               18097.06        29527.45        11430.39       

  机器利用率: 276.84% (忙碌时间: 101915.69 / 总时间: 36814.45)

批处理机1:
工件号      工序号             开始时间            结束时间            加工时长           
--------------------------------------------------------------------------------
  0        1               4716.41         5754.41         1038.00        
  5        1               4716.41         5754.41         1038.00        
  7        1               4716.41         5754.41         1038.00        
  9        1               16824.12        17862.12        1038.00        
  1        1               18097.06        19135.06        1038.00        
  2        1               18097.06        19135.06        1038.00        
  3        1               18097.06        19135.06        1038.00        
  6        1               18097.06        19135.06        1038.00        
  8        1               18097.06        19135.06        1038.00        
  4        1               29527.45        30565.45        1038.00        

  机器利用率: 28.20% (忙碌时间: 10380.00 / 总时间: 36814.45)

离散机1:
工件号      工序号             开始时间            结束时间            加工时长           
--------------------------------------------------------------------------------
  0        2               5754.41         6699.41         945.00         
  7        3               12282.41        13394.41        1112.00        
  0        6               14977.41        16315.41        1338.00        
  7        5               16315.41        17510.41        1195.00        
  8        2               19135.06        20492.06        1357.00        
  8        3               20492.06        22220.06        1728.00        
  2        2               22220.06        23845.06        1625.00        
  8        4               23845.06        25493.06        1648.00        
  8        5               25493.06        26488.06        995.00         
  1        2               26488.06        27396.06        908.00         
  2        5               27396.06        28605.06        1209.00        
  1        3               28605.06        29970.06        1365.00        
  4        2               30565.45        31810.45        1245.00        
  1        4               31810.45        33193.45        1383.00        
  4        4               33228.45        34219.45        991.00         
  4        5               34219.45        35706.45        1487.00        
  2        7               35706.45        36814.45        1108.00        

  机器利用率: 58.78% (忙碌时间: 21639.00 / 总时间: 36814.45)

离散机2:
工件号      工序号             开始时间            结束时间            加工时长           
--------------------------------------------------------------------------------
  0        3               6699.41         8150.41         1451.00        
  5        2               8150.41         9535.41         1385.00        
  0        4               9535.41         10742.41        1207.00        
  7        2               10742.41        12282.41        1540.00        
  5        3               12282.41        13968.41        1686.00        
  0        5               13968.41        14977.41        1009.00        
  7        4               14977.41        16127.41        1150.00        
  0        7               16315.41        17342.41        1027.00        
  9        2               17862.12        19122.12        1260.00        
  3        2               19135.06        20173.06        1038.00        
  9        3               20173.06        21740.06        1567.00        
  9        4               21740.06        22801.06        1061.00        
  9        5               22801.06        23757.06        956.00         
  2        3               23845.06        24967.06        1122.00        
  2        4               24967.06        26398.06        1431.00        
  8        6               26488.06        27586.06        1098.00        
  9        6               27586.06        28655.06        1069.00        
  2        6               28655.06        30301.06        1646.00        
  8        7               30301.06        31412.06        1111.00        
  4        3               31810.45        33228.45        1418.00        
  9        7               33228.45        34141.45        913.00         
  9        8               34141.45        35576.45        1435.00        
  4        6               35706.45        36783.45        1077.00        

  机器利用率: 77.84% (忙碌时间: 28657.00 / 总时间: 36814.45)

【打印批次详细信息】
----------------------------------------------------------------------------------------------------

打印机 1 (尺寸: 1015.0 x 527.0 x 621.0):
--------------------------------------------------------------------------------
  批次 1: 零件数=3, 占用率=45.43%
    - 0: 尺寸 436.0 x 338.0 x 13.0
    - 5: 尺寸 391.0 x 186.0 x 17.0
    - 7: 尺寸 147.0 x 156.0 x 14.0
  批次 2: 零件数=1, 占用率=36.49%
    - 9: 尺寸 673.0 x 290.0 x 47.0

打印机 2 (尺寸: 1127.0 x 467.0 x 616.0):
--------------------------------------------------------------------------------
  批次 1: 零件数=5, 占用率=67.92%
    - 3: 尺寸 444.0 x 227.0 x 68.0
    - 2: 尺寸 638.0 x 269.0 x 56.0
    - 6: 尺寸 329.0 x 123.0 x 60.0
    - 1: 尺寸 98.0 x 158.0 x 90.0
    - 8: 尺寸 303.0 x 96.0 x 59.0
  批次 2: 零件数=1, 占用率=25.77%
    - 4: 尺寸 611.0 x 222.0 x 56.0

════════════════════════════════════════════════════════════════
