================================================================================
                          实验结果报告
================================================================================
实验配置: GA-TS - 外层GA+内层禁忌搜索
算例名称: 2M20J-01
实验次数: 第 7 次
实验时间: 2026-02-06 11:48:36

【算法参数】
  最大迭代次数: 10000
  种群规模: 100
  变异率: 0.2
  交叉率: 0.8


================================================================================
                          最终实验结果
================================================================================
最优Cmax: 158481.75
运行时间: 300013 ms (300.01 秒)
终止代数: 36555

【收敛曲线数据】
代数	Cmax
1	190257.00
51	168130.50
101	164395.50
151	163150.50
201	163150.50
251	163150.50
301	163150.50
351	163150.50
401	163150.50
451	163150.50
501	163150.50
551	163150.50
601	163150.50
651	163150.50
701	163150.50
751	163150.50
801	163150.50
851	163150.50
901	163150.50
951	163150.50
1001	163150.50
1051	163150.50
1101	163150.50
1151	163150.50
1201	163150.50
1251	163150.50
1301	163150.50
1351	163150.50
1401	163150.50
1451	158967.00
1501	158967.00
1551	158967.00
1601	158967.00
1651	158967.00
1701	158481.75
1751	158481.75
1801	158481.75
1851	158481.75
1901	158481.75
1951	158481.75
2001	158481.75
2051	158481.75
2101	158481.75
2151	158481.75
2201	158481.75
2251	158481.75
2301	158481.75
2351	158481.75
2401	158481.75
2451	158481.75
2501	158481.75
2551	158481.75
2601	158481.75
2651	158481.75
2701	158481.75
2751	158481.75
2801	158481.75
2851	158481.75
2901	158481.75
2951	158481.75
3001	158481.75
3051	158481.75
3101	158481.75
3151	158481.75
3201	158481.75
3251	158481.75
3301	158481.75
3351	158481.75
3401	158481.75
3451	158481.75
3501	158481.75
3551	158481.75
3601	158481.75
3651	158481.75
3701	158481.75
3751	158481.75
3801	158481.75
3851	158481.75
3901	158481.75
3951	158481.75
4001	158481.75
4051	158481.75
4101	158481.75
4151	158481.75
4201	158481.75
4251	158481.75
4301	158481.75
4351	158481.75
4401	158481.75
4451	158481.75
4501	158481.75
4551	158481.75
4601	158481.75
4651	158481.75
4701	158481.75
4751	158481.75
4801	158481.75
4851	158481.75
4901	158481.75
4951	158481.75
5001	158481.75
5051	158481.75
5101	158481.75
5151	158481.75
5201	158481.75
5251	158481.75
5301	158481.75
5351	158481.75
5401	158481.75
5451	158481.75
5501	158481.75
5551	158481.75
5601	158481.75
5651	158481.75
5701	158481.75
5751	158481.75
5801	158481.75
5851	158481.75
5901	158481.75
5951	158481.75
6001	158481.75
6051	158481.75
6101	158481.75
6151	158481.75
6201	158481.75
6251	158481.75
6301	158481.75
6351	158481.75
6401	158481.75
6451	158481.75
6501	158481.75
6551	158481.75
6601	158481.75
6651	158481.75
6701	158481.75
6751	158481.75
6801	158481.75
6851	158481.75
6901	158481.75
6951	158481.75
7001	158481.75
7051	158481.75
7101	158481.75
7151	158481.75
7201	158481.75
7251	158481.75
7301	158481.75
7351	158481.75
7401	158481.75
7451	158481.75
7501	158481.75
7551	158481.75
7601	158481.75
7651	158481.75
7701	158481.75
7751	158481.75
7801	158481.75
7851	158481.75
7901	158481.75
7951	158481.75
8001	158481.75
8051	158481.75
8101	158481.75
8151	158481.75
8201	158481.75
8251	158481.75
8301	158481.75
8351	158481.75
8401	158481.75
8451	158481.75
8501	158481.75
8551	158481.75
8601	158481.75
8651	158481.75
8701	158481.75
8751	158481.75
8801	158481.75
8851	158481.75
8901	158481.75
8951	158481.75
9001	158481.75
9051	158481.75
9101	158481.75
9151	158481.75
9201	158481.75
9251	158481.75
9301	158481.75
9351	158481.75
9401	158481.75
9451	158481.75
9501	158481.75
9551	158481.75
9601	158481.75
9651	158481.75
9701	158481.75
9751	158481.75
9801	158481.75
9851	158481.75
9901	158481.75
9951	158481.75
10001	158481.75
10051	158481.75
10101	158481.75
10151	158481.75
10201	158481.75
10251	158481.75
10301	158481.75
10351	158481.75
10401	158481.75
10451	158481.75
10501	158481.75
10551	158481.75
10601	158481.75
10651	158481.75
10701	158481.75
10751	158481.75
10801	158481.75
10851	158481.75
10901	158481.75
10951	158481.75
11001	158481.75
11051	158481.75
11101	158481.75
11151	158481.75
11201	158481.75
11251	158481.75
11301	158481.75
11351	158481.75
11401	158481.75
11451	158481.75
11501	158481.75
11551	158481.75
11601	158481.75
11651	158481.75
11701	158481.75
11751	158481.75
11801	158481.75
11851	158481.75
11901	158481.75
11951	158481.75
12001	158481.75
12051	158481.75
12101	158481.75
12151	158481.75
12201	158481.75
12251	158481.75
12301	158481.75
12351	158481.75
12401	158481.75
12451	158481.75
12501	158481.75
12551	158481.75
12601	158481.75
12651	158481.75
12701	158481.75
12751	158481.75
12801	158481.75
12851	158481.75
12901	158481.75
12951	158481.75
13001	158481.75
13051	158481.75
13101	158481.75
13151	158481.75
13201	158481.75
13251	158481.75
13301	158481.75
13351	158481.75
13401	158481.75
13451	158481.75
13501	158481.75
13551	158481.75
13601	158481.75
13651	158481.75
13701	158481.75
13751	158481.75
13801	158481.75
13851	158481.75
13901	158481.75
13951	158481.75
14001	158481.75
14051	158481.75
14101	158481.75
14151	158481.75
14201	158481.75
14251	158481.75
14301	158481.75
14351	158481.75
14401	158481.75
14451	158481.75
14501	158481.75
14551	158481.75
14601	158481.75
14651	158481.75
14701	158481.75
14751	158481.75
14801	158481.75
14851	158481.75
14901	158481.75
14951	158481.75
15001	158481.75
15051	158481.75
15101	158481.75
15151	158481.75
15201	158481.75
15251	158481.75
15301	158481.75
15351	158481.75
15401	158481.75
15451	158481.75
15501	158481.75
15551	158481.75
15601	158481.75
15651	158481.75
15701	158481.75
15751	158481.75
15801	158481.75
15851	158481.75
15901	158481.75
15951	158481.75
16001	158481.75
16051	158481.75
16101	158481.75
16151	158481.75
16201	158481.75
16251	158481.75
16301	158481.75
16351	158481.75
16401	158481.75
16451	158481.75
16501	158481.75
16551	158481.75
16601	158481.75
16651	158481.75
16701	158481.75
16751	158481.75
16801	158481.75
16851	158481.75
16901	158481.75
16951	158481.75
17001	158481.75
17051	158481.75
17101	158481.75
17151	158481.75
17201	158481.75
17251	158481.75
17301	158481.75
17351	158481.75
17401	158481.75
17451	158481.75
17501	158481.75
17551	158481.75
17601	158481.75
17651	158481.75
17701	158481.75
17751	158481.75
17801	158481.75
17851	158481.75
17901	158481.75
17951	158481.75
18001	158481.75
18051	158481.75
18101	158481.75
18151	158481.75
18201	158481.75
18251	158481.75
18301	158481.75
18351	158481.75
18401	158481.75
18451	158481.75
18501	158481.75
18551	158481.75
18601	158481.75
18651	158481.75
18701	158481.75
18751	158481.75
18801	158481.75
18851	158481.75
18901	158481.75
18951	158481.75
19001	158481.75
19051	158481.75
19101	158481.75
19151	158481.75
19201	158481.75
19251	158481.75
19301	158481.75
19351	158481.75
19401	158481.75
19451	158481.75
19501	158481.75
19551	158481.75
19601	158481.75
19651	158481.75
19701	158481.75
19751	158481.75
19801	158481.75
19851	158481.75
19901	158481.75
19951	158481.75
20001	158481.75
20051	158481.75
20101	158481.75
20151	158481.75
20201	158481.75
20251	158481.75
20301	158481.75
20351	158481.75
20401	158481.75
20451	158481.75
20501	158481.75
20551	158481.75
20601	158481.75
20651	158481.75
20701	158481.75
20751	158481.75
20801	158481.75
20851	158481.75
20901	158481.75
20951	158481.75
21001	158481.75
21051	158481.75
21101	158481.75
21151	158481.75
21201	158481.75
21251	158481.75
21301	158481.75
21351	158481.75
21401	158481.75
21451	158481.75
21501	158481.75
21551	158481.75
21601	158481.75
21651	158481.75
21701	158481.75
21751	158481.75
21801	158481.75
21851	158481.75
21901	158481.75
21951	158481.75
22001	158481.75
22051	158481.75
22101	158481.75
22151	158481.75
22201	158481.75
22251	158481.75
22301	158481.75
22351	158481.75
22401	158481.75
22451	158481.75
22501	158481.75
22551	158481.75
22601	158481.75
22651	158481.75
22701	158481.75
22751	158481.75
22801	158481.75
22851	158481.75
22901	158481.75
22951	158481.75
23001	158481.75
23051	158481.75
23101	158481.75
23151	158481.75
23201	158481.75
23251	158481.75
23301	158481.75
23351	158481.75
23401	158481.75
23451	158481.75
23501	158481.75
23551	158481.75
23601	158481.75
23651	158481.75
23701	158481.75
23751	158481.75
23801	158481.75
23851	158481.75
23901	158481.75
23951	158481.75
24001	158481.75
24051	158481.75
24101	158481.75
24151	158481.75
24201	158481.75
24251	158481.75
24301	158481.75
24351	158481.75
24401	158481.75
24451	158481.75
24501	158481.75
24551	158481.75
24601	158481.75
24651	158481.75
24701	158481.75
24751	158481.75
24801	158481.75
24851	158481.75
24901	158481.75
24951	158481.75
25001	158481.75
25051	158481.75
25101	158481.75
25151	158481.75
25201	158481.75
25251	158481.75
25301	158481.75
25351	158481.75
25401	158481.75
25451	158481.75
25501	158481.75
25551	158481.75
25601	158481.75
25651	158481.75
25701	158481.75
25751	158481.75
25801	158481.75
25851	158481.75
25901	158481.75
25951	158481.75
26001	158481.75
26051	158481.75
26101	158481.75
26151	158481.75
26201	158481.75
26251	158481.75
26301	158481.75
26351	158481.75
26401	158481.75
26451	158481.75
26501	158481.75
26551	158481.75
26601	158481.75
26651	158481.75
26701	158481.75
26751	158481.75
26801	158481.75
26851	158481.75
26901	158481.75
26951	158481.75
27001	158481.75
27051	158481.75
27101	158481.75
27151	158481.75
27201	158481.75
27251	158481.75
27301	158481.75
27351	158481.75
27401	158481.75
27451	158481.75
27501	158481.75
27551	158481.75
27601	158481.75
27651	158481.75
27701	158481.75
27751	158481.75
27801	158481.75
27851	158481.75
27901	158481.75
27951	158481.75
28001	158481.75
28051	158481.75
28101	158481.75
28151	158481.75
28201	158481.75
28251	158481.75
28301	158481.75
28351	158481.75
28401	158481.75
28451	158481.75
28501	158481.75
28551	158481.75
28601	158481.75
28651	158481.75
28701	158481.75
28751	158481.75
28801	158481.75
28851	158481.75
28901	158481.75
28951	158481.75
29001	158481.75
29051	158481.75
29101	158481.75
29151	158481.75
29201	158481.75
29251	158481.75
29301	158481.75
29351	158481.75
29401	158481.75
29451	158481.75
29501	158481.75
29551	158481.75
29601	158481.75
29651	158481.75
29701	158481.75
29751	158481.75
29801	158481.75
29851	158481.75
29901	158481.75
29951	158481.75
30001	158481.75
30051	158481.75
30101	158481.75
30151	158481.75
30201	158481.75
30251	158481.75
30301	158481.75
30351	158481.75
30401	158481.75
30451	158481.75
30501	158481.75
30551	158481.75
30601	158481.75
30651	158481.75
30701	158481.75
30751	158481.75
30801	158481.75
30851	158481.75
30901	158481.75
30951	158481.75
31001	158481.75
31051	158481.75
31101	158481.75
31151	158481.75
31201	158481.75
31251	158481.75
31301	158481.75
31351	158481.75
31401	158481.75
31451	158481.75
31501	158481.75
31551	158481.75
31601	158481.75
31651	158481.75
31701	158481.75
31751	158481.75
31801	158481.75
31851	158481.75
31901	158481.75
31951	158481.75
32001	158481.75
32051	158481.75
32101	158481.75
32151	158481.75
32201	158481.75
32251	158481.75
32301	158481.75
32351	158481.75
32401	158481.75
32451	158481.75
32501	158481.75
32551	158481.75
32601	158481.75
32651	158481.75
32701	158481.75
32751	158481.75
32801	158481.75
32851	158481.75
32901	158481.75
32951	158481.75
33001	158481.75
33051	158481.75
33101	158481.75
33151	158481.75
33201	158481.75
33251	158481.75
33301	158481.75
33351	158481.75
33401	158481.75
33451	158481.75
33501	158481.75
33551	158481.75
33601	158481.75
33651	158481.75
33701	158481.75
33751	158481.75
33801	158481.75
33851	158481.75
33901	158481.75
33951	158481.75
34001	158481.75
34051	158481.75
34101	158481.75
34151	158481.75
34201	158481.75
34251	158481.75
34301	158481.75
34351	158481.75
34401	158481.75
34451	158481.75
34501	158481.75
34551	158481.75
34601	158481.75
34651	158481.75
34701	158481.75
34751	158481.75
34801	158481.75
34851	158481.75
34901	158481.75
34951	158481.75
35001	158481.75
35051	158481.75
35101	158481.75
35151	158481.75
35201	158481.75
35251	158481.75
35301	158481.75
35351	158481.75
35401	158481.75
35451	158481.75
35501	158481.75
35551	158481.75
35601	158481.75
35651	158481.75
35701	158481.75
35751	158481.75
35801	158481.75
35851	158481.75
35901	158481.75
35951	158481.75
36001	158481.75
36051	158481.75
36101	158481.75
36151	158481.75
36201	158481.75
36251	158481.75
36301	158481.75
36351	158481.75
36401	158481.75
36451	158481.75
36501	158481.75
36551	158481.75
36555	158481.75

✓ 收敛曲线图已生成: 收敛曲线图.png
✓ 甘特图已生成: 甘特图.png
✓ 批次布局图已生成: 批次布局图_machine*_batch*.png (共5个批次)
【批次分配详情】

机器 0:
  批次 1:
    开始时间: 361.00
    结束时间: 49449.00
    加工时间: 49088.00
    零件数量: 4
    利用率: 75.25%
    最大高度: 208.00
    零件: 18, 20, 13, 2

  批次 2:
    开始时间: 49810.00
    结束时间: 117306.00
    加工时间: 67496.00
    零件数量: 4
    利用率: 72.88%
    最大高度: 286.00
    零件: 10, 4, 8, 15

  批次 3:
    开始时间: 117667.00
    结束时间: 152831.00
    加工时间: 35164.00
    零件数量: 4
    利用率: 87.11%
    最大高度: 149.00
    零件: 3, 12, 5, 16

  机器完工时间: 152831.00

机器 1:
  批次 1:
    开始时间: 339.00
    结束时间: 83442.75
    加工时间: 83103.75
    零件数量: 4
    利用率: 68.26%
    最大高度: 267.00
    零件: 7, 14, 6, 9

  批次 2:
    开始时间: 83781.75
    结束时间: 158481.75
    加工时间: 74700.00
    零件数量: 4
    利用率: 81.96%
    最大高度: 240.00
    零件: 1, 19, 17, 11

  机器完工时间: 158481.75


【机器负载统计】
  机器 0: 总加工时间=152831.00, 批次数=3, 零件数=12, 平均利用率=78.41%
  机器 1: 总加工时间=158481.75, 批次数=2, 零件数=8, 平均利用率=75.11%


================================================================================
                         实验结果输出完成
================================================================================

实验文件夹: chapter-1/src/main/output/comparison/2M20J-01/GA-TS_run7_20260206_114836/
包含文件:
  - 实验报告.txt (本文件)
  - 收敛曲线图.png
  - 甘特图.png
  - 批次布局图_machine*_batch*.png (每个批次独立PNG文件)
