════════════════════════════════════════════════════════════════
              最优Cmax解的详细调度记录
════════════════════════════════════════════════════════════════

【基本信息】
----------------------------------------------------------------------------------------------------
Cmax (最大完工时间): 48360.22
能耗: 429.29 kWh
装箱质量: 0.4386
批次总数: 5
工件数量: 50
机器数量: 14 (打印机:4, 批处理机:2, 离散机:8)

【染色体编码】
----------------------------------------------------------------------------------------------------
工序序列 (OS): [13, 6, 32, 46, 17, 47, 16, 42, 30, 26, 27, 1, 21, 48, 49, 20, 38, 35, 3, 11, 45, 37, 19, 8, 39, 44, 41, 25, 18, 33, 34, 2, 40, 0, 28, 12, 15, 43, 5, 10, 4, 9, 36, 24, 23, 22, 14, 29, 7, 31, 1, 19, 38, 47, 37, 26, 43, 32, 38, 17, 37, 41, 19, 17, 14, 3, 11, 35, 38, 10, 32, 27, 26, 12, 37, 41, 1, 7, 10, 15, 13, 46, 18, 45, 47, 24, 32, 30, 11, 39, 27, 44, 32, 32, 44, 16, 19, 47, 46, 16, 13, 26, 16, 47, 13, 20, 14, 1, 1, 37, 43, 24, 11, 14, 43, 47, 21, 27, 12, 26, 32, 31, 6, 44, 37, 41, 6, 43, 40, 27, 46, 6, 7, 34, 1, 33, 26, 19, 26, 33, 10, 47, 22, 41, 14, 45, 1, 35, 17, 5, 41, 26, 14, 3, 32, 38, 27, 16, 46, 1, 7, 44, 22, 46, 16, 11, 24, 43, 34, 46, 24, 40, 17, 34, 41, 35, 27, 13, 25, 2, 43, 22, 14, 41, 16, 31, 37, 5, 8, 42, 19, 37, 7, 38, 18, 4, 27, 34, 26, 33, 48, 9, 31, 46, 46, 33, 16, 49, 10, 8, 14, 7, 38, 18, 17, 37, 17, 1, 25, 14, 41, 18, 9, 4]
机器选择 (MS): [3, 2, 4, 3, 4, 2, 3, 2, 3, 4, 2, 1, 1, 1, 4, 1, 3, 2, 3, 1, 1, 3, 4, 2, 3, 2, 3, 1, 4, 4, 4, 3, 2, 4, 4, 1, 3, 2, 4, 1, 4, 4, 3, 2, 4, 3, 4, 4, 4, 3, 1, 1, 1, 3, 1, 2, 1, 1, 1, 3, 2, 1, 1, 1, 1, 1, 2, 2, 1, 1, 1, 3, 2, 1, 1, 1, 1, 2, 1, 2, 2, 1, 1, 1, 1, 2, 2, 2, 2, 1, 2, 1, 1, 1, 3, 1, 1, 2, 2, 2, 2, 1, 3, 2, 1, 1, 1, 2, 1, 1, 1, 2, 2, 1, 1, 2, 3, 1, 3, 3, 1, 3, 2, 2, 1, 1, 2, 3, 2, 1, 2, 2, 1, 1, 2, 1, 3, 1, 1, 1, 1, 3, 1, 1, 1, 3, 2, 1, 1, 2, 2, 1, 1, 2, 1, 1, 2, 1, 2, 3, 1, 1, 1, 2, 1, 1, 3, 1, 1, 2, 3, 1, 1, 1, 1, 3, 2, 2, 2, 2, 1, 2, 2, 1, 1, 2, 1, 3, 1, 3, 2, 1, 1, 1, 1, 2, 1, 2, 2, 3, 2, 2, 3, 1, 3, 1, 1, 1, 2, 1, 2, 1, 1, 1, 2, 1, 2, 1, 2, 1, 1, 1, 2, 1]

【零件加工顺序记录】
----------------------------------------------------------------------------------------------------
工件号      工序号             机器号             开始时间            结束时间            加工时长           
----------------------------------------------------------------------------------------------------

工件 0:
  0        0               打印机4            0.00            23533.00        23533.00       
  0        1               批处理机2           23533.00        24334.00        801.00         

工件 1:
  1        0               打印机1            0.00            11679.00        11679.00       
  1        1               批处理机2           11679.00        12480.00        801.00         
  1        2               离散机1            12480.00        13808.00        1328.00        
  1        3               离散机7            13808.00        15368.00        1560.00        
  1        4               离散机3            15368.00        16376.00        1008.00        
  1        5               离散机8            16376.00        17290.00        914.00         
  1        6               离散机5            19272.00        20467.00        1195.00        
  1        7               离散机7            25782.00        26906.00        1124.00        
  1        8               离散机5            27562.00        29184.00        1622.00        
  1        9               离散机3            44362.22        45729.22        1367.00        

工件 2:
  2        0               打印机3            0.00            30020.22        30020.22       
  2        1               批处理机2           30020.22        30821.22        801.00         
  2        2               离散机2            39747.22        40925.22        1178.00        

工件 3:
  3        0               打印机3            0.00            30020.22        30020.22       
  3        1               批处理机2           30020.22        30821.22        801.00         
  3        2               离散机8            30821.22        31775.22        954.00         
  3        3               离散机8            33829.22        35061.22        1232.00        

工件 4:
  4        0               打印机4            23533.00        42166.00        18633.00       
  4        1               批处理机2           42166.00        42967.00        801.00         
  4        2               离散机4            43395.22        44303.22        908.00         
  4        3               离散机8            46738.22        48248.22        1510.00        

工件 5:
  5        0               打印机4            0.00            23533.00        23533.00       
  5        1               批处理机2           23533.00        24334.00        801.00         
  5        2               离散机3            28609.00        29738.00        1129.00        
  5        3               离散机5            32954.22        34524.22        1570.00        

工件 6:
  6        0               打印机2            0.00            19389.57        19389.57       
  6        1               批处理机2           19389.57        20190.57        801.00         
  6        2               离散机7            21469.57        23067.57        1598.00        
  6        3               离散机7            23067.57        24202.57        1135.00        
  6        4               离散机4            25452.57        26796.57        1344.00        

工件 7:
  7        0               打印机4            0.00            23533.00        23533.00       
  7        1               批处理机2           23533.00        24334.00        801.00         
  7        2               离散机3            24334.00        25825.00        1491.00        
  7        3               离散机8            29507.00        30735.00        1228.00        
  7        4               离散机5            31893.22        32954.22        1061.00        
  7        5               离散机5            41638.22        42766.22        1128.00        
  7        6               离散机3            43034.22        44362.22        1328.00        

工件 8:
  8        0               打印机2            0.00            19389.57        19389.57       
  8        1               批处理机2           19389.57        20190.57        801.00         
  8        2               离散机3            29738.00        30713.00        975.00         
  8        3               离散机5            44090.22        45826.22        1736.00        

工件 9:
  9        0               打印机4            23533.00        42166.00        18633.00       
  9        1               批处理机2           42166.00        42967.00        801.00         
  9        2               离散机4            44303.22        45704.22        1401.00        
  9        3               离散机6            46996.00        47911.00        915.00         

工件 10:
  10       0               打印机1            0.00            11679.00        11679.00       
  10       1               批处理机2           11679.00        12480.00        801.00         
  10       2               离散机3            12480.00        13671.00        1191.00        
  10       3               离散机5            15022.00        16466.00        1444.00        
  10       4               离散机8            17290.00        18888.00        1598.00        
  10       5               离散机4            18888.00        20099.00        1211.00        

工件 11:
  11       0               打印机1            0.00            11679.00        11679.00       
  11       1               批处理机2           11679.00        12480.00        801.00         
  11       2               离散机5            12480.00        13406.00        926.00         
  11       3               离散机1            13808.00        14741.00        933.00         
  11       4               离散机5            16466.00        18030.00        1564.00        
  11       5               离散机1            18030.00        19048.00        1018.00        

工件 12:
  12       0               打印机1            0.00            11679.00        11679.00       
  12       1               批处理机2           11679.00        12480.00        801.00         
  12       2               离散机5            13406.00        15022.00        1616.00        
  12       3               离散机5            18030.00        19272.00        1242.00        

工件 13:
  13       0               打印机3            0.00            30020.22        30020.22       
  13       1               批处理机2           30020.22        30821.22        801.00         
  13       2               离散机5            30821.22        31893.22        1072.00        
  13       3               离散机8            32688.22        33829.22        1141.00        
  13       4               离散机3            35302.22        36338.22        1036.00        
  13       5               离散机8            39655.22        41158.22        1503.00        

工件 14:
  14       0               打印机4            0.00            23533.00        23533.00       
  14       1               批处理机2           23533.00        24334.00        801.00         
  14       2               离散机1            24334.00        25347.00        1013.00        
  14       3               离散机2            29049.00        30597.00        1548.00        
  14       4               离散机3            36338.22        37547.22        1209.00        
  14       5               离散机8            37604.22        38540.22        936.00         
  14       6               离散机7            39179.22        40198.22        1019.00        
  14       7               离散机4            40898.22        42177.22        1279.00        
  14       8               离散机6            42721.22        43942.22        1221.00        
  14       9               离散机7            45820.22        46853.22        1033.00        

工件 15:
  15       0               打印机3            0.00            30020.22        30020.22       
  15       1               批处理机2           30020.22        30821.22        801.00         
  15       2               离散机4            32524.22        33604.22        1080.00        

工件 16:
  16       0               打印机3            0.00            30020.22        30020.22       
  16       1               批处理机2           30020.22        30821.22        801.00         
  16       2               离散机6            31825.22        33130.22        1305.00        
  16       3               离散机6            33130.22        34772.22        1642.00        
  16       4               离散机5            34772.22        36531.22        1759.00        
  16       5               离散机6            36531.22        37884.22        1353.00        
  16       6               离散机5            38732.22        40502.22        1770.00        
  16       7               离散机2            40925.22        41949.22        1024.00        
  16       8               离散机8            44345.22        45474.22        1129.00        

工件 17:
  17       0               打印机4            0.00            23533.00        23533.00       
  17       1               批处理机2           23533.00        24334.00        801.00         
  17       2               离散机7            24334.00        25782.00        1448.00        
  17       3               离散机2            28074.00        29049.00        975.00         
  17       4               离散机4            36571.22        38350.22        1779.00        
  17       5               离散机8            38540.22        39655.22        1115.00        
  17       6               离散机7            44470.22        45820.22        1350.00        
  17       7               离散机5            45826.22        47274.22        1448.00        

工件 18:
  18       0               打印机4            23533.00        42166.00        18633.00       
  18       1               批处理机2           42166.00        42967.00        801.00         
  18       2               离散机2            42967.00        43918.00        951.00         
  18       3               离散机1            44040.22        45736.22        1696.00        
  18       4               离散机3            45736.22        46982.22        1246.00        
  18       5               离散机7            46982.22        48360.22        1378.00        

工件 19:
  19       0               打印机4            0.00            23533.00        23533.00       
  19       1               批处理机2           23533.00        24334.00        801.00         
  19       2               离散机2            24334.00        25362.00        1028.00        
  19       3               离散机6            25362.00        26486.00        1124.00        
  19       4               离散机8            26486.00        27883.00        1397.00        
  19       5               离散机6            27883.00        29629.00        1746.00        
  19       6               离散机7            36364.22        38026.22        1662.00        

工件 20:
  20       0               打印机1            0.00            11679.00        11679.00       
  20       1               批处理机2           11679.00        12480.00        801.00         
  20       2               离散机4            12480.00        13859.00        1379.00        

工件 21:
  21       0               打印机1            0.00            11679.00        11679.00       
  21       1               批处理机2           11679.00        12480.00        801.00         
  21       2               离散机6            12480.00        13470.00        990.00         

工件 22:
  22       0               打印机3            0.00            30020.22        30020.22       
  22       1               批处理机2           30020.22        30821.22        801.00         
  22       2               离散机1            36655.22        37800.22        1145.00        
  22       3               离散机6            37884.22        39380.22        1496.00        
  22       4               离散机6            41497.22        42721.22        1224.00        

工件 23:
  23       0               打印机4            23533.00        42166.00        18633.00       
  23       1               批处理机2           42166.00        42967.00        801.00         

工件 24:
  24       0               打印机2            0.00            19389.57        19389.57       
  24       1               批处理机2           19389.57        20190.57        801.00         
  24       2               离散机8            21156.57        22735.57        1579.00        
  24       3               离散机5            22735.57        24528.57        1793.00        
  24       4               离散机4            29446.00        30749.00        1303.00        
  24       5               离散机4            39788.22        40898.22        1110.00        

工件 25:
  25       0               打印机1            0.00            11679.00        11679.00       
  25       1               批处理机2           11679.00        12480.00        801.00         
  25       2               离散机8            12480.00        13784.00        1304.00        
  25       3               离散机3            17893.00        18890.00        997.00         

工件 26:
  26       0               打印机4            0.00            23533.00        23533.00       
  26       1               批处理机2           23533.00        24334.00        801.00         
  26       2               离散机2            25362.00        26658.00        1296.00        
  26       3               离散机5            26658.00        27562.00        904.00         
  26       4               离散机1            27562.00        28647.00        1085.00        
  26       5               离散机7            28647.00        30437.00        1790.00        
  26       6               离散机1            30437.00        31543.00        1106.00        
  26       7               离散机1            31543.00        33222.00        1679.00        
  26       8               离散机6            34772.22        35957.22        1185.00        
  26       9               离散机2            41949.22        42916.22        967.00         

工件 27:
  27       0               打印机2            0.00            19389.57        19389.57       
  27       1               批处理机2           19389.57        20190.57        801.00         
  27       2               离散机8            20190.57        21156.57        966.00         
  27       3               离散机3            21156.57        22236.57        1080.00        
  27       4               离散机3            22236.57        23868.57        1632.00        
  27       5               离散机3            25825.00        27295.00        1470.00        
  27       6               离散机7            27295.00        28427.00        1132.00        
  27       7               离散机7            34701.22        36364.22        1663.00        
  27       8               离散机7            41316.22        42309.22        993.00         

工件 28:
  28       0               打印机4            0.00            23533.00        23533.00       
  28       1               批处理机2           23533.00        24334.00        801.00         

工件 29:
  29       0               打印机4            23533.00        42166.00        18633.00       
  29       1               批处理机2           42166.00        42967.00        801.00         

工件 30:
  30       0               打印机3            0.00            30020.22        30020.22       
  30       1               批处理机2           30020.22        30821.22        801.00         
  30       2               离散机8            31775.22        32688.22        913.00         

工件 31:
  31       0               打印机3            0.00            30020.22        30020.22       
  31       1               批处理机2           30020.22        30821.22        801.00         
  31       2               离散机3            39318.22        40312.22        994.00         
  31       3               离散机5            40502.22        41638.22        1136.00        
  31       4               离散机4            45704.22        47174.22        1470.00        

工件 32:
  32       0               打印机4            0.00            23533.00        23533.00       
  32       1               批处理机2           23533.00        24334.00        801.00         
  32       2               离散机2            26658.00        28074.00        1416.00        
  32       3               离散机4            28074.00        29446.00        1372.00        
  32       4               离散机7            31933.22        33656.22        1723.00        
  32       5               离散机1            34991.22        36655.22        1664.00        
  32       6               离散机8            36655.22        37604.22        949.00         
  32       7               离散机3            37604.22        39318.22        1714.00        
  32       8               离散机7            40198.22        41316.22        1118.00        

工件 33:
  33       0               打印机4            0.00            23533.00        23533.00       
  33       1               批处理机2           23533.00        24334.00        801.00         
  33       2               离散机8            25557.57        26465.57        908.00         
  33       3               离散机1            28647.00        29901.00        1254.00        
  33       4               离散机2            43918.00        45671.00        1753.00        
  33       5               离散机6            45671.00        46996.00        1325.00        

工件 34:
  34       0               打印机4            0.00            23533.00        23533.00       
  34       1               批处理机2           23533.00        24334.00        801.00         
  34       2               离散机5            24528.57        25718.57        1190.00        
  34       3               离散机5            29184.00        30581.00        1397.00        
  34       4               离散机1            41170.22        42264.22        1094.00        
  34       5               离散机7            42309.22        43219.22        910.00         

工件 35:
  35       0               打印机2            0.00            19389.57        19389.57       
  35       1               批处理机2           19389.57        20190.57        801.00         
  35       2               离散机1            20190.57        21362.57        1172.00        
  35       3               离散机3            27295.00        28609.00        1314.00        
  35       4               离散机8            35061.22        36634.22        1573.00        

工件 36:
  36       0               打印机3            0.00            30020.22        30020.22       
  36       1               批处理机2           30020.22        30821.22        801.00         

工件 37:
  37       0               打印机3            0.00            30020.22        30020.22       
  37       1               批处理机2           30020.22        30821.22        801.00         
  37       2               离散机7            30821.22        31933.22        1112.00        
  37       3               离散机2            31933.22        33724.22        1791.00        
  37       4               离散机7            33724.22        34701.22        977.00         
  37       5               离散机2            35042.22        36694.22        1652.00        
  37       6               离散机3            40312.22        41676.22        1364.00        
  37       7               离散机8            42347.22        43330.22        983.00         
  37       8               离散机8            43330.22        44345.22        1015.00        
  37       9               离散机6            44345.22        45649.22        1304.00        

工件 38:
  38       0               打印机3            0.00            30020.22        30020.22       
  38       1               批处理机2           30020.22        30821.22        801.00         
  38       2               离散机3            30821.22        31993.22        1172.00        
  38       3               离散机3            31993.22        33676.22        1683.00        
  38       4               离散机1            33676.22        34991.22        1315.00        
  38       5               离散机4            38350.22        39788.22        1438.00        
  38       6               离散机5            42766.22        44090.22        1324.00        
  38       7               离散机8            45474.22        46738.22        1264.00        

工件 39:
  39       0               打印机3            0.00            30020.22        30020.22       
  39       1               批处理机2           30020.22        30821.22        801.00         
  39       2               离散机3            33676.22        35302.22        1626.00        

工件 40:
  40       0               打印机2            0.00            19389.57        19389.57       
  40       1               批处理机2           19389.57        20190.57        801.00         
  40       2               离散机3            20190.57        21110.57        920.00         
  40       3               离散机4            26796.57        28072.57        1276.00        

工件 41:
  41       0               打印机3            0.00            30020.22        30020.22       
  41       1               批处理机2           30020.22        30821.22        801.00         
  41       2               离散机4            30821.22        32524.22        1703.00        
  41       3               离散机2            33724.22        35042.22        1318.00        
  41       4               离散机5            36531.22        37615.22        1084.00        
  41       5               离散机5            37615.22        38732.22        1117.00        
  41       6               离散机1            38732.22        39747.22        1015.00        
  41       7               离散机6            39747.22        41497.22        1750.00        
  41       8               离散机1            42264.22        44040.22        1776.00        
  41       9               离散机1            46712.22        48029.22        1317.00        

工件 42:
  42       0               打印机2            0.00            19389.57        19389.57       
  42       1               批处理机2           19389.57        20190.57        801.00         
  42       2               离散机4            42177.22        43395.22        1218.00        

工件 43:
  43       0               打印机2            0.00            19389.57        19389.57       
  43       1               批处理机2           19389.57        20190.57        801.00         
  43       2               离散机4            20190.57        21816.57        1626.00        
  43       3               离散机8            22735.57        23971.57        1236.00        
  43       4               离散机8            23971.57        25557.57        1586.00        
  43       5               离散机8            27883.00        29507.00        1624.00        
  43       6               离散机6            29629.00        30593.00        964.00         
  43       7               离散机8            41158.22        42347.22        1189.00        

工件 44:
  44       0               打印机2            0.00            19389.57        19389.57       
  44       1               批处理机2           19389.57        20190.57        801.00         
  44       2               离散机4            21816.57        22845.57        1029.00        
  44       3               离散机2            22845.57        24142.57        1297.00        
  44       4               离散机4            24142.57        25452.57        1310.00        
  44       5               离散机2            38133.22        39747.22        1614.00        

工件 45:
  45       0               打印机1            0.00            11679.00        11679.00       
  45       1               批处理机2           11679.00        12480.00        801.00         
  45       2               离散机3            13671.00        14923.00        1252.00        
  45       3               离散机3            16376.00        17893.00        1517.00        

工件 46:
  46       0               打印机3            0.00            30020.22        30020.22       
  46       1               批处理机2           30020.22        30821.22        801.00         
  46       2               离散机6            30821.22        31825.22        1004.00        
  46       3               离散机4            33604.22        35348.22        1744.00        
  46       4               离散机4            35348.22        36571.22        1223.00        
  46       5               离散机1            37800.22        38707.22        907.00         
  46       6               离散机1            39747.22        41170.22        1423.00        
  46       7               离散机3            41676.22        43034.22        1358.00        
  46       8               离散机7            43219.22        44470.22        1251.00        
  46       9               离散机1            45736.22        46712.22        976.00         

工件 47:
  47       0               打印机2            0.00            19389.57        19389.57       
  47       1               批处理机2           19389.57        20190.57        801.00         
  47       2               离散机7            20190.57        21469.57        1279.00        
  47       3               离散机1            21469.57        22773.57        1304.00        
  47       4               离散机4            22845.57        23928.57        1083.00        
  47       5               离散机6            23928.57        25271.57        1343.00        
  47       6               离散机2            36694.22        38133.22        1439.00        
  47       7               离散机7            38133.22        39179.22        1046.00        

工件 48:
  48       0               打印机1            0.00            11679.00        11679.00       
  48       1               批处理机2           11679.00        12480.00        801.00         
  48       2               离散机5            20467.00        21466.00        999.00         

工件 49:
  49       0               打印机4            0.00            23533.00        23533.00       
  49       1               批处理机2           23533.00        24334.00        801.00         
  49       2               离散机2            30597.00        31564.00        967.00         

【机器加工顺序记录】
----------------------------------------------------------------------------------------------------

打印机1:
工件号      工序号             开始时间            结束时间            加工时长           
--------------------------------------------------------------------------------
  1        0               0.00            11679.00        11679.00       
  10       0               0.00            11679.00        11679.00       
  11       0               0.00            11679.00        11679.00       
  12       0               0.00            11679.00        11679.00       
  20       0               0.00            11679.00        11679.00       
  21       0               0.00            11679.00        11679.00       
  25       0               0.00            11679.00        11679.00       
  45       0               0.00            11679.00        11679.00       
  48       0               0.00            11679.00        11679.00       

  机器利用率: 217.35% (忙碌时间: 105111.00 / 总时间: 48360.22)

打印机2:
工件号      工序号             开始时间            结束时间            加工时长           
--------------------------------------------------------------------------------
  6        0               0.00            19389.57        19389.57       
  8        0               0.00            19389.57        19389.57       
  24       0               0.00            19389.57        19389.57       
  27       0               0.00            19389.57        19389.57       
  35       0               0.00            19389.57        19389.57       
  40       0               0.00            19389.57        19389.57       
  42       0               0.00            19389.57        19389.57       
  43       0               0.00            19389.57        19389.57       
  44       0               0.00            19389.57        19389.57       
  47       0               0.00            19389.57        19389.57       

  机器利用率: 400.94% (忙碌时间: 193895.71 / 总时间: 48360.22)

打印机3:
工件号      工序号             开始时间            结束时间            加工时长           
--------------------------------------------------------------------------------
  2        0               0.00            30020.22        30020.22       
  3        0               0.00            30020.22        30020.22       
  13       0               0.00            30020.22        30020.22       
  15       0               0.00            30020.22        30020.22       
  16       0               0.00            30020.22        30020.22       
  22       0               0.00            30020.22        30020.22       
  30       0               0.00            30020.22        30020.22       
  31       0               0.00            30020.22        30020.22       
  36       0               0.00            30020.22        30020.22       
  37       0               0.00            30020.22        30020.22       
  38       0               0.00            30020.22        30020.22       
  39       0               0.00            30020.22        30020.22       
  41       0               0.00            30020.22        30020.22       
  46       0               0.00            30020.22        30020.22       

  机器利用率: 869.07% (忙碌时间: 420283.04 / 总时间: 48360.22)

打印机4:
工件号      工序号             开始时间            结束时间            加工时长           
--------------------------------------------------------------------------------
  0        0               0.00            23533.00        23533.00       
  5        0               0.00            23533.00        23533.00       
  7        0               0.00            23533.00        23533.00       
  14       0               0.00            23533.00        23533.00       
  17       0               0.00            23533.00        23533.00       
  19       0               0.00            23533.00        23533.00       
  26       0               0.00            23533.00        23533.00       
  28       0               0.00            23533.00        23533.00       
  32       0               0.00            23533.00        23533.00       
  33       0               0.00            23533.00        23533.00       
  34       0               0.00            23533.00        23533.00       
  49       0               0.00            23533.00        23533.00       
  4        0               23533.00        42166.00        18633.00       
  9        0               23533.00        42166.00        18633.00       
  18       0               23533.00        42166.00        18633.00       
  23       0               23533.00        42166.00        18633.00       
  29       0               23533.00        42166.00        18633.00       

  机器利用率: 776.59% (忙碌时间: 375561.00 / 总时间: 48360.22)

批处理机1:
工件号      工序号             开始时间            结束时间            加工时长           
--------------------------------------------------------------------------------

  机器利用率: 0.00% (忙碌时间: 0.00 / 总时间: 48360.22)

批处理机2:
工件号      工序号             开始时间            结束时间            加工时长           
--------------------------------------------------------------------------------
  1        1               11679.00        12480.00        801.00         
  10       1               11679.00        12480.00        801.00         
  11       1               11679.00        12480.00        801.00         
  12       1               11679.00        12480.00        801.00         
  20       1               11679.00        12480.00        801.00         
  21       1               11679.00        12480.00        801.00         
  25       1               11679.00        12480.00        801.00         
  45       1               11679.00        12480.00        801.00         
  48       1               11679.00        12480.00        801.00         
  6        1               19389.57        20190.57        801.00         
  8        1               19389.57        20190.57        801.00         
  24       1               19389.57        20190.57        801.00         
  27       1               19389.57        20190.57        801.00         
  35       1               19389.57        20190.57        801.00         
  40       1               19389.57        20190.57        801.00         
  42       1               19389.57        20190.57        801.00         
  43       1               19389.57        20190.57        801.00         
  44       1               19389.57        20190.57        801.00         
  47       1               19389.57        20190.57        801.00         
  0        1               23533.00        24334.00        801.00         
  5        1               23533.00        24334.00        801.00         
  7        1               23533.00        24334.00        801.00         
  14       1               23533.00        24334.00        801.00         
  17       1               23533.00        24334.00        801.00         
  19       1               23533.00        24334.00        801.00         
  26       1               23533.00        24334.00        801.00         
  28       1               23533.00        24334.00        801.00         
  32       1               23533.00        24334.00        801.00         
  33       1               23533.00        24334.00        801.00         
  34       1               23533.00        24334.00        801.00         
  49       1               23533.00        24334.00        801.00         
  2        1               30020.22        30821.22        801.00         
  3        1               30020.22        30821.22        801.00         
  13       1               30020.22        30821.22        801.00         
  15       1               30020.22        30821.22        801.00         
  16       1               30020.22        30821.22        801.00         
  22       1               30020.22        30821.22        801.00         
  30       1               30020.22        30821.22        801.00         
  31       1               30020.22        30821.22        801.00         
  36       1               30020.22        30821.22        801.00         
  37       1               30020.22        30821.22        801.00         
  38       1               30020.22        30821.22        801.00         
  39       1               30020.22        30821.22        801.00         
  41       1               30020.22        30821.22        801.00         
  46       1               30020.22        30821.22        801.00         
  4        1               42166.00        42967.00        801.00         
  9        1               42166.00        42967.00        801.00         
  18       1               42166.00        42967.00        801.00         
  23       1               42166.00        42967.00        801.00         
  29       1               42166.00        42967.00        801.00         

  机器利用率: 82.82% (忙碌时间: 40050.00 / 总时间: 48360.22)

离散机1:
工件号      工序号             开始时间            结束时间            加工时长           
--------------------------------------------------------------------------------
  1        2               12480.00        13808.00        1328.00        
  11       3               13808.00        14741.00        933.00         
  11       5               18030.00        19048.00        1018.00        
  35       2               20190.57        21362.57        1172.00        
  47       3               21469.57        22773.57        1304.00        
  14       2               24334.00        25347.00        1013.00        
  26       4               27562.00        28647.00        1085.00        
  33       3               28647.00        29901.00        1254.00        
  26       6               30437.00        31543.00        1106.00        
  26       7               31543.00        33222.00        1679.00        
  38       4               33676.22        34991.22        1315.00        
  32       5               34991.22        36655.22        1664.00        
  22       2               36655.22        37800.22        1145.00        
  46       5               37800.22        38707.22        907.00         
  41       6               38732.22        39747.22        1015.00        
  46       6               39747.22        41170.22        1423.00        
  34       4               41170.22        42264.22        1094.00        
  41       8               42264.22        44040.22        1776.00        
  18       3               44040.22        45736.22        1696.00        
  46       9               45736.22        46712.22        976.00         
  41       9               46712.22        48029.22        1317.00        

  机器利用率: 54.22% (忙碌时间: 26220.00 / 总时间: 48360.22)

离散机2:
工件号      工序号             开始时间            结束时间            加工时长           
--------------------------------------------------------------------------------
  44       3               22845.57        24142.57        1297.00        
  19       2               24334.00        25362.00        1028.00        
  26       2               25362.00        26658.00        1296.00        
  32       2               26658.00        28074.00        1416.00        
  17       3               28074.00        29049.00        975.00         
  14       3               29049.00        30597.00        1548.00        
  49       2               30597.00        31564.00        967.00         
  37       3               31933.22        33724.22        1791.00        
  41       3               33724.22        35042.22        1318.00        
  37       5               35042.22        36694.22        1652.00        
  47       6               36694.22        38133.22        1439.00        
  44       5               38133.22        39747.22        1614.00        
  2        2               39747.22        40925.22        1178.00        
  16       7               40925.22        41949.22        1024.00        
  26       9               41949.22        42916.22        967.00         
  18       2               42967.00        43918.00        951.00         
  33       4               43918.00        45671.00        1753.00        

  机器利用率: 45.93% (忙碌时间: 22214.00 / 总时间: 48360.22)

离散机3:
工件号      工序号             开始时间            结束时间            加工时长           
--------------------------------------------------------------------------------
  10       2               12480.00        13671.00        1191.00        
  45       2               13671.00        14923.00        1252.00        
  1        4               15368.00        16376.00        1008.00        
  45       3               16376.00        17893.00        1517.00        
  25       3               17893.00        18890.00        997.00         
  40       2               20190.57        21110.57        920.00         
  27       3               21156.57        22236.57        1080.00        
  27       4               22236.57        23868.57        1632.00        
  7        2               24334.00        25825.00        1491.00        
  27       5               25825.00        27295.00        1470.00        
  35       3               27295.00        28609.00        1314.00        
  5        2               28609.00        29738.00        1129.00        
  8        2               29738.00        30713.00        975.00         
  38       2               30821.22        31993.22        1172.00        
  38       3               31993.22        33676.22        1683.00        
  39       2               33676.22        35302.22        1626.00        
  13       4               35302.22        36338.22        1036.00        
  14       4               36338.22        37547.22        1209.00        
  32       7               37604.22        39318.22        1714.00        
  31       2               39318.22        40312.22        994.00         
  37       6               40312.22        41676.22        1364.00        
  46       7               41676.22        43034.22        1358.00        
  7        6               43034.22        44362.22        1328.00        
  1        9               44362.22        45729.22        1367.00        
  18       4               45736.22        46982.22        1246.00        

  机器利用率: 66.32% (忙碌时间: 32073.00 / 总时间: 48360.22)

离散机4:
工件号      工序号             开始时间            结束时间            加工时长           
--------------------------------------------------------------------------------
  20       2               12480.00        13859.00        1379.00        
  10       5               18888.00        20099.00        1211.00        
  43       2               20190.57        21816.57        1626.00        
  44       2               21816.57        22845.57        1029.00        
  47       4               22845.57        23928.57        1083.00        
  44       4               24142.57        25452.57        1310.00        
  6        4               25452.57        26796.57        1344.00        
  40       3               26796.57        28072.57        1276.00        
  32       3               28074.00        29446.00        1372.00        
  24       4               29446.00        30749.00        1303.00        
  41       2               30821.22        32524.22        1703.00        
  15       2               32524.22        33604.22        1080.00        
  46       3               33604.22        35348.22        1744.00        
  46       4               35348.22        36571.22        1223.00        
  17       4               36571.22        38350.22        1779.00        
  38       5               38350.22        39788.22        1438.00        
  24       5               39788.22        40898.22        1110.00        
  14       7               40898.22        42177.22        1279.00        
  42       2               42177.22        43395.22        1218.00        
  4        2               43395.22        44303.22        908.00         
  9        2               44303.22        45704.22        1401.00        
  31       4               45704.22        47174.22        1470.00        

  机器利用率: 60.56% (忙碌时间: 29286.00 / 总时间: 48360.22)

离散机5:
工件号      工序号             开始时间            结束时间            加工时长           
--------------------------------------------------------------------------------
  11       2               12480.00        13406.00        926.00         
  12       2               13406.00        15022.00        1616.00        
  10       3               15022.00        16466.00        1444.00        
  11       4               16466.00        18030.00        1564.00        
  12       3               18030.00        19272.00        1242.00        
  1        6               19272.00        20467.00        1195.00        
  48       2               20467.00        21466.00        999.00         
  24       3               22735.57        24528.57        1793.00        
  34       2               24528.57        25718.57        1190.00        
  26       3               26658.00        27562.00        904.00         
  1        8               27562.00        29184.00        1622.00        
  34       3               29184.00        30581.00        1397.00        
  13       2               30821.22        31893.22        1072.00        
  7        4               31893.22        32954.22        1061.00        
  5        3               32954.22        34524.22        1570.00        
  16       4               34772.22        36531.22        1759.00        
  41       4               36531.22        37615.22        1084.00        
  41       5               37615.22        38732.22        1117.00        
  16       6               38732.22        40502.22        1770.00        
  31       3               40502.22        41638.22        1136.00        
  7        5               41638.22        42766.22        1128.00        
  38       6               42766.22        44090.22        1324.00        
  8        3               44090.22        45826.22        1736.00        
  17       7               45826.22        47274.22        1448.00        

  机器利用率: 66.37% (忙碌时间: 32097.00 / 总时间: 48360.22)

离散机6:
工件号      工序号             开始时间            结束时间            加工时长           
--------------------------------------------------------------------------------
  21       2               12480.00        13470.00        990.00         
  47       5               23928.57        25271.57        1343.00        
  19       3               25362.00        26486.00        1124.00        
  19       5               27883.00        29629.00        1746.00        
  43       6               29629.00        30593.00        964.00         
  46       2               30821.22        31825.22        1004.00        
  16       2               31825.22        33130.22        1305.00        
  16       3               33130.22        34772.22        1642.00        
  26       8               34772.22        35957.22        1185.00        
  16       5               36531.22        37884.22        1353.00        
  22       3               37884.22        39380.22        1496.00        
  41       7               39747.22        41497.22        1750.00        
  22       4               41497.22        42721.22        1224.00        
  14       8               42721.22        43942.22        1221.00        
  37       9               44345.22        45649.22        1304.00        
  33       5               45671.00        46996.00        1325.00        
  9        3               46996.00        47911.00        915.00         

  机器利用率: 45.27% (忙碌时间: 21891.00 / 总时间: 48360.22)

离散机7:
工件号      工序号             开始时间            结束时间            加工时长           
--------------------------------------------------------------------------------
  1        3               13808.00        15368.00        1560.00        
  47       2               20190.57        21469.57        1279.00        
  6        2               21469.57        23067.57        1598.00        
  6        3               23067.57        24202.57        1135.00        
  17       2               24334.00        25782.00        1448.00        
  1        7               25782.00        26906.00        1124.00        
  27       6               27295.00        28427.00        1132.00        
  26       5               28647.00        30437.00        1790.00        
  37       2               30821.22        31933.22        1112.00        
  32       4               31933.22        33656.22        1723.00        
  37       4               33724.22        34701.22        977.00         
  27       7               34701.22        36364.22        1663.00        
  19       6               36364.22        38026.22        1662.00        
  47       7               38133.22        39179.22        1046.00        
  14       6               39179.22        40198.22        1019.00        
  32       8               40198.22        41316.22        1118.00        
  27       8               41316.22        42309.22        993.00         
  34       5               42309.22        43219.22        910.00         
  46       8               43219.22        44470.22        1251.00        
  17       6               44470.22        45820.22        1350.00        
  14       9               45820.22        46853.22        1033.00        
  18       5               46982.22        48360.22        1378.00        

  机器利用率: 58.52% (忙碌时间: 28301.00 / 总时间: 48360.22)

离散机8:
工件号      工序号             开始时间            结束时间            加工时长           
--------------------------------------------------------------------------------
  25       2               12480.00        13784.00        1304.00        
  1        5               16376.00        17290.00        914.00         
  10       4               17290.00        18888.00        1598.00        
  27       2               20190.57        21156.57        966.00         
  24       2               21156.57        22735.57        1579.00        
  43       3               22735.57        23971.57        1236.00        
  43       4               23971.57        25557.57        1586.00        
  33       2               25557.57        26465.57        908.00         
  19       4               26486.00        27883.00        1397.00        
  43       5               27883.00        29507.00        1624.00        
  7        3               29507.00        30735.00        1228.00        
  3        2               30821.22        31775.22        954.00         
  30       2               31775.22        32688.22        913.00         
  13       3               32688.22        33829.22        1141.00        
  3        3               33829.22        35061.22        1232.00        
  35       4               35061.22        36634.22        1573.00        
  32       6               36655.22        37604.22        949.00         
  14       5               37604.22        38540.22        936.00         
  17       5               38540.22        39655.22        1115.00        
  13       5               39655.22        41158.22        1503.00        
  43       7               41158.22        42347.22        1189.00        
  37       7               42347.22        43330.22        983.00         
  37       8               43330.22        44345.22        1015.00        
  16       8               44345.22        45474.22        1129.00        
  38       7               45474.22        46738.22        1264.00        
  4        3               46738.22        48248.22        1510.00        

  机器利用率: 65.64% (忙碌时间: 31746.00 / 总时间: 48360.22)

【打印批次详细信息】
----------------------------------------------------------------------------------------------------

打印机 1 (尺寸: 959.0 x 556.0 x 637.0):
--------------------------------------------------------------------------------
  批次 1: 零件数=9, 占用率=43.86%
    - 1: 尺寸 156.0 x 100.0 x 15.0
    - 21: 尺寸 410.0 x 160.0 x 16.0
    - 48: 尺寸 102.0 x 126.0 x 18.0
    - 20: 尺寸 163.0 x 101.0 x 15.0
    - 11: 尺寸 88.0 x 104.0 x 18.0
    - 45: 尺寸 180.0 x 148.0 x 18.0
    - 25: 尺寸 151.0 x 172.0 x 12.0
    - 12: 尺寸 245.0 x 142.0 x 18.0
    - 10: 尺寸 194.0 x 138.0 x 15.0

打印机 2 (尺寸: 1065.0 x 543.0 x 602.0):
--------------------------------------------------------------------------------
  批次 1: 零件数=10, 占用率=80.57%
    - 6: 尺寸 108.0 x 111.0 x 38.0
    - 47: 尺寸 192.0 x 119.0 x 44.0
    - 42: 尺寸 755.0 x 256.0 x 39.0
    - 35: 尺寸 103.0 x 147.0 x 59.0
    - 27: 尺寸 119.0 x 217.0 x 31.0
    - 8: 尺寸 206.0 x 110.0 x 51.0
    - 44: 尺寸 260.0 x 113.0 x 81.0
    - 40: 尺寸 86.0 x 86.0 x 70.0
    - 24: 尺寸 386.0 x 230.0 x 28.0
    - 43: 尺寸 463.0 x 105.0 x 80.0

打印机 3 (尺寸: 1063.0 x 547.0 x 653.0):
--------------------------------------------------------------------------------
  批次 1: 零件数=14, 占用率=79.33%
    - 13: 尺寸 121.0 x 152.0 x 48.0
    - 46: 尺寸 82.0 x 85.0 x 162.0
    - 16: 尺寸 355.0 x 156.0 x 162.0
    - 31: 尺寸 493.0 x 212.0 x 153.0
    - 39: 尺寸 54.0 x 179.0 x 39.0
    - 38: 尺寸 96.0 x 138.0 x 154.0
    - 30: 尺寸 281.0 x 186.0 x 147.0
    - 3: 尺寸 144.0 x 126.0 x 147.0
    - 37: 尺寸 173.0 x 149.0 x 26.0
    - 41: 尺寸 255.0 x 171.0 x 63.0
    - 2: 尺寸 101.0 x 127.0 x 90.0
    - 36: 尺寸 101.0 x 153.0 x 109.0
    - 15: 尺寸 241.0 x 124.0 x 103.0
    - 22: 尺寸 434.0 x 127.0 x 170.0

打印机 4 (尺寸: 1129.0 x 587.0 x 561.0):
--------------------------------------------------------------------------------
  批次 1: 零件数=12, 占用率=84.85%
    - 32: 尺寸 277.0 x 302.0 x 45.0
    - 17: 尺寸 214.0 x 142.0 x 63.0
    - 26: 尺寸 125.0 x 134.0 x 33.0
    - 49: 尺寸 502.0 x 335.0 x 88.0
    - 19: 尺寸 119.0 x 89.0 x 84.0
    - 28: 尺寸 219.0 x 284.0 x 95.0
    - 34: 尺寸 123.0 x 99.0 x 97.0
    - 33: 尺寸 168.0 x 131.0 x 32.0
    - 0: 尺寸 104.0 x 52.0 x 52.0
    - 14: 尺寸 111.0 x 219.0 x 57.0
    - 5: 尺寸 502.0 x 240.0 x 99.0
    - 7: 尺寸 88.0 x 70.0 x 31.0
  批次 2: 零件数=5, 占用率=64.33%
    - 18: 尺寸 316.0 x 271.0 x 78.0
    - 4: 尺寸 756.0 x 142.0 x 77.0
    - 9: 尺寸 414.0 x 296.0 x 23.0
    - 23: 尺寸 350.0 x 159.0 x 46.0
    - 29: 尺寸 280.0 x 197.0 x 41.0

════════════════════════════════════════════════════════════════
