════════════════════════════════════════════════════════════════
              最优Cmax解的详细调度记录
════════════════════════════════════════════════════════════════

【基本信息】
----------------------------------------------------------------------------------------------------
Cmax (最大完工时间): 38879.86
能耗: 238.01 kWh
装箱质量: 0.3368
批次总数: 3
工件数量: 20
机器数量: 10 (打印机:3, 批处理机:2, 离散机:5)

【染色体编码】
----------------------------------------------------------------------------------------------------
工序序列 (OS): [18, 0, 14, 8, 3, 5, 16, 15, 7, 1, 12, 10, 19, 2, 17, 11, 6, 4, 9, 13, 2, 17, 14, 0, 3, 6, 4, 11, 0, 1, 9, 13, 16, 13, 17, 17, 17, 13, 8, 7, 10, 2, 14, 6, 3, 11, 4, 16, 4, 16, 1, 2, 0, 11, 7, 13, 6, 16, 9, 9, 3, 11, 4, 3, 0, 14, 6, 3, 4, 13, 0, 11, 8, 8, 6, 19, 18, 11, 1, 8, 1, 0, 14, 11, 0, 17, 8, 14, 17, 4, 1, 7, 14, 0, 4, 18, 14, 4, 3]
机器选择 (MS): [3, 1, 2, 2, 1, 3, 3, 2, 2, 2, 2, 3, 2, 2, 3, 1, 1, 2, 3, 3, 1, 1, 1, 1, 1, 2, 2, 1, 2, 2, 2, 2, 1, 1, 1, 1, 1, 1, 1, 1, 3, 1, 1, 2, 1, 1, 2, 1, 3, 1, 1, 3, 1, 2, 1, 2, 2, 1, 1, 1, 1, 2, 2, 2, 3, 1, 1, 2, 2, 1, 2, 3, 1, 1, 2, 2, 2, 1, 3, 2, 2, 1, 2, 2, 2, 1, 1, 1, 1, 1, 1, 2, 1, 1, 1, 2, 1, 1, 3]

【零件加工顺序记录】
----------------------------------------------------------------------------------------------------
工件号      工序号             机器号             开始时间            结束时间            加工时长           
----------------------------------------------------------------------------------------------------

工件 0:
  0        0               打印机1            0.00            17846.09        17846.09       
  0        1               批处理机2           17846.09        18941.09        1095.00        
  0        2               离散机1            18941.09        20017.09        1076.00        
  0        3               离散机4            20129.09        21273.09        1144.00        
  0        4               离散机5            22882.09        24234.09        1352.00        
  0        5               离散机4            24234.09        25172.09        938.00         
  0        6               离散机1            26824.09        27889.09        1065.00        
  0        7               离散机3            27910.09        29107.09        1197.00        
  0        8               离散机4            34250.86        35302.86        1052.00        
  0        9               离散机3            37632.86        38825.86        1193.00        

工件 1:
  1        0               打印机2            0.00            13812.30        13812.30       
  1        1               批处理机2           13812.30        14907.30        1095.00        
  1        2               离散机5            14907.30        16168.30        1261.00        
  1        3               离散机5            16168.30        17094.30        926.00         
  1        4               离散机4            17170.30        18381.30        1211.00        
  1        5               离散机5            19093.30        20014.30        921.00         
  1        6               离散机1            32228.86        33356.86        1128.00        

工件 2:
  2        0               打印机2            0.00            13812.30        13812.30       
  2        1               批处理机2           13812.30        14907.30        1095.00        
  2        2               离散机1            14907.30        16499.30        1592.00        
  2        3               离散机1            21246.09        22403.09        1157.00        
  2        4               离散机2            22403.09        23374.09        971.00         

工件 3:
  3        0               打印机1            0.00            17846.09        17846.09       
  3        1               批处理机2           17846.09        18941.09        1095.00        
  3        2               离散机3            18941.09        20516.09        1575.00        
  3        3               离散机4            22207.09        24007.09        1800.00        
  3        4               离散机5            24234.09        25798.09        1564.00        
  3        5               离散机1            25798.09        26824.09        1026.00        
  3        6               离散机4            26824.09        28279.09        1455.00        
  3        7               离散机4            36244.86        37910.86        1666.00        

工件 4:
  4        0               打印机2            0.00            13812.30        13812.30       
  4        1               批处理机2           13812.30        14907.30        1095.00        
  4        2               离散机1            16499.30        18085.30        1586.00        
  4        3               离散机3            21477.09        23142.09        1665.00        
  4        4               离散机1            23142.09        24634.09        1492.00        
  4        5               离散机2            24634.09        25923.09        1289.00        
  4        6               离散机2            25923.09        27395.09        1472.00        
  4        7               离散机5            33436.86        34341.86        905.00         
  4        8               离散机4            35302.86        36244.86        942.00         
  4        9               离散机1            37388.86        38803.86        1415.00        

工件 5:
  5        0               打印机3            0.00            28723.86        28723.86       
  5        1               批处理机2           28723.86        29818.86        1095.00        

工件 6:
  6        0               打印机1            0.00            17846.09        17846.09       
  6        1               批处理机2           17846.09        18941.09        1095.00        
  6        2               离散机4            18941.09        20129.09        1188.00        
  6        3               离散机4            21273.09        22207.09        934.00         
  6        4               离散机3            23142.09        24803.09        1661.00        
  6        5               离散机4            25172.09        26411.09        1239.00        
  6        6               离散机3            26632.09        27910.09        1278.00        

工件 7:
  7        0               打印机2            0.00            13812.30        13812.30       
  7        1               批处理机2           13812.30        14907.30        1095.00        
  7        2               离散机3            14907.30        16603.30        1696.00        
  7        3               离散机5            17094.30        18149.30        1055.00        
  7        4               离散机5            20014.30        21451.30        1437.00        

工件 8:
  8        0               打印机2            0.00            13812.30        13812.30       
  8        1               批处理机2           13812.30        14907.30        1095.00        
  8        2               离散机1            20017.09        21246.09        1229.00        
  8        3               离散机2            21246.09        22356.09        1110.00        
  8        4               离散机5            27730.09        29358.09        1628.00        
  8        5               离散机4            33315.86        34250.86        935.00         
  8        6               离散机5            35371.86        36874.86        1503.00        

工件 9:
  9        0               打印机3            0.00            28723.86        28723.86       
  9        1               批处理机2           28723.86        29818.86        1095.00        
  9        2               离散机2            29818.86        31390.86        1572.00        
  9        3               离散机4            31875.86        33315.86        1440.00        
  9        4               离散机3            34337.86        36047.86        1710.00        

工件 10:
  10       0               打印机3            0.00            28723.86        28723.86       
  10       1               批处理机2           28723.86        29818.86        1095.00        
  10       2               离散机4            30857.86        31875.86        1018.00        

工件 11:
  11       0               打印机1            0.00            17846.09        17846.09       
  11       1               批处理机2           17846.09        18941.09        1095.00        
  11       2               离散机3            20516.09        21477.09        961.00         
  11       3               离散机5            21477.09        22882.09        1405.00        
  11       4               离散机1            24634.09        25634.09        1000.00        
  11       5               离散机3            25634.09        26632.09        998.00         
  11       6               离散机5            26632.09        27730.09        1098.00        
  11       7               离散机1            27889.09        29349.09        1460.00        
  11       8               离散机5            29358.09        30526.09        1168.00        

工件 12:
  12       0               打印机2            0.00            13812.30        13812.30       
  12       1               批处理机2           13812.30        14907.30        1095.00        

工件 13:
  13       0               打印机3            0.00            28723.86        28723.86       
  13       1               批处理机2           28723.86        29818.86        1095.00        
  13       2               离散机3            29818.86        31006.86        1188.00        
  13       3               离散机5            31006.86        32126.86        1120.00        
  13       4               离散机5            32126.86        33436.86        1310.00        
  13       5               离散机1            33436.86        34345.86        909.00         
  13       6               离散机5            34345.86        35371.86        1026.00        

工件 14:
  14       0               打印机2            0.00            13812.30        13812.30       
  14       1               批处理机2           13812.30        14907.30        1095.00        
  14       2               离散机4            14907.30        16264.30        1357.00        
  14       3               离散机4            16264.30        17170.30        906.00         
  14       4               离散机3            17170.30        18335.30        1165.00        
  14       5               离散机2            18335.30        19879.30        1544.00        
  14       6               离散机2            19879.30        20892.30        1013.00        
  14       7               离散机4            28279.09        29787.09        1508.00        
  14       8               离散机1            35880.86        37388.86        1508.00        

工件 15:
  15       0               打印机2            0.00            13812.30        13812.30       
  15       1               批处理机2           13812.30        14907.30        1095.00        

工件 16:
  16       0               打印机3            0.00            28723.86        28723.86       
  16       1               批处理机2           28723.86        29818.86        1095.00        
  16       2               离散机1            29818.86        31105.86        1287.00        
  16       3               离散机2            31390.86        33113.86        1723.00        
  16       4               离散机2            33113.86        34200.86        1087.00        
  16       5               离散机1            34345.86        35880.86        1535.00        

工件 17:
  17       0               打印机3            0.00            28723.86        28723.86       
  17       1               批处理机2           28723.86        29818.86        1095.00        
  17       2               离散机4            29818.86        30857.86        1039.00        
  17       3               离散机3            31006.86        32605.86        1599.00        
  17       4               离散机3            32605.86        34337.86        1732.00        
  17       5               离散机2            34337.86        36122.86        1785.00        
  17       6               离散机3            36122.86        37632.86        1510.00        
  17       7               离散机5            37632.86        38879.86        1247.00        

工件 18:
  18       0               打印机3            0.00            28723.86        28723.86       
  18       1               批处理机2           28723.86        29818.86        1095.00        
  18       2               离散机1            31105.86        32228.86        1123.00        
  18       3               离散机2            36122.86        37383.86        1261.00        

工件 19:
  19       0               打印机2            0.00            13812.30        13812.30       
  19       1               批处理机2           13812.30        14907.30        1095.00        
  19       2               离散机5            18149.30        19093.30        944.00         

【机器加工顺序记录】
----------------------------------------------------------------------------------------------------

打印机1:
工件号      工序号             开始时间            结束时间            加工时长           
--------------------------------------------------------------------------------
  0        0               0.00            17846.09        17846.09       
  3        0               0.00            17846.09        17846.09       
  6        0               0.00            17846.09        17846.09       
  11       0               0.00            17846.09        17846.09       

  机器利用率: 183.60% (忙碌时间: 71384.36 / 总时间: 38879.86)

打印机2:
工件号      工序号             开始时间            结束时间            加工时长           
--------------------------------------------------------------------------------
  1        0               0.00            13812.30        13812.30       
  2        0               0.00            13812.30        13812.30       
  4        0               0.00            13812.30        13812.30       
  7        0               0.00            13812.30        13812.30       
  8        0               0.00            13812.30        13812.30       
  12       0               0.00            13812.30        13812.30       
  14       0               0.00            13812.30        13812.30       
  15       0               0.00            13812.30        13812.30       
  19       0               0.00            13812.30        13812.30       

  机器利用率: 319.73% (忙碌时间: 124310.74 / 总时间: 38879.86)

打印机3:
工件号      工序号             开始时间            结束时间            加工时长           
--------------------------------------------------------------------------------
  5        0               0.00            28723.86        28723.86       
  9        0               0.00            28723.86        28723.86       
  10       0               0.00            28723.86        28723.86       
  13       0               0.00            28723.86        28723.86       
  16       0               0.00            28723.86        28723.86       
  17       0               0.00            28723.86        28723.86       
  18       0               0.00            28723.86        28723.86       

  机器利用率: 517.15% (忙碌时间: 201067.00 / 总时间: 38879.86)

批处理机1:
工件号      工序号             开始时间            结束时间            加工时长           
--------------------------------------------------------------------------------

  机器利用率: 0.00% (忙碌时间: 0.00 / 总时间: 38879.86)

批处理机2:
工件号      工序号             开始时间            结束时间            加工时长           
--------------------------------------------------------------------------------
  1        1               13812.30        14907.30        1095.00        
  2        1               13812.30        14907.30        1095.00        
  4        1               13812.30        14907.30        1095.00        
  7        1               13812.30        14907.30        1095.00        
  8        1               13812.30        14907.30        1095.00        
  12       1               13812.30        14907.30        1095.00        
  14       1               13812.30        14907.30        1095.00        
  15       1               13812.30        14907.30        1095.00        
  19       1               13812.30        14907.30        1095.00        
  0        1               17846.09        18941.09        1095.00        
  3        1               17846.09        18941.09        1095.00        
  6        1               17846.09        18941.09        1095.00        
  11       1               17846.09        18941.09        1095.00        
  5        1               28723.86        29818.86        1095.00        
  9        1               28723.86        29818.86        1095.00        
  10       1               28723.86        29818.86        1095.00        
  13       1               28723.86        29818.86        1095.00        
  16       1               28723.86        29818.86        1095.00        
  17       1               28723.86        29818.86        1095.00        
  18       1               28723.86        29818.86        1095.00        

  机器利用率: 56.33% (忙碌时间: 21900.00 / 总时间: 38879.86)

离散机1:
工件号      工序号             开始时间            结束时间            加工时长           
--------------------------------------------------------------------------------
  2        2               14907.30        16499.30        1592.00        
  4        2               16499.30        18085.30        1586.00        
  0        2               18941.09        20017.09        1076.00        
  8        2               20017.09        21246.09        1229.00        
  2        3               21246.09        22403.09        1157.00        
  4        4               23142.09        24634.09        1492.00        
  11       4               24634.09        25634.09        1000.00        
  3        5               25798.09        26824.09        1026.00        
  0        6               26824.09        27889.09        1065.00        
  11       7               27889.09        29349.09        1460.00        
  16       2               29818.86        31105.86        1287.00        
  18       2               31105.86        32228.86        1123.00        
  1        6               32228.86        33356.86        1128.00        
  13       5               33436.86        34345.86        909.00         
  16       5               34345.86        35880.86        1535.00        
  14       8               35880.86        37388.86        1508.00        
  4        9               37388.86        38803.86        1415.00        

  机器利用率: 55.52% (忙碌时间: 21588.00 / 总时间: 38879.86)

离散机2:
工件号      工序号             开始时间            结束时间            加工时长           
--------------------------------------------------------------------------------
  14       5               18335.30        19879.30        1544.00        
  14       6               19879.30        20892.30        1013.00        
  8        3               21246.09        22356.09        1110.00        
  2        4               22403.09        23374.09        971.00         
  4        5               24634.09        25923.09        1289.00        
  4        6               25923.09        27395.09        1472.00        
  9        2               29818.86        31390.86        1572.00        
  16       3               31390.86        33113.86        1723.00        
  16       4               33113.86        34200.86        1087.00        
  17       5               34337.86        36122.86        1785.00        
  18       3               36122.86        37383.86        1261.00        

  机器利用率: 38.14% (忙碌时间: 14827.00 / 总时间: 38879.86)

离散机3:
工件号      工序号             开始时间            结束时间            加工时长           
--------------------------------------------------------------------------------
  7        2               14907.30        16603.30        1696.00        
  14       4               17170.30        18335.30        1165.00        
  3        2               18941.09        20516.09        1575.00        
  11       2               20516.09        21477.09        961.00         
  4        3               21477.09        23142.09        1665.00        
  6        4               23142.09        24803.09        1661.00        
  11       5               25634.09        26632.09        998.00         
  6        6               26632.09        27910.09        1278.00        
  0        7               27910.09        29107.09        1197.00        
  13       2               29818.86        31006.86        1188.00        
  17       3               31006.86        32605.86        1599.00        
  17       4               32605.86        34337.86        1732.00        
  9        4               34337.86        36047.86        1710.00        
  17       6               36122.86        37632.86        1510.00        
  0        9               37632.86        38825.86        1193.00        

  机器利用率: 54.34% (忙碌时间: 21128.00 / 总时间: 38879.86)

离散机4:
工件号      工序号             开始时间            结束时间            加工时长           
--------------------------------------------------------------------------------
  14       2               14907.30        16264.30        1357.00        
  14       3               16264.30        17170.30        906.00         
  1        4               17170.30        18381.30        1211.00        
  6        2               18941.09        20129.09        1188.00        
  0        3               20129.09        21273.09        1144.00        
  6        3               21273.09        22207.09        934.00         
  3        3               22207.09        24007.09        1800.00        
  0        5               24234.09        25172.09        938.00         
  6        5               25172.09        26411.09        1239.00        
  3        6               26824.09        28279.09        1455.00        
  14       7               28279.09        29787.09        1508.00        
  17       2               29818.86        30857.86        1039.00        
  10       2               30857.86        31875.86        1018.00        
  9        3               31875.86        33315.86        1440.00        
  8        5               33315.86        34250.86        935.00         
  0        8               34250.86        35302.86        1052.00        
  4        8               35302.86        36244.86        942.00         
  3        7               36244.86        37910.86        1666.00        

  机器利用率: 56.00% (忙碌时间: 21772.00 / 总时间: 38879.86)

离散机5:
工件号      工序号             开始时间            结束时间            加工时长           
--------------------------------------------------------------------------------
  1        2               14907.30        16168.30        1261.00        
  1        3               16168.30        17094.30        926.00         
  7        3               17094.30        18149.30        1055.00        
  19       2               18149.30        19093.30        944.00         
  1        5               19093.30        20014.30        921.00         
  7        4               20014.30        21451.30        1437.00        
  11       3               21477.09        22882.09        1405.00        
  0        4               22882.09        24234.09        1352.00        
  3        4               24234.09        25798.09        1564.00        
  11       6               26632.09        27730.09        1098.00        
  8        4               27730.09        29358.09        1628.00        
  11       8               29358.09        30526.09        1168.00        
  13       3               31006.86        32126.86        1120.00        
  13       4               32126.86        33436.86        1310.00        
  4        7               33436.86        34341.86        905.00         
  13       6               34345.86        35371.86        1026.00        
  8        6               35371.86        36874.86        1503.00        
  17       7               37632.86        38879.86        1247.00        

  机器利用率: 56.25% (忙碌时间: 21870.00 / 总时间: 38879.86)

【打印批次详细信息】
----------------------------------------------------------------------------------------------------

打印机 1 (尺寸: 1168.0 x 443.0 x 687.0):
--------------------------------------------------------------------------------
  批次 1: 零件数=4, 占用率=72.06%
    - 0: 尺寸 581.0 x 352.0 x 68.0
    - 3: 尺寸 319.0 x 149.0 x 64.0
    - 6: 尺寸 257.0 x 432.0 x 14.0
    - 11: 尺寸 64.0 x 153.0 x 65.0

打印机 2 (尺寸: 1146.0 x 446.0 x 514.0):
--------------------------------------------------------------------------------
  批次 1: 零件数=9, 占用率=89.80%
    - 14: 尺寸 96.0 x 84.0 x 64.0
    - 8: 尺寸 334.0 x 192.0 x 17.0
    - 2: 尺寸 650.0 x 276.0 x 77.0
    - 19: 尺寸 69.0 x 169.0 x 37.0
    - 1: 尺寸 385.0 x 88.0 x 77.0
    - 15: 尺寸 346.0 x 168.0 x 15.0
    - 7: 尺寸 203.0 x 102.0 x 55.0
    - 4: 尺寸 136.0 x 142.0 x 38.0
    - 12: 尺寸 411.0 x 155.0 x 43.0

打印机 3 (尺寸: 1078.0 x 483.0 x 616.0):
--------------------------------------------------------------------------------
  批次 1: 零件数=7, 占用率=33.68%
    - 18: 尺寸 88.0 x 120.0 x 106.0
    - 5: 尺寸 251.0 x 183.0 x 90.0
    - 16: 尺寸 159.0 x 143.0 x 146.0
    - 10: 尺寸 82.0 x 148.0 x 195.0
    - 17: 尺寸 204.0 x 87.0 x 197.0
    - 9: 尺寸 213.0 x 149.0 x 90.0
    - 13: 尺寸 194.0 x 178.0 x 31.0

════════════════════════════════════════════════════════════════
