════════════════════════════════════════════════════════════════
              最优Cmax解的详细调度记录
════════════════════════════════════════════════════════════════

【基本信息】
----------------------------------------------------------------------------------------------------
Cmax (最大完工时间): 75419.00
能耗: 171.74 kWh
装箱质量: 0.1907
批次总数: 2
工件数量: 10
机器数量: 5 (打印机:2, 批处理机:1, 离散机:2)

【染色体编码】
----------------------------------------------------------------------------------------------------
工序序列 (OS): [6, 7, 2, 1, 4, 9, 8, 5, 0, 3, 0, 1, 9, 8, 6, 9, 2, 2, 1, 8, 9, 5, 9, 7, 0, 7, 6, 7, 1, 3, 0, 2, 1, 7, 1, 5, 1, 0, 9, 0, 8, 1, 6, 2, 7, 5, 1, 8, 7, 8, 5, 9, 9, 7, 0, 3, 2]
机器选择 (MS): [2, 1, 1, 2, 1, 2, 2, 2, 1, 2, 1, 1, 1, 2, 1, 1, 1, 2, 1, 1, 2, 1, 2, 1, 1, 1, 1, 2, 2, 1, 1, 1, 1, 1, 2, 1, 1, 1, 1, 1, 1, 1, 2, 1, 1, 1, 2, 1, 1, 1, 1, 2, 1, 1, 1, 1, 1]

【零件加工顺序记录】
----------------------------------------------------------------------------------------------------
工件号      工序号             机器号             开始时间            结束时间            加工时长           
----------------------------------------------------------------------------------------------------

工件 0:
  0        0               打印机1            0.00            60116.00        60116.00       
  0        1               批处理机1           60116.00        61040.00        924.00         
  0        2               离散机2            61040.00        62520.00        1480.00        
  0        3               离散机1            64104.00        65358.00        1254.00        
  0        4               离散机2            65358.00        66495.00        1137.00        
  0        5               离散机2            66495.00        68049.00        1554.00        
  0        6               离散机1            70397.00        71716.00        1319.00        
  0        7               离散机2            73213.00        74219.00        1006.00        

工件 1:
  1        0               打印机2            0.00            44131.56        44131.56       
  1        1               批处理机1           44131.56        45055.56        924.00         
  1        2               离散机1            45055.56        46320.56        1265.00        
  1        3               离散机2            47222.56        48664.56        1442.00        
  1        4               离散机1            49562.56        50884.56        1322.00        
  1        5               离散机2            56001.56        57649.56        1648.00        
  1        6               离散机2            57649.56        58797.56        1148.00        
  1        7               离散机2            58797.56        59958.56        1161.00        
  1        8               离散机2            59958.56        60995.56        1037.00        
  1        9               离散机1            71716.00        73217.00        1501.00        

工件 2:
  2        0               打印机1            0.00            60116.00        60116.00       
  2        1               批处理机1           60116.00        61040.00        924.00         
  2        2               离散机1            61040.00        62051.00        1011.00        
  2        3               离散机1            62051.00        63061.00        1010.00        
  2        4               离散机1            68053.00        69220.00        1167.00        
  2        5               离散机2            69220.00        70887.00        1667.00        
  2        6               离散机2            74219.00        75223.00        1004.00        

工件 3:
  3        0               打印机2            0.00            44131.56        44131.56       
  3        1               批处理机1           44131.56        45055.56        924.00         
  3        2               离散机2            54385.56        56001.56        1616.00        
  3        3               离散机1            59479.56        61001.56        1522.00        

工件 4:
  4        0               打印机1            0.00            60116.00        60116.00       
  4        1               批处理机1           60116.00        61040.00        924.00         

工件 5:
  5        0               打印机2            0.00            44131.56        44131.56       
  5        1               批处理机1           44131.56        45055.56        924.00         
  5        2               离散机1            48642.56        49562.56        920.00         
  5        3               离散机1            50884.56        51789.56        905.00         
  5        4               离散机1            56223.56        57729.56        1506.00        
  5        5               离散机2            63957.00        65255.00        1298.00        

工件 6:
  6        0               打印机2            0.00            44131.56        44131.56       
  6        1               批处理机1           44131.56        45055.56        924.00         
  6        2               离散机1            47640.56        48642.56        1002.00        
  6        3               离散机2            52925.56        54385.56        1460.00        
  6        4               离散机1            54550.56        56223.56        1673.00        

工件 7:
  7        0               打印机1            0.00            60116.00        60116.00       
  7        1               批处理机1           60116.00        61040.00        924.00         
  7        2               离散机1            63061.00        64104.00        1043.00        
  7        3               离散机1            65358.00        66571.00        1213.00        
  7        4               离散机1            66571.00        68053.00        1482.00        
  7        5               离散机1            69220.00        70397.00        1177.00        
  7        6               离散机2            70887.00        71959.00        1072.00        
  7        7               离散机1            73217.00        74254.00        1037.00        
  7        8               离散机1            74254.00        75419.00        1165.00        

工件 8:
  8        0               打印机2            0.00            44131.56        44131.56       
  8        1               批处理机1           44131.56        45055.56        924.00         
  8        2               离散机1            46320.56        47640.56        1320.00        
  8        3               离散机2            48664.56        50062.56        1398.00        
  8        4               离散机1            51789.56        52879.56        1090.00        
  8        5               离散机1            57729.56        59479.56        1750.00        
  8        6               离散机2            62520.00        63957.00        1437.00        

工件 9:
  9        0               打印机2            0.00            44131.56        44131.56       
  9        1               批处理机1           44131.56        45055.56        924.00         
  9        2               离散机2            45055.56        46128.56        1073.00        
  9        3               离散机2            46128.56        47222.56        1094.00        
  9        4               离散机2            50062.56        51718.56        1656.00        
  9        5               离散机2            51718.56        52925.56        1207.00        
  9        6               离散机1            52925.56        54550.56        1625.00        
  9        7               离散机2            68049.00        69154.00        1105.00        
  9        8               离散机2            71959.00        73213.00        1254.00        

【机器加工顺序记录】
----------------------------------------------------------------------------------------------------

打印机1:
工件号      工序号             开始时间            结束时间            加工时长           
--------------------------------------------------------------------------------
  0        0               0.00            60116.00        60116.00       
  2        0               0.00            60116.00        60116.00       
  4        0               0.00            60116.00        60116.00       
  7        0               0.00            60116.00        60116.00       

  机器利用率: 318.84% (忙碌时间: 240464.00 / 总时间: 75419.00)

打印机2:
工件号      工序号             开始时间            结束时间            加工时长           
--------------------------------------------------------------------------------
  1        0               0.00            44131.56        44131.56       
  3        0               0.00            44131.56        44131.56       
  5        0               0.00            44131.56        44131.56       
  6        0               0.00            44131.56        44131.56       
  8        0               0.00            44131.56        44131.56       
  9        0               0.00            44131.56        44131.56       

  机器利用率: 351.09% (忙碌时间: 264789.33 / 总时间: 75419.00)

批处理机1:
工件号      工序号             开始时间            结束时间            加工时长           
--------------------------------------------------------------------------------
  1        1               44131.56        45055.56        924.00         
  3        1               44131.56        45055.56        924.00         
  5        1               44131.56        45055.56        924.00         
  6        1               44131.56        45055.56        924.00         
  8        1               44131.56        45055.56        924.00         
  9        1               44131.56        45055.56        924.00         
  0        1               60116.00        61040.00        924.00         
  2        1               60116.00        61040.00        924.00         
  4        1               60116.00        61040.00        924.00         
  7        1               60116.00        61040.00        924.00         

  机器利用率: 12.25% (忙碌时间: 9240.00 / 总时间: 75419.00)

离散机1:
工件号      工序号             开始时间            结束时间            加工时长           
--------------------------------------------------------------------------------
  1        2               45055.56        46320.56        1265.00        
  8        2               46320.56        47640.56        1320.00        
  6        2               47640.56        48642.56        1002.00        
  5        2               48642.56        49562.56        920.00         
  1        4               49562.56        50884.56        1322.00        
  5        3               50884.56        51789.56        905.00         
  8        4               51789.56        52879.56        1090.00        
  9        6               52925.56        54550.56        1625.00        
  6        4               54550.56        56223.56        1673.00        
  5        4               56223.56        57729.56        1506.00        
  8        5               57729.56        59479.56        1750.00        
  3        3               59479.56        61001.56        1522.00        
  2        2               61040.00        62051.00        1011.00        
  2        3               62051.00        63061.00        1010.00        
  7        2               63061.00        64104.00        1043.00        
  0        3               64104.00        65358.00        1254.00        
  7        3               65358.00        66571.00        1213.00        
  7        4               66571.00        68053.00        1482.00        
  2        4               68053.00        69220.00        1167.00        
  7        5               69220.00        70397.00        1177.00        
  0        6               70397.00        71716.00        1319.00        
  1        9               71716.00        73217.00        1501.00        
  7        7               73217.00        74254.00        1037.00        
  7        8               74254.00        75419.00        1165.00        

  机器利用率: 40.15% (忙碌时间: 30279.00 / 总时间: 75419.00)

离散机2:
工件号      工序号             开始时间            结束时间            加工时长           
--------------------------------------------------------------------------------
  9        2               45055.56        46128.56        1073.00        
  9        3               46128.56        47222.56        1094.00        
  1        3               47222.56        48664.56        1442.00        
  8        3               48664.56        50062.56        1398.00        
  9        4               50062.56        51718.56        1656.00        
  9        5               51718.56        52925.56        1207.00        
  6        3               52925.56        54385.56        1460.00        
  3        2               54385.56        56001.56        1616.00        
  1        5               56001.56        57649.56        1648.00        
  1        6               57649.56        58797.56        1148.00        
  1        7               58797.56        59958.56        1161.00        
  1        8               59958.56        60995.56        1037.00        
  0        2               61040.00        62520.00        1480.00        
  8        6               62520.00        63957.00        1437.00        
  5        5               63957.00        65255.00        1298.00        
  0        4               65358.00        66495.00        1137.00        
  0        5               66495.00        68049.00        1554.00        
  9        7               68049.00        69154.00        1105.00        
  2        5               69220.00        70887.00        1667.00        
  7        6               70887.00        71959.00        1072.00        
  9        8               71959.00        73213.00        1254.00        
  0        7               73213.00        74219.00        1006.00        
  2        6               74219.00        75223.00        1004.00        

  机器利用率: 39.72% (忙碌时间: 29954.00 / 总时间: 75419.00)

【打印批次详细信息】
----------------------------------------------------------------------------------------------------

打印机 1 (尺寸: 913.0 x 423.0 x 594.0):
--------------------------------------------------------------------------------
  批次 1: 零件数=4, 占用率=42.73%
    - 7: 尺寸 433.0 x 196.0 x 199.0
    - 2: 尺寸 135.0 x 110.0 x 98.0
    - 4: 尺寸 285.0 x 113.0 x 66.0
    - 0: 尺寸 399.0 x 83.0 x 172.0

打印机 2 (尺寸: 1042.0 x 524.0 x 643.0):
--------------------------------------------------------------------------------
  批次 1: 零件数=6, 占用率=19.07%
    - 6: 尺寸 153.0 x 131.0 x 15.0
    - 1: 尺寸 89.0 x 160.0 x 74.0
    - 9: 尺寸 83.0 x 134.0 x 83.0
    - 8: 尺寸 246.0 x 121.0 x 35.0
    - 5: 尺寸 117.0 x 149.0 x 80.0
    - 3: 尺寸 180.0 x 64.0 x 65.0

════════════════════════════════════════════════════════════════
