════════════════════════════════════════════════════════════════
              Pareto前沿解集详细数据
════════════════════════════════════════════════════════════════

算例: J10P2B1D2_01
算法: NSGAII
运行次数: 1
解的数量: 28

----------------------------------------------------------------------------------------------------
序号       Cmax                 能耗(kWh)              装箱质量            批次数       
----------------------------------------------------------------------------------------------------
1        93156.00             130.90               0.6970          1         
2        75419.00             171.74               0.1907          2         
3        90005.00             143.69               0.0367          2         
4        84590.00             162.67               0.1123          2         
5        85515.00             149.32               0.0912          2         
6        90895.00             131.17               0.6970          1         
7        75485.00             170.92               0.1907          2         
8        78800.00             168.69               0.1384          2         
9        82217.00             167.41               0.0806          2         
10       88630.00             148.79               0.0545          2         
11       79165.00             168.13               0.1384          2         
12       83137.00             167.17               0.0806          2         
13       88831.00             143.87               0.0367          2         
14       83993.00             162.98               0.1123          2         
15       91465.00             130.96               0.6970          1         
16       89041.00             143.78               0.0367          2         
17       86206.00             149.01               0.0912          2         
18       87666.00             148.88               0.0545          2         
19       87170.00             148.93               0.0912          2         
20       82241.00             167.25               0.0806          2         
21       84000.00             162.70               0.1123          2         
22       85616.00             149.05               0.0912          2         
23       78810.00             168.22               0.1384          2         
24       87559.00             148.91               0.0545          2         
25       91100.00             131.05               0.6970          1         
26       88933.00             143.87               0.0367          2         
27       85587.00             149.19               0.0912          2         
28       91006.00             131.11               0.6970          1         
----------------------------------------------------------------------------------------------------

统计信息:
  Cmax范围: [75419.00, 93156.00]
  能耗范围: [130.90, 171.74] kWh
  Cmax跨度: 17737.00 (19.04%)
  能耗跨度: 40.84 (23.78%)

════════════════════════════════════════════════════════════════
