════════════════════════════════════════════════════════════════
              最优Cmax解的详细调度记录
════════════════════════════════════════════════════════════════

【基本信息】
----------------------------------------------------------------------------------------------------
Cmax (最大完工时间): 54919.29
能耗: 438.10 kWh
装箱质量: 0.6642
批次总数: 5
工件数量: 50
机器数量: 14 (打印机:4, 批处理机:2, 离散机:8)

【染色体编码】
----------------------------------------------------------------------------------------------------
工序序列 (OS): [10, 44, 27, 38, 29, 16, 42, 48, 19, 28, 6, 34, 22, 24, 33, 11, 30, 40, 2, 32, 41, 39, 47, 5, 26, 43, 36, 17, 8, 25, 46, 3, 37, 1, 4, 35, 13, 0, 18, 45, 49, 12, 9, 23, 21, 20, 7, 15, 31, 14, 19, 23, 47, 26, 17, 38, 3, 19, 6, 22, 12, 5, 25, 3, 15, 3, 19, 44, 49, 16, 44, 21, 1, 33, 32, 42, 25, 19, 10, 38, 5, 24, 26, 18, 16, 28, 34, 6, 15, 32, 0, 37, 15, 31, 17, 0, 2, 11, 33, 25, 18, 17, 3, 36, 45, 16, 30, 15, 19, 12, 37, 10, 12, 35, 34, 9, 33, 18, 12, 34, 7, 0, 38, 36, 9, 33, 47, 22, 6, 29, 29, 24, 18, 26, 47, 38, 22, 20, 5, 37, 2, 30, 14, 42, 0, 23, 15, 25, 25, 30, 46, 21, 7, 49, 37, 38, 4, 18, 33, 32, 5, 18, 4, 44, 37, 42, 22, 31, 7, 10, 3, 16, 11, 0, 44, 24, 33, 9, 17, 29, 38, 25, 20, 48, 13, 47, 10, 35, 11, 5, 19, 46, 31, 24, 0, 37, 16, 6, 18, 4, 30, 23, 32, 8, 15, 29, 36, 10, 28, 44, 5, 3, 3, 12, 28, 44, 4, 19, 37, 24, 35, 3, 15, 4, 23, 5, 33, 30, 24, 30, 46, 46, 11, 1, 36, 0, 6, 22, 25, 38, 40, 12, 9, 20, 49, 42, 29, 15, 9]
机器选择 (MS): [2, 2, 2, 2, 2, 2, 2, 1, 3, 2, 4, 2, 1, 2, 2, 1, 4, 1, 1, 3, 1, 3, 1, 3, 3, 3, 4, 1, 2, 3, 4, 2, 2, 3, 3, 2, 4, 2, 2, 2, 3, 2, 2, 3, 4, 2, 2, 2, 1, 3, 1, 1, 2, 1, 1, 1, 2, 1, 1, 3, 2, 3, 2, 1, 1, 1, 1, 3, 2, 1, 1, 2, 1, 2, 1, 2, 1, 3, 1, 1, 2, 3, 2, 1, 1, 1, 1, 1, 1, 3, 1, 1, 3, 1, 1, 2, 1, 1, 3, 3, 1, 2, 3, 2, 2, 1, 2, 1, 1, 1, 1, 1, 1, 3, 1, 3, 1, 2, 1, 3, 2, 1, 1, 1, 1, 2, 1, 1, 3, 1, 2, 2, 3, 1, 2, 1, 1, 1, 1, 1, 1, 1, 1, 1, 2, 3, 3, 1, 2, 1, 1, 1, 1, 3, 1, 1, 2, 1, 1, 2, 2, 1, 1, 1, 1, 1, 1, 1, 2, 1, 1, 2, 1, 2, 3, 2, 2, 1, 1, 1, 1, 1, 1, 2, 1, 1, 1, 2, 1, 1, 3, 1, 1, 1, 1, 3, 1, 2, 1, 2, 1, 3, 2, 1, 1, 1, 2, 1, 2, 2, 2, 1, 1, 3, 2, 2, 1, 1, 3, 1, 1, 2, 1, 1, 2, 3, 2, 1, 3, 1, 1, 1, 2, 2, 2, 1, 2, 1, 1, 1, 1, 1, 2, 1, 2, 2, 1, 3, 1]

【零件加工顺序记录】
----------------------------------------------------------------------------------------------------
工件号      工序号             机器号             开始时间            结束时间            加工时长           
----------------------------------------------------------------------------------------------------

工件 0:
  0        0               打印机2            0.00            25009.02        25009.02       
  0        1               批处理机1           25009.02        26074.02        1065.00        
  0        2               离散机1            26074.02        27402.02        1328.00        
  0        3               离散机4            30681.02        32100.02        1419.00        
  0        4               离散机7            35682.02        36633.02        951.00         
  0        5               离散机2            38472.29        39589.29        1117.00        
  0        6               离散机2            44083.29        45165.29        1082.00        
  0        7               离散机1            46752.29        48273.29        1521.00        
  0        8               离散机7            50862.29        52453.29        1591.00        

工件 1:
  1        0               打印机3            0.00            35765.29        35765.29       
  1        1               批处理机1           35765.29        36830.29        1065.00        
  1        2               离散机3            38344.29        39320.29        976.00         
  1        3               离散机3            53148.29        54624.29        1476.00        

工件 2:
  2        0               打印机1            0.00            32683.71        32683.71       
  2        1               批处理机1           32683.71        33748.71        1065.00        
  2        2               离散机8            33748.71        35124.71        1376.00        
  2        3               离散机6            41445.71        42476.71        1031.00        

工件 3:
  3        0               打印机2            0.00            25009.02        25009.02       
  3        1               批处理机1           25009.02        26074.02        1065.00        
  3        2               离散机7            26074.02        26994.02        920.00         
  3        3               离散机6            26994.02        28027.02        1033.00        
  3        4               离散机3            28027.02        29668.02        1641.00        
  3        5               离散机8            30601.02        31799.02        1198.00        
  3        6               离散机5            34637.02        35584.02        947.00         
  3        7               离散机5            36983.02        38274.02        1291.00        
  3        8               离散机6            49809.71        50904.71        1095.00        
  3        9               离散机8            53027.29        54181.29        1154.00        

工件 4:
  4        0               打印机3            0.00            35765.29        35765.29       
  4        1               批处理机1           35765.29        36830.29        1065.00        
  4        2               离散机2            39589.29        40559.29        970.00         
  4        3               离散机3            43158.29        44150.29        992.00         
  4        4               离散机7            46432.29        47535.29        1103.00        
  4        5               离散机4            47901.29        49245.29        1344.00        
  4        6               离散机6            50904.71        52339.71        1435.00        

工件 5:
  5        0               打印机3            0.00            35765.29        35765.29       
  5        1               批处理机1           35765.29        36830.29        1065.00        
  5        2               离散机2            36830.29        38472.29        1642.00        
  5        3               离散机5            39674.29        40771.29        1097.00        
  5        4               离散机3            41564.29        43158.29        1594.00        
  5        5               离散机6            43641.71        44589.71        948.00         
  5        6               离散机1            45703.29        46752.29        1049.00        
  5        7               离散机3            47494.29        48749.29        1255.00        
  5        8               离散机3            50713.29        51931.29        1218.00        

工件 6:
  6        0               打印机4            0.00            16148.00        16148.00       
  6        1               批处理机1           16148.00        17213.00        1065.00        
  6        2               离散机8            17213.00        18178.00        965.00         
  6        3               离散机4            18178.00        19742.00        1564.00        
  6        4               离散机4            19742.00        21399.00        1657.00        
  6        5               离散机3            21399.00        23155.00        1756.00        
  6        6               离散机4            24258.00        25251.00        993.00         

工件 7:
  7        0               打印机2            0.00            25009.02        25009.02       
  7        1               批处理机1           25009.02        26074.02        1065.00        
  7        2               离散机7            34232.02        35682.02        1450.00        
  7        3               离散机7            36633.02        38248.02        1615.00        
  7        4               离散机1            43336.29        44400.29        1064.00        

工件 8:
  8        0               打印机2            0.00            25009.02        25009.02       
  8        1               批处理机1           25009.02        26074.02        1065.00        
  8        2               离散机8            50944.29        52125.29        1181.00        

工件 9:
  9        0               打印机2            0.00            25009.02        25009.02       
  9        1               批处理机1           25009.02        26074.02        1065.00        
  9        2               离散机3            26074.02        27833.02        1759.00        
  9        3               离散机1            30160.02        31538.02        1378.00        
  9        4               离散机6            32374.02        33711.02        1337.00        
  9        5               离散机4            52092.29        53271.29        1179.00        
  9        6               离散机4            53271.29        54919.29        1648.00        

工件 10:
  10       0               打印机2            0.00            25009.02        25009.02       
  10       1               批处理机1           25009.02        26074.02        1065.00        
  10       2               离散机8            29084.02        30601.02        1517.00        
  10       3               离散机7            32881.02        34232.02        1351.00        
  10       4               离散机1            44400.29        45703.29        1303.00        
  10       5               离散机8            49953.29        50944.29        991.00         
  10       6               离散机8            52125.29        53027.29        902.00         

工件 11:
  11       0               打印机1            0.00            32683.71        32683.71       
  11       1               批处理机1           32683.71        33748.71        1065.00        
  11       2               离散机8            35124.71        36664.71        1540.00        
  11       3               离散机7            44348.29        45489.29        1141.00        
  11       4               离散机7            45489.29        46432.29        943.00         
  11       5               离散机4            49245.29        50282.29        1037.00        

工件 12:
  12       0               打印机2            0.00            25009.02        25009.02       
  12       1               批处理机1           25009.02        26074.02        1065.00        
  12       2               离散机8            27546.02        29084.02        1538.00        
  12       3               离散机3            29668.02        30983.02        1315.00        
  12       4               离散机4            32100.02        33145.02        1045.00        
  12       5               离散机1            34770.71        36332.71        1562.00        
  12       6               离散机3            48749.29        49761.29        1012.00        
  12       7               离散机7            52453.29        53660.29        1207.00        

工件 13:
  13       0               打印机4            0.00            16148.00        16148.00       
  13       1               批处理机1           16148.00        17213.00        1065.00        
  13       2               离散机4            23163.00        24258.00        1095.00        

工件 14:
  14       0               打印机3            0.00            35765.29        35765.29       
  14       1               批处理机1           35765.29        36830.29        1065.00        
  14       2               离散机1            37915.71        39450.71        1535.00        

工件 15:
  15       0               打印机2            0.00            25009.02        25009.02       
  15       1               批处理机1           25009.02        26074.02        1065.00        
  15       2               离散机4            26074.02        27391.02        1317.00        
  15       3               离散机6            31358.02        32374.02        1016.00        
  15       4               离散机5            32374.02        33434.02        1060.00        
  15       5               离散机6            35303.71        36622.71        1319.00        
  15       6               离散机8            42429.29        43780.29        1351.00        
  15       7               离散机6            48859.71        49809.71        950.00         
  15       8               离散机2            50039.29        51552.29        1513.00        
  15       9               离散机7            53660.29        54622.29        962.00         

工件 16:
  16       0               打印机2            0.00            25009.02        25009.02       
  16       1               批处理机1           25009.02        26074.02        1065.00        
  16       2               离散机7            26994.02        28195.02        1201.00        
  16       3               离散机4            29505.02        30681.02        1176.00        
  16       4               离散机7            31368.02        32881.02        1513.00        
  16       5               离散机5            35584.02        36983.02        1399.00        
  16       6               离散机1            48273.29        49832.29        1559.00        

工件 17:
  17       0               打印机1            0.00            32683.71        32683.71       
  17       1               批处理机1           32683.71        33748.71        1065.00        
  17       2               离散机3            33748.71        34649.71        901.00         
  17       3               离散机3            34649.71        35945.71        1296.00        
  17       4               离散机3            39320.29        40659.29        1339.00        
  17       5               离散机8            46527.29        47757.29        1230.00        

工件 18:
  18       0               打印机2            0.00            25009.02        25009.02       
  18       1               批处理机1           25009.02        26074.02        1065.00        
  18       2               离散机4            28460.02        29505.02        1045.00        
  18       3               离散机2            29505.02        30873.02        1368.00        
  18       4               离散机5            33434.02        34637.02        1203.00        
  18       5               离散机8            40394.29        41357.29        963.00         
  18       6               离散机7            41563.29        43245.29        1682.00        
  18       7               离散机8            43780.29        45445.29        1665.00        
  18       8               离散机2            46239.29        47162.29        923.00         

工件 19:
  19       0               打印机3            0.00            35765.29        35765.29       
  19       1               批处理机1           35765.29        36830.29        1065.00        
  19       2               离散机4            36830.29        38539.29        1709.00        
  19       3               离散机4            38539.29        39828.29        1289.00        
  19       4               离散机1            39828.29        40893.29        1065.00        
  19       5               离散机2            40893.29        42105.29        1212.00        
  19       6               离散机2            42105.29        43121.29        1016.00        
  19       7               离散机6            47336.71        48859.71        1523.00        
  19       8               离散机3            49761.29        50713.29        952.00         

工件 20:
  20       0               打印机2            25009.02        37941.76        12932.75       
  20       1               批处理机1           37941.76        39006.76        1065.00        
  20       2               离散机6            40494.71        41445.71        951.00         
  20       3               离散机8            47757.29        48813.29        1056.00        
  20       4               离散机6            53296.71        54505.71        1209.00        

工件 21:
  21       0               打印机4            0.00            16148.00        16148.00       
  21       1               批处理机1           16148.00        17213.00        1065.00        
  21       2               离散机8            18178.00        19213.00        1035.00        
  21       3               离散机6            19213.00        20680.00        1467.00        

工件 22:
  22       0               打印机1            0.00            32683.71        32683.71       
  22       1               批处理机1           32683.71        33748.71        1065.00        
  22       2               离散机2            33748.71        34909.71        1161.00        
  22       3               离散机1            36332.71        37915.71        1583.00        
  22       4               离散机3            40659.29        41564.29        905.00         
  22       5               离散机6            45650.71        47336.71        1686.00        
  22       6               离散机1            50864.29        52211.29        1347.00        

工件 23:
  23       0               打印机3            0.00            35765.29        35765.29       
  23       1               批处理机1           35765.29        36830.29        1065.00        
  23       2               离散机8            36830.29        37893.29        1063.00        
  23       3               离散机1            41870.29        43336.29        1466.00        
  23       4               离散机2            47162.29        48598.29        1436.00        
  23       5               离散机6            52339.71        53296.71        957.00         

工件 24:
  24       0               打印机2            0.00            25009.02        25009.02       
  24       1               批处理机1           25009.02        26074.02        1065.00        
  24       2               离散机2            26074.02        27314.02        1240.00        
  24       3               离散机3            30983.02        32467.02        1484.00        
  24       4               离散机8            45445.29        46527.29        1082.00        
  24       5               离散机5            48197.29        49345.29        1148.00        
  24       6               离散机7            49345.29        50862.29        1517.00        
  24       7               离散机3            51931.29        53148.29        1217.00        

工件 25:
  25       0               打印机3            0.00            35765.29        35765.29       
  25       1               批处理机1           35765.29        36830.29        1065.00        
  25       2               离散机3            36830.29        38344.29        1514.00        
  25       3               离散机5            38344.29        39674.29        1330.00        
  25       4               离散机7            40459.29        41563.29        1104.00        
  25       5               离散机4            41972.29        43078.29        1106.00        
  25       6               离散机5            44580.29        45547.29        967.00         
  25       7               离散机4            45731.29        46633.29        902.00         
  25       8               离散机1            52211.29        53145.29        934.00         

工件 26:
  26       0               打印机3            0.00            35765.29        35765.29       
  26       1               批处理机1           35765.29        36830.29        1065.00        
  26       2               离散机8            37893.29        39234.29        1341.00        
  26       3               离散机7            39234.29        40459.29        1225.00        
  26       4               离散机5            43516.29        44580.29        1064.00        

工件 27:
  27       0               打印机2            0.00            25009.02        25009.02       
  27       1               批处理机1           25009.02        26074.02        1065.00        

工件 28:
  28       0               打印机2            25009.02        37941.76        12932.75       
  28       1               批处理机1           37941.76        39006.76        1065.00        
  28       2               离散机4            40964.29        41972.29        1008.00        
  28       3               离散机7            47535.29        48661.29        1126.00        
  28       4               离散机5            50336.29        52052.29        1716.00        

工件 29:
  29       0               打印机2            0.00            25009.02        25009.02       
  29       1               批处理机1           25009.02        26074.02        1065.00        
  29       2               离散机5            28700.02        30226.02        1526.00        
  29       3               离散机1            31538.02        33151.02        1613.00        
  29       4               离散机4            34084.02        35162.02        1078.00        
  29       5               离散机4            35162.02        36487.02        1325.00        
  29       6               离散机2            52914.29        53898.29        984.00         

工件 30:
  30       0               打印机4            0.00            16148.00        16148.00       
  30       1               批处理机1           16148.00        17213.00        1065.00        
  30       2               离散机8            19213.00        20227.00        1014.00        
  30       3               离散机1            20227.00        21196.00        969.00         
  30       4               离散机4            21399.00        23163.00        1764.00        
  30       5               离散机3            23163.00        24173.00        1010.00        
  30       6               离散机3            24173.00        25219.00        1046.00        
  30       7               离散机1            27402.02        28754.02        1352.00        

工件 31:
  31       0               打印机1            0.00            32683.71        32683.71       
  31       1               批处理机1           32683.71        33748.71        1065.00        
  31       2               离散机6            33748.71        35303.71        1555.00        
  31       3               离散机2            43121.29        44083.29        962.00         
  31       4               离散机3            45348.29        46326.29        978.00         

工件 32:
  32       0               打印机3            0.00            35765.29        35765.29       
  32       1               批处理机1           35765.29        36830.29        1065.00        
  32       2               离散机8            39234.29        40394.29        1160.00        
  32       3               离散机5            40771.29        42053.29        1282.00        
  32       4               离散机4            44009.29        45731.29        1722.00        
  32       5               离散机1            49832.29        50864.29        1032.00        

工件 33:
  33       0               打印机2            0.00            25009.02        25009.02       
  33       1               批处理机1           25009.02        26074.02        1065.00        
  33       2               离散机4            27391.02        28460.02        1069.00        
  33       3               离散机7            30466.02        31368.02        902.00         
  33       4               离散机2            31368.02        32424.02        1056.00        
  33       5               离散机6            36622.71        38124.71        1502.00        
  33       6               离散机6            42476.71        43641.71        1165.00        
  33       7               离散机3            44150.29        45348.29        1198.00        
  33       8               离散机5            53886.29        54828.29        942.00         

工件 34:
  34       0               打印机2            0.00            25009.02        25009.02       
  34       1               批处理机1           25009.02        26074.02        1065.00        
  34       2               离散机7            29168.02        30466.02        1298.00        
  34       3               离散机5            30466.02        31440.02        974.00         
  34       4               离散机5            31440.02        32342.02        902.00         

工件 35:
  35       0               打印机2            25009.02        37941.76        12932.75       
  35       1               批处理机1           37941.76        39006.76        1065.00        
  35       2               离散机5            42053.29        43516.29        1463.00        
  35       3               离散机5            46520.29        48197.29        1677.00        
  35       4               离散机5            52979.29        53886.29        907.00         

工件 36:
  36       0               打印机4            0.00            16148.00        16148.00       
  36       1               批处理机1           16148.00        17213.00        1065.00        
  36       2               离散机3            17213.00        18728.00        1515.00        
  36       3               离散机8            20227.00        21985.00        1758.00        
  36       4               离散机8            21985.00        23175.00        1190.00        
  36       5               离散机8            23175.00        24962.00        1787.00        

工件 37:
  37       0               打印机2            0.00            25009.02        25009.02       
  37       1               批处理机1           25009.02        26074.02        1065.00        
  37       2               离散机5            26074.02        27563.02        1489.00        
  37       3               离散机5            27563.02        28700.02        1137.00        
  37       4               离散机8            41357.29        42429.29        1072.00        
  37       5               离散机4            43078.29        44009.29        931.00         
  37       6               离散机6            44589.71        45650.71        1061.00        
  37       7               离散机3            46326.29        47494.29        1168.00        
  37       8               离散机2            48598.29        50039.29        1441.00        

工件 38:
  38       0               打印机2            0.00            25009.02        25009.02       
  38       1               批处理机1           25009.02        26074.02        1065.00        
  38       2               离散机8            26074.02        27546.02        1472.00        
  38       3               离散机2            27546.02        28871.02        1325.00        
  38       4               离散机1            28871.02        30160.02        1289.00        
  38       5               离散机4            33145.02        34084.02        939.00         
  38       6               离散机2            34909.71        36708.71        1799.00        
  38       7               离散机2            45165.29        46239.29        1074.00        
  38       8               离散机4            50282.29        51187.29        905.00         

工件 39:
  39       0               打印机3            0.00            35765.29        35765.29       
  39       1               批处理机1           35765.29        36830.29        1065.00        

工件 40:
  40       0               打印机1            0.00            32683.71        32683.71       
  40       1               批处理机1           32683.71        33748.71        1065.00        
  40       2               离散机4            51187.29        52092.29        905.00         

工件 41:
  41       0               打印机1            0.00            32683.71        32683.71       
  41       1               批处理机1           32683.71        33748.71        1065.00        

工件 42:
  42       0               打印机2            0.00            25009.02        25009.02       
  42       1               批处理机1           25009.02        26074.02        1065.00        
  42       2               离散机7            28195.02        29168.02        973.00         
  42       3               离散机1            40893.29        41870.29        977.00         
  42       4               离散机7            43245.29        44348.29        1103.00        
  42       5               离散机1            53145.29        54319.29        1174.00        

工件 43:
  43       0               打印机3            0.00            35765.29        35765.29       
  43       1               批处理机1           35765.29        36830.29        1065.00        

工件 44:
  44       0               打印机2            0.00            25009.02        25009.02       
  44       1               批处理机1           25009.02        26074.02        1065.00        
  44       2               离散机6            28027.02        29821.02        1794.00        
  44       3               离散机6            29821.02        31358.02        1537.00        
  44       4               离散机3            32467.02        33487.02        1020.00        
  44       5               离散机7            38248.02        39193.02        945.00         
  44       6               离散机5            49345.29        50336.29        991.00         
  44       7               离散机5            52052.29        52979.29        927.00         

工件 45:
  45       0               打印机2            0.00            25009.02        25009.02       
  45       1               批处理机1           25009.02        26074.02        1065.00        
  45       2               离散机8            31799.02        33160.02        1361.00        

工件 46:
  46       0               打印机4            0.00            16148.00        16148.00       
  46       1               批处理机1           16148.00        17213.00        1065.00        
  46       2               离散机3            18728.00        19841.00        1113.00        
  46       3               离散机1            21196.00        22733.00        1537.00        
  46       4               离散机5            22733.00        23948.00        1215.00        
  46       5               离散机5            23948.00        25085.00        1137.00        

工件 47:
  47       0               打印机1            0.00            32683.71        32683.71       
  47       1               批处理机1           32683.71        33748.71        1065.00        
  47       2               离散机1            33748.71        34770.71        1022.00        
  47       3               离散机6            38124.71        39472.71        1348.00        
  47       4               离散机6            39472.71        40494.71        1022.00        
  47       5               离散机4            46633.29        47901.29        1268.00        

工件 48:
  48       0               打印机1            0.00            32683.71        32683.71       
  48       1               批处理机1           32683.71        33748.71        1065.00        
  48       2               离散机8            48813.29        49953.29        1140.00        

工件 49:
  49       0               打印机3            0.00            35765.29        35765.29       
  49       1               批处理机1           35765.29        36830.29        1065.00        
  49       2               离散机4            39828.29        40964.29        1136.00        
  49       3               离散机5            45547.29        46520.29        973.00         
  49       4               离散机2            51552.29        52914.29        1362.00        

【机器加工顺序记录】
----------------------------------------------------------------------------------------------------

打印机1:
工件号      工序号             开始时间            结束时间            加工时长           
--------------------------------------------------------------------------------
  2        0               0.00            32683.71        32683.71       
  11       0               0.00            32683.71        32683.71       
  17       0               0.00            32683.71        32683.71       
  22       0               0.00            32683.71        32683.71       
  31       0               0.00            32683.71        32683.71       
  40       0               0.00            32683.71        32683.71       
  41       0               0.00            32683.71        32683.71       
  47       0               0.00            32683.71        32683.71       
  48       0               0.00            32683.71        32683.71       

  机器利用率: 535.61% (忙碌时间: 294153.43 / 总时间: 54919.29)

打印机2:
工件号      工序号             开始时间            结束时间            加工时长           
--------------------------------------------------------------------------------
  0        0               0.00            25009.02        25009.02       
  3        0               0.00            25009.02        25009.02       
  7        0               0.00            25009.02        25009.02       
  8        0               0.00            25009.02        25009.02       
  9        0               0.00            25009.02        25009.02       
  10       0               0.00            25009.02        25009.02       
  12       0               0.00            25009.02        25009.02       
  15       0               0.00            25009.02        25009.02       
  16       0               0.00            25009.02        25009.02       
  18       0               0.00            25009.02        25009.02       
  24       0               0.00            25009.02        25009.02       
  27       0               0.00            25009.02        25009.02       
  29       0               0.00            25009.02        25009.02       
  33       0               0.00            25009.02        25009.02       
  34       0               0.00            25009.02        25009.02       
  37       0               0.00            25009.02        25009.02       
  38       0               0.00            25009.02        25009.02       
  42       0               0.00            25009.02        25009.02       
  44       0               0.00            25009.02        25009.02       
  45       0               0.00            25009.02        25009.02       
  20       0               25009.02        37941.76        12932.75       
  28       0               25009.02        37941.76        12932.75       
  35       0               25009.02        37941.76        12932.75       

  机器利用率: 981.40% (忙碌时间: 538978.58 / 总时间: 54919.29)

打印机3:
工件号      工序号             开始时间            结束时间            加工时长           
--------------------------------------------------------------------------------
  1        0               0.00            35765.29        35765.29       
  4        0               0.00            35765.29        35765.29       
  5        0               0.00            35765.29        35765.29       
  14       0               0.00            35765.29        35765.29       
  19       0               0.00            35765.29        35765.29       
  23       0               0.00            35765.29        35765.29       
  25       0               0.00            35765.29        35765.29       
  26       0               0.00            35765.29        35765.29       
  32       0               0.00            35765.29        35765.29       
  39       0               0.00            35765.29        35765.29       
  43       0               0.00            35765.29        35765.29       
  49       0               0.00            35765.29        35765.29       

  机器利用率: 781.48% (忙碌时间: 429183.43 / 总时间: 54919.29)

打印机4:
工件号      工序号             开始时间            结束时间            加工时长           
--------------------------------------------------------------------------------
  6        0               0.00            16148.00        16148.00       
  13       0               0.00            16148.00        16148.00       
  21       0               0.00            16148.00        16148.00       
  30       0               0.00            16148.00        16148.00       
  36       0               0.00            16148.00        16148.00       
  46       0               0.00            16148.00        16148.00       

  机器利用率: 176.42% (忙碌时间: 96888.00 / 总时间: 54919.29)

批处理机1:
工件号      工序号             开始时间            结束时间            加工时长           
--------------------------------------------------------------------------------
  6        1               16148.00        17213.00        1065.00        
  13       1               16148.00        17213.00        1065.00        
  21       1               16148.00        17213.00        1065.00        
  30       1               16148.00        17213.00        1065.00        
  36       1               16148.00        17213.00        1065.00        
  46       1               16148.00        17213.00        1065.00        
  0        1               25009.02        26074.02        1065.00        
  3        1               25009.02        26074.02        1065.00        
  7        1               25009.02        26074.02        1065.00        
  8        1               25009.02        26074.02        1065.00        
  9        1               25009.02        26074.02        1065.00        
  10       1               25009.02        26074.02        1065.00        
  12       1               25009.02        26074.02        1065.00        
  15       1               25009.02        26074.02        1065.00        
  16       1               25009.02        26074.02        1065.00        
  18       1               25009.02        26074.02        1065.00        
  24       1               25009.02        26074.02        1065.00        
  27       1               25009.02        26074.02        1065.00        
  29       1               25009.02        26074.02        1065.00        
  33       1               25009.02        26074.02        1065.00        
  34       1               25009.02        26074.02        1065.00        
  37       1               25009.02        26074.02        1065.00        
  38       1               25009.02        26074.02        1065.00        
  42       1               25009.02        26074.02        1065.00        
  44       1               25009.02        26074.02        1065.00        
  45       1               25009.02        26074.02        1065.00        
  2        1               32683.71        33748.71        1065.00        
  11       1               32683.71        33748.71        1065.00        
  17       1               32683.71        33748.71        1065.00        
  22       1               32683.71        33748.71        1065.00        
  31       1               32683.71        33748.71        1065.00        
  40       1               32683.71        33748.71        1065.00        
  41       1               32683.71        33748.71        1065.00        
  47       1               32683.71        33748.71        1065.00        
  48       1               32683.71        33748.71        1065.00        
  1        1               35765.29        36830.29        1065.00        
  4        1               35765.29        36830.29        1065.00        
  5        1               35765.29        36830.29        1065.00        
  14       1               35765.29        36830.29        1065.00        
  19       1               35765.29        36830.29        1065.00        
  23       1               35765.29        36830.29        1065.00        
  25       1               35765.29        36830.29        1065.00        
  26       1               35765.29        36830.29        1065.00        
  32       1               35765.29        36830.29        1065.00        
  39       1               35765.29        36830.29        1065.00        
  43       1               35765.29        36830.29        1065.00        
  49       1               35765.29        36830.29        1065.00        
  20       1               37941.76        39006.76        1065.00        
  28       1               37941.76        39006.76        1065.00        
  35       1               37941.76        39006.76        1065.00        

  机器利用率: 96.96% (忙碌时间: 53250.00 / 总时间: 54919.29)

批处理机2:
工件号      工序号             开始时间            结束时间            加工时长           
--------------------------------------------------------------------------------

  机器利用率: 0.00% (忙碌时间: 0.00 / 总时间: 54919.29)

离散机1:
工件号      工序号             开始时间            结束时间            加工时长           
--------------------------------------------------------------------------------
  30       3               20227.00        21196.00        969.00         
  46       3               21196.00        22733.00        1537.00        
  0        2               26074.02        27402.02        1328.00        
  30       7               27402.02        28754.02        1352.00        
  38       4               28871.02        30160.02        1289.00        
  9        3               30160.02        31538.02        1378.00        
  29       3               31538.02        33151.02        1613.00        
  47       2               33748.71        34770.71        1022.00        
  12       5               34770.71        36332.71        1562.00        
  22       3               36332.71        37915.71        1583.00        
  14       2               37915.71        39450.71        1535.00        
  19       4               39828.29        40893.29        1065.00        
  42       3               40893.29        41870.29        977.00         
  23       3               41870.29        43336.29        1466.00        
  7        4               43336.29        44400.29        1064.00        
  10       4               44400.29        45703.29        1303.00        
  5        6               45703.29        46752.29        1049.00        
  0        7               46752.29        48273.29        1521.00        
  16       6               48273.29        49832.29        1559.00        
  32       5               49832.29        50864.29        1032.00        
  22       6               50864.29        52211.29        1347.00        
  25       8               52211.29        53145.29        934.00         
  42       5               53145.29        54319.29        1174.00        

  机器利用率: 54.00% (忙碌时间: 29659.00 / 总时间: 54919.29)

离散机2:
工件号      工序号             开始时间            结束时间            加工时长           
--------------------------------------------------------------------------------
  24       2               26074.02        27314.02        1240.00        
  38       3               27546.02        28871.02        1325.00        
  18       3               29505.02        30873.02        1368.00        
  33       4               31368.02        32424.02        1056.00        
  22       2               33748.71        34909.71        1161.00        
  38       6               34909.71        36708.71        1799.00        
  5        2               36830.29        38472.29        1642.00        
  0        5               38472.29        39589.29        1117.00        
  4        2               39589.29        40559.29        970.00         
  19       5               40893.29        42105.29        1212.00        
  19       6               42105.29        43121.29        1016.00        
  31       3               43121.29        44083.29        962.00         
  0        6               44083.29        45165.29        1082.00        
  38       7               45165.29        46239.29        1074.00        
  18       8               46239.29        47162.29        923.00         
  23       4               47162.29        48598.29        1436.00        
  37       8               48598.29        50039.29        1441.00        
  15       8               50039.29        51552.29        1513.00        
  49       4               51552.29        52914.29        1362.00        
  29       6               52914.29        53898.29        984.00         

  机器利用率: 44.94% (忙碌时间: 24683.00 / 总时间: 54919.29)

离散机3:
工件号      工序号             开始时间            结束时间            加工时长           
--------------------------------------------------------------------------------
  36       2               17213.00        18728.00        1515.00        
  46       2               18728.00        19841.00        1113.00        
  6        5               21399.00        23155.00        1756.00        
  30       5               23163.00        24173.00        1010.00        
  30       6               24173.00        25219.00        1046.00        
  9        2               26074.02        27833.02        1759.00        
  3        4               28027.02        29668.02        1641.00        
  12       3               29668.02        30983.02        1315.00        
  24       3               30983.02        32467.02        1484.00        
  44       4               32467.02        33487.02        1020.00        
  17       2               33748.71        34649.71        901.00         
  17       3               34649.71        35945.71        1296.00        
  25       2               36830.29        38344.29        1514.00        
  1        2               38344.29        39320.29        976.00         
  17       4               39320.29        40659.29        1339.00        
  22       4               40659.29        41564.29        905.00         
  5        4               41564.29        43158.29        1594.00        
  4        3               43158.29        44150.29        992.00         
  33       7               44150.29        45348.29        1198.00        
  31       4               45348.29        46326.29        978.00         
  37       7               46326.29        47494.29        1168.00        
  5        7               47494.29        48749.29        1255.00        
  12       6               48749.29        49761.29        1012.00        
  19       8               49761.29        50713.29        952.00         
  5        8               50713.29        51931.29        1218.00        
  24       7               51931.29        53148.29        1217.00        
  1        3               53148.29        54624.29        1476.00        

  机器利用率: 61.27% (忙碌时间: 33650.00 / 总时间: 54919.29)

离散机4:
工件号      工序号             开始时间            结束时间            加工时长           
--------------------------------------------------------------------------------
  6        3               18178.00        19742.00        1564.00        
  6        4               19742.00        21399.00        1657.00        
  30       4               21399.00        23163.00        1764.00        
  13       2               23163.00        24258.00        1095.00        
  6        6               24258.00        25251.00        993.00         
  15       2               26074.02        27391.02        1317.00        
  33       2               27391.02        28460.02        1069.00        
  18       2               28460.02        29505.02        1045.00        
  16       3               29505.02        30681.02        1176.00        
  0        3               30681.02        32100.02        1419.00        
  12       4               32100.02        33145.02        1045.00        
  38       5               33145.02        34084.02        939.00         
  29       4               34084.02        35162.02        1078.00        
  29       5               35162.02        36487.02        1325.00        
  19       2               36830.29        38539.29        1709.00        
  19       3               38539.29        39828.29        1289.00        
  49       2               39828.29        40964.29        1136.00        
  28       2               40964.29        41972.29        1008.00        
  25       5               41972.29        43078.29        1106.00        
  37       5               43078.29        44009.29        931.00         
  32       4               44009.29        45731.29        1722.00        
  25       7               45731.29        46633.29        902.00         
  47       5               46633.29        47901.29        1268.00        
  4        5               47901.29        49245.29        1344.00        
  11       5               49245.29        50282.29        1037.00        
  38       8               50282.29        51187.29        905.00         
  40       2               51187.29        52092.29        905.00         
  9        5               52092.29        53271.29        1179.00        
  9        6               53271.29        54919.29        1648.00        

  机器利用率: 64.78% (忙碌时间: 35575.00 / 总时间: 54919.29)

离散机5:
工件号      工序号             开始时间            结束时间            加工时长           
--------------------------------------------------------------------------------
  46       4               22733.00        23948.00        1215.00        
  46       5               23948.00        25085.00        1137.00        
  37       2               26074.02        27563.02        1489.00        
  37       3               27563.02        28700.02        1137.00        
  29       2               28700.02        30226.02        1526.00        
  34       3               30466.02        31440.02        974.00         
  34       4               31440.02        32342.02        902.00         
  15       4               32374.02        33434.02        1060.00        
  18       4               33434.02        34637.02        1203.00        
  3        6               34637.02        35584.02        947.00         
  16       5               35584.02        36983.02        1399.00        
  3        7               36983.02        38274.02        1291.00        
  25       3               38344.29        39674.29        1330.00        
  5        3               39674.29        40771.29        1097.00        
  32       3               40771.29        42053.29        1282.00        
  35       2               42053.29        43516.29        1463.00        
  26       4               43516.29        44580.29        1064.00        
  25       6               44580.29        45547.29        967.00         
  49       3               45547.29        46520.29        973.00         
  35       3               46520.29        48197.29        1677.00        
  24       5               48197.29        49345.29        1148.00        
  44       6               49345.29        50336.29        991.00         
  28       4               50336.29        52052.29        1716.00        
  44       7               52052.29        52979.29        927.00         
  35       4               52979.29        53886.29        907.00         
  33       8               53886.29        54828.29        942.00         

  机器利用率: 56.02% (忙碌时间: 30764.00 / 总时间: 54919.29)

离散机6:
工件号      工序号             开始时间            结束时间            加工时长           
--------------------------------------------------------------------------------
  21       3               19213.00        20680.00        1467.00        
  3        3               26994.02        28027.02        1033.00        
  44       2               28027.02        29821.02        1794.00        
  44       3               29821.02        31358.02        1537.00        
  15       3               31358.02        32374.02        1016.00        
  9        4               32374.02        33711.02        1337.00        
  31       2               33748.71        35303.71        1555.00        
  15       5               35303.71        36622.71        1319.00        
  33       5               36622.71        38124.71        1502.00        
  47       3               38124.71        39472.71        1348.00        
  47       4               39472.71        40494.71        1022.00        
  20       2               40494.71        41445.71        951.00         
  2        3               41445.71        42476.71        1031.00        
  33       6               42476.71        43641.71        1165.00        
  5        5               43641.71        44589.71        948.00         
  37       6               44589.71        45650.71        1061.00        
  22       5               45650.71        47336.71        1686.00        
  19       7               47336.71        48859.71        1523.00        
  15       7               48859.71        49809.71        950.00         
  3        8               49809.71        50904.71        1095.00        
  4        6               50904.71        52339.71        1435.00        
  23       5               52339.71        53296.71        957.00         
  20       4               53296.71        54505.71        1209.00        

  机器利用率: 52.70% (忙碌时间: 28941.00 / 总时间: 54919.29)

离散机7:
工件号      工序号             开始时间            结束时间            加工时长           
--------------------------------------------------------------------------------
  3        2               26074.02        26994.02        920.00         
  16       2               26994.02        28195.02        1201.00        
  42       2               28195.02        29168.02        973.00         
  34       2               29168.02        30466.02        1298.00        
  33       3               30466.02        31368.02        902.00         
  16       4               31368.02        32881.02        1513.00        
  10       3               32881.02        34232.02        1351.00        
  7        2               34232.02        35682.02        1450.00        
  0        4               35682.02        36633.02        951.00         
  7        3               36633.02        38248.02        1615.00        
  44       5               38248.02        39193.02        945.00         
  26       3               39234.29        40459.29        1225.00        
  25       4               40459.29        41563.29        1104.00        
  18       6               41563.29        43245.29        1682.00        
  42       4               43245.29        44348.29        1103.00        
  11       3               44348.29        45489.29        1141.00        
  11       4               45489.29        46432.29        943.00         
  4        4               46432.29        47535.29        1103.00        
  28       3               47535.29        48661.29        1126.00        
  24       6               49345.29        50862.29        1517.00        
  0        8               50862.29        52453.29        1591.00        
  12       7               52453.29        53660.29        1207.00        
  15       9               53660.29        54622.29        962.00         

  机器利用率: 50.66% (忙碌时间: 27823.00 / 总时间: 54919.29)

离散机8:
工件号      工序号             开始时间            结束时间            加工时长           
--------------------------------------------------------------------------------
  6        2               17213.00        18178.00        965.00         
  21       2               18178.00        19213.00        1035.00        
  30       2               19213.00        20227.00        1014.00        
  36       3               20227.00        21985.00        1758.00        
  36       4               21985.00        23175.00        1190.00        
  36       5               23175.00        24962.00        1787.00        
  38       2               26074.02        27546.02        1472.00        
  12       2               27546.02        29084.02        1538.00        
  10       2               29084.02        30601.02        1517.00        
  3        5               30601.02        31799.02        1198.00        
  45       2               31799.02        33160.02        1361.00        
  2        2               33748.71        35124.71        1376.00        
  11       2               35124.71        36664.71        1540.00        
  23       2               36830.29        37893.29        1063.00        
  26       2               37893.29        39234.29        1341.00        
  32       2               39234.29        40394.29        1160.00        
  18       5               40394.29        41357.29        963.00         
  37       4               41357.29        42429.29        1072.00        
  15       6               42429.29        43780.29        1351.00        
  18       7               43780.29        45445.29        1665.00        
  24       4               45445.29        46527.29        1082.00        
  17       5               46527.29        47757.29        1230.00        
  20       3               47757.29        48813.29        1056.00        
  48       2               48813.29        49953.29        1140.00        
  10       5               49953.29        50944.29        991.00         
  8        2               50944.29        52125.29        1181.00        
  10       6               52125.29        53027.29        902.00         
  3        9               53027.29        54181.29        1154.00        

  机器利用率: 63.92% (忙碌时间: 35102.00 / 总时间: 54919.29)

【打印批次详细信息】
----------------------------------------------------------------------------------------------------

打印机 1 (尺寸: 908.0 x 580.0 x 648.0):
--------------------------------------------------------------------------------
  批次 1: 零件数=9, 占用率=72.39%
    - 48: 尺寸 423.0 x 356.0 x 100.0
    - 22: 尺寸 326.0 x 132.0 x 58.0
    - 2: 尺寸 159.0 x 497.0 x 36.0
    - 11: 尺寸 92.0 x 90.0 x 82.0
    - 40: 尺寸 96.0 x 354.0 x 64.0
    - 47: 尺寸 127.0 x 245.0 x 24.0
    - 17: 尺寸 100.0 x 68.0 x 74.0
    - 31: 尺寸 96.0 x 140.0 x 76.0
    - 41: 尺寸 174.0 x 86.0 x 113.0

打印机 2 (尺寸: 1023.0 x 424.0 x 616.0):
--------------------------------------------------------------------------------
  批次 1: 零件数=20, 占用率=87.66%
    - 10: 尺寸 168.0 x 69.0 x 194.0
    - 44: 尺寸 231.0 x 119.0 x 92.0
    - 27: 尺寸 394.0 x 115.0 x 168.0
    - 29: 尺寸 178.0 x 113.0 x 144.0
    - 12: 尺寸 52.0 x 135.0 x 13.0
    - 37: 尺寸 162.0 x 86.0 x 52.0
    - 16: 尺寸 141.0 x 66.0 x 169.0
    - 38: 尺寸 382.0 x 278.0 x 189.0
    - 3: 尺寸 272.0 x 101.0 x 72.0
    - 8: 尺寸 53.0 x 139.0 x 78.0
    - 0: 尺寸 148.0 x 141.0 x 92.0
    - 42: 尺寸 118.0 x 147.0 x 117.0
    - 34: 尺寸 124.0 x 87.0 x 35.0
    - 18: 尺寸 147.0 x 62.0 x 72.0
    - 33: 尺寸 86.0 x 68.0 x 46.0
    - 24: 尺寸 130.0 x 60.0 x 57.0
    - 45: 尺寸 62.0 x 105.0 x 143.0
    - 7: 尺寸 62.0 x 66.0 x 69.0
    - 15: 尺寸 123.0 x 94.0 x 66.0
    - 9: 尺寸 198.0 x 53.0 x 188.0
  批次 2: 零件数=3, 占用率=70.17%
    - 28: 尺寸 455.0 x 342.0 x 96.0
    - 35: 尺寸 351.0 x 359.0 x 99.0
    - 20: 尺寸 196.0 x 116.0 x 60.0

打印机 3 (尺寸: 929.0 x 519.0 x 637.0):
--------------------------------------------------------------------------------
  批次 1: 零件数=12, 占用率=66.42%
    - 19: 尺寸 300.0 x 159.0 x 72.0
    - 32: 尺寸 101.0 x 53.0 x 38.0
    - 39: 尺寸 149.0 x 98.0 x 69.0
    - 5: 尺寸 139.0 x 144.0 x 46.0
    - 26: 尺寸 148.0 x 162.0 x 85.0
    - 23: 尺寸 91.0 x 94.0 x 37.0
    - 1: 尺寸 65.0 x 71.0 x 30.0
    - 14: 尺寸 116.0 x 179.0 x 44.0
    - 25: 尺寸 146.0 x 260.0 x 87.0
    - 43: 尺寸 111.0 x 262.0 x 64.0
    - 4: 尺寸 290.0 x 205.0 x 73.0
    - 49: 尺寸 160.0 x 301.0 x 28.0

打印机 4 (尺寸: 1089.0 x 414.0 x 657.0):
--------------------------------------------------------------------------------
  批次 1: 零件数=6, 占用率=81.12%
    - 6: 尺寸 117.0 x 150.0 x 12.0
    - 30: 尺寸 619.0 x 336.0 x 25.0
    - 36: 尺寸 146.0 x 356.0 x 13.0
    - 21: 尺寸 203.0 x 258.0 x 21.0
    - 46: 尺寸 117.0 x 179.0 x 21.0
    - 13: 尺寸 132.0 x 113.0 x 16.0

════════════════════════════════════════════════════════════════
