════════════════════════════════════════════════════════════════
              最优Cmax解的详细调度记录
════════════════════════════════════════════════════════════════

【基本信息】
----------------------------------------------------------------------------------------------------
Cmax (最大完工时间): 38298.86
能耗: 229.59 kWh
装箱质量: 0.6287
批次总数: 3
工件数量: 20
机器数量: 10 (打印机:3, 批处理机:2, 离散机:5)

【染色体编码】
----------------------------------------------------------------------------------------------------
工序序列 (OS): [19, 14, 5, 10, 6, 2, 15, 8, 13, 4, 9, 11, 0, 12, 3, 1, 18, 16, 7, 17, 8, 9, 8, 13, 4, 13, 3, 1, 0, 4, 0, 6, 7, 1, 4, 6, 11, 17, 17, 16, 14, 3, 11, 1, 13, 2, 14, 16, 8, 2, 4, 3, 6, 7, 13, 11, 9, 16, 11, 17, 11, 0, 17, 6, 16, 1, 18, 4, 2, 4, 0, 1, 0, 9, 4, 8, 14, 3, 19, 3, 14, 8, 0, 13, 0, 11, 7, 14, 14, 3, 4, 18, 17, 14, 17, 6, 10, 11, 0]
机器选择 (MS): [2, 2, 3, 3, 1, 3, 2, 2, 2, 2, 3, 1, 1, 2, 2, 3, 3, 3, 2, 3, 1, 1, 1, 1, 2, 3, 3, 1, 2, 1, 2, 2, 1, 1, 1, 1, 1, 1, 1, 1, 3, 1, 1, 1, 1, 1, 1, 1, 3, 2, 2, 3, 1, 1, 1, 2, 2, 1, 1, 1, 1, 1, 1, 1, 1, 1, 1, 2, 1, 1, 2, 1, 2, 1, 2, 2, 2, 2, 3, 2, 2, 1, 3, 2, 1, 1, 2, 2, 1, 2, 1, 3, 2, 1, 2, 2, 1, 1, 3]

【零件加工顺序记录】
----------------------------------------------------------------------------------------------------
工件号      工序号             机器号             开始时间            结束时间            加工时长           
----------------------------------------------------------------------------------------------------

工件 0:
  0        0               打印机1            0.00            17846.09        17846.09       
  0        1               批处理机2           17846.09        18941.09        1095.00        
  0        2               离散机1            18941.09        20017.09        1076.00        
  0        3               离散机4            20017.09        21161.09        1144.00        
  0        4               离散机5            22607.09        23959.09        1352.00        
  0        5               离散机4            23959.09        24897.09        938.00         
  0        6               离散机3            24897.09        26324.09        1427.00        
  0        7               离散机5            26324.09        27274.09        950.00         
  0        8               离散机5            27274.09        28549.09        1275.00        
  0        9               离散机3            32599.86        33792.86        1193.00        

工件 1:
  1        0               打印机3            0.00            28723.86        28723.86       
  1        1               批处理机2           28723.86        29818.86        1095.00        
  1        2               离散机5            29818.86        31079.86        1261.00        
  1        3               离散机1            31403.86        32329.86        926.00         
  1        4               离散机4            32329.86        33540.86        1211.00        
  1        5               离散机5            33920.86        34841.86        921.00         
  1        6               离散机1            36201.86        37329.86        1128.00        

工件 2:
  2        0               打印机3            0.00            28723.86        28723.86       
  2        1               批处理机2           28723.86        29818.86        1095.00        
  2        2               离散机1            32329.86        33921.86        1592.00        
  2        3               离散机1            33921.86        35078.86        1157.00        
  2        4               离散机2            35705.86        36676.86        971.00         

工件 3:
  3        0               打印机2            0.00            11551.43        11551.43       
  3        1               批处理机2           11551.43        12646.43        1095.00        
  3        2               离散机3            13834.43        15409.43        1575.00        
  3        3               离散机4            15409.43        17209.43        1800.00        
  3        4               离散机5            19988.09        21552.09        1564.00        
  3        5               离散机1            25082.09        26108.09        1026.00        
  3        6               离散机4            26108.09        27563.09        1455.00        
  3        7               离散机4            27563.09        29229.09        1666.00        

工件 4:
  4        0               打印机2            0.00            11551.43        11551.43       
  4        1               批处理机2           11551.43        12646.43        1095.00        
  4        2               离散机1            13875.43        15461.43        1586.00        
  4        3               离散机1            15461.43        16655.43        1194.00        
  4        4               离散机1            16655.43        18147.43        1492.00        
  4        5               离散机2            18147.43        19436.43        1289.00        
  4        6               离散机1            22082.09        23696.09        1614.00        
  4        7               离散机5            23959.09        24864.09        905.00         
  4        8               离散机4            24897.09        25839.09        942.00         
  4        9               离散机3            27820.09        29418.09        1598.00        

工件 5:
  5        0               打印机3            0.00            28723.86        28723.86       
  5        1               批处理机2           28723.86        29818.86        1095.00        

工件 6:
  6        0               打印机1            0.00            17846.09        17846.09       
  6        1               批处理机2           17846.09        18941.09        1095.00        
  6        2               离散机5            18941.09        19988.09        1047.00        
  6        3               离散机4            21161.09        22095.09        934.00         
  6        4               离散机3            22095.09        23756.09        1661.00        
  6        5               离散机1            23756.09        25082.09        1326.00        
  6        6               离散机3            29418.09        30696.09        1278.00        

工件 7:
  7        0               打印机2            0.00            11551.43        11551.43       
  7        1               批处理机2           11551.43        12646.43        1095.00        
  7        2               离散机3            15409.43        17105.43        1696.00        
  7        3               离散机5            21552.09        22607.09        1055.00        
  7        4               离散机5            24864.09        26301.09        1437.00        

工件 8:
  8        0               打印机2            0.00            11551.43        11551.43       
  8        1               批处理机2           11551.43        12646.43        1095.00        
  8        2               离散机1            12646.43        13875.43        1229.00        
  8        3               离散机2            13875.43        14985.43        1110.00        
  8        4               离散机5            16264.43        17892.43        1628.00        
  8        5               离散机2            19436.43        20353.43        917.00         
  8        6               离散机3            20353.43        22091.43        1738.00        

工件 9:
  9        0               打印机3            0.00            28723.86        28723.86       
  9        1               批处理机2           28723.86        29818.86        1095.00        
  9        2               离散机1            29818.86        31403.86        1585.00        
  9        3               离散机2            31415.86        32788.86        1373.00        
  9        4               离散机3            35126.86        36836.86        1710.00        

工件 10:
  10       0               打印机3            0.00            28723.86        28723.86       
  10       1               批处理机2           28723.86        29818.86        1095.00        
  10       2               离散机4            30857.86        31875.86        1018.00        

工件 11:
  11       0               打印机1            0.00            17846.09        17846.09       
  11       1               批处理机2           17846.09        18941.09        1095.00        
  11       2               离散机3            18941.09        19902.09        961.00         
  11       3               离散机1            20017.09        21082.09        1065.00        
  11       4               离散机1            21082.09        22082.09        1000.00        
  11       5               离散机3            23756.09        24754.09        998.00         
  11       6               离散机2            24754.09        25973.09        1219.00        
  11       7               离散机3            26324.09        27820.09        1496.00        
  11       8               离散机5            28549.09        29717.09        1168.00        

工件 12:
  12       0               打印机2            0.00            11551.43        11551.43       
  12       1               批处理机2           11551.43        12646.43        1095.00        

工件 13:
  13       0               打印机2            0.00            11551.43        11551.43       
  13       1               批处理机2           11551.43        12646.43        1095.00        
  13       2               离散机3            12646.43        13834.43        1188.00        
  13       3               离散机5            13834.43        14954.43        1120.00        
  13       4               离散机5            14954.43        16264.43        1310.00        
  13       5               离散机2            16264.43        17906.43        1642.00        
  13       6               离散机5            17906.43        18932.43        1026.00        

工件 14:
  14       0               打印机2            0.00            11551.43        11551.43       
  14       1               批处理机2           11551.43        12646.43        1095.00        
  14       2               离散机4            12646.43        14003.43        1357.00        
  14       3               离散机4            14003.43        14909.43        906.00         
  14       4               离散机3            17105.43        18270.43        1165.00        
  14       5               离散机4            18270.43        19476.43        1206.00        
  14       6               离散机2            20353.43        21366.43        1013.00        
  14       7               离散机1            26108.09        27329.09        1221.00        
  14       8               离散机1            27329.09        28837.09        1508.00        

工件 15:
  15       0               打印机2            0.00            11551.43        11551.43       
  15       1               批处理机2           11551.43        12646.43        1095.00        

工件 16:
  16       0               打印机3            0.00            28723.86        28723.86       
  16       1               批处理机2           28723.86        29818.86        1095.00        
  16       2               离散机2            29818.86        31415.86        1597.00        
  16       3               离散机3            31415.86        32599.86        1184.00        
  16       4               离散机2            32788.86        33875.86        1087.00        
  16       5               离散机3            33875.86        35126.86        1251.00        

工件 17:
  17       0               打印机3            0.00            28723.86        28723.86       
  17       1               批处理机2           28723.86        29818.86        1095.00        
  17       2               离散机4            29818.86        30857.86        1039.00        
  17       3               离散机5            31079.86        32375.86        1296.00        
  17       4               离散机5            32375.86        33920.86        1545.00        
  17       5               离散机2            33920.86        35705.86        1785.00        
  17       6               离散机5            35705.86        37051.86        1346.00        
  17       7               离散机5            37051.86        38298.86        1247.00        

工件 18:
  18       0               打印机3            0.00            28723.86        28723.86       
  18       1               批处理机2           28723.86        29818.86        1095.00        
  18       2               离散机1            35078.86        36201.86        1123.00        
  18       3               离散机2            36676.86        37937.86        1261.00        

工件 19:
  19       0               打印机2            0.00            11551.43        11551.43       
  19       1               批处理机2           11551.43        12646.43        1095.00        
  19       2               离散机5            12646.43        13590.43        944.00         

【机器加工顺序记录】
----------------------------------------------------------------------------------------------------

打印机1:
工件号      工序号             开始时间            结束时间            加工时长           
--------------------------------------------------------------------------------
  0        0               0.00            17846.09        17846.09       
  6        0               0.00            17846.09        17846.09       
  11       0               0.00            17846.09        17846.09       

  机器利用率: 139.79% (忙碌时间: 53538.27 / 总时间: 38298.86)

打印机2:
工件号      工序号             开始时间            结束时间            加工时长           
--------------------------------------------------------------------------------
  3        0               0.00            11551.43        11551.43       
  4        0               0.00            11551.43        11551.43       
  7        0               0.00            11551.43        11551.43       
  8        0               0.00            11551.43        11551.43       
  12       0               0.00            11551.43        11551.43       
  13       0               0.00            11551.43        11551.43       
  14       0               0.00            11551.43        11551.43       
  15       0               0.00            11551.43        11551.43       
  19       0               0.00            11551.43        11551.43       

  机器利用率: 271.45% (忙碌时间: 103962.91 / 总时间: 38298.86)

打印机3:
工件号      工序号             开始时间            结束时间            加工时长           
--------------------------------------------------------------------------------
  1        0               0.00            28723.86        28723.86       
  2        0               0.00            28723.86        28723.86       
  5        0               0.00            28723.86        28723.86       
  9        0               0.00            28723.86        28723.86       
  10       0               0.00            28723.86        28723.86       
  16       0               0.00            28723.86        28723.86       
  17       0               0.00            28723.86        28723.86       
  18       0               0.00            28723.86        28723.86       

  机器利用率: 599.99% (忙碌时间: 229790.86 / 总时间: 38298.86)

批处理机1:
工件号      工序号             开始时间            结束时间            加工时长           
--------------------------------------------------------------------------------

  机器利用率: 0.00% (忙碌时间: 0.00 / 总时间: 38298.86)

批处理机2:
工件号      工序号             开始时间            结束时间            加工时长           
--------------------------------------------------------------------------------
  3        1               11551.43        12646.43        1095.00        
  4        1               11551.43        12646.43        1095.00        
  7        1               11551.43        12646.43        1095.00        
  8        1               11551.43        12646.43        1095.00        
  12       1               11551.43        12646.43        1095.00        
  13       1               11551.43        12646.43        1095.00        
  14       1               11551.43        12646.43        1095.00        
  15       1               11551.43        12646.43        1095.00        
  19       1               11551.43        12646.43        1095.00        
  0        1               17846.09        18941.09        1095.00        
  6        1               17846.09        18941.09        1095.00        
  11       1               17846.09        18941.09        1095.00        
  1        1               28723.86        29818.86        1095.00        
  2        1               28723.86        29818.86        1095.00        
  5        1               28723.86        29818.86        1095.00        
  9        1               28723.86        29818.86        1095.00        
  10       1               28723.86        29818.86        1095.00        
  16       1               28723.86        29818.86        1095.00        
  17       1               28723.86        29818.86        1095.00        
  18       1               28723.86        29818.86        1095.00        

  机器利用率: 57.18% (忙碌时间: 21900.00 / 总时间: 38298.86)

离散机1:
工件号      工序号             开始时间            结束时间            加工时长           
--------------------------------------------------------------------------------
  8        2               12646.43        13875.43        1229.00        
  4        2               13875.43        15461.43        1586.00        
  4        3               15461.43        16655.43        1194.00        
  4        4               16655.43        18147.43        1492.00        
  0        2               18941.09        20017.09        1076.00        
  11       3               20017.09        21082.09        1065.00        
  11       4               21082.09        22082.09        1000.00        
  4        6               22082.09        23696.09        1614.00        
  6        5               23756.09        25082.09        1326.00        
  3        5               25082.09        26108.09        1026.00        
  14       7               26108.09        27329.09        1221.00        
  14       8               27329.09        28837.09        1508.00        
  9        2               29818.86        31403.86        1585.00        
  1        3               31403.86        32329.86        926.00         
  2        2               32329.86        33921.86        1592.00        
  2        3               33921.86        35078.86        1157.00        
  18       2               35078.86        36201.86        1123.00        
  1        6               36201.86        37329.86        1128.00        

  机器利用率: 59.66% (忙碌时间: 22848.00 / 总时间: 38298.86)

离散机2:
工件号      工序号             开始时间            结束时间            加工时长           
--------------------------------------------------------------------------------
  8        3               13875.43        14985.43        1110.00        
  13       5               16264.43        17906.43        1642.00        
  4        5               18147.43        19436.43        1289.00        
  8        5               19436.43        20353.43        917.00         
  14       6               20353.43        21366.43        1013.00        
  11       6               24754.09        25973.09        1219.00        
  16       2               29818.86        31415.86        1597.00        
  9        3               31415.86        32788.86        1373.00        
  16       4               32788.86        33875.86        1087.00        
  17       5               33920.86        35705.86        1785.00        
  2        4               35705.86        36676.86        971.00         
  18       3               36676.86        37937.86        1261.00        

  机器利用率: 39.85% (忙碌时间: 15264.00 / 总时间: 38298.86)

离散机3:
工件号      工序号             开始时间            结束时间            加工时长           
--------------------------------------------------------------------------------
  13       2               12646.43        13834.43        1188.00        
  3        2               13834.43        15409.43        1575.00        
  7        2               15409.43        17105.43        1696.00        
  14       4               17105.43        18270.43        1165.00        
  11       2               18941.09        19902.09        961.00         
  8        6               20353.43        22091.43        1738.00        
  6        4               22095.09        23756.09        1661.00        
  11       5               23756.09        24754.09        998.00         
  0        6               24897.09        26324.09        1427.00        
  11       7               26324.09        27820.09        1496.00        
  4        9               27820.09        29418.09        1598.00        
  6        6               29418.09        30696.09        1278.00        
  16       3               31415.86        32599.86        1184.00        
  0        9               32599.86        33792.86        1193.00        
  16       5               33875.86        35126.86        1251.00        
  9        4               35126.86        36836.86        1710.00        

  机器利用率: 57.75% (忙碌时间: 22119.00 / 总时间: 38298.86)

离散机4:
工件号      工序号             开始时间            结束时间            加工时长           
--------------------------------------------------------------------------------
  14       2               12646.43        14003.43        1357.00        
  14       3               14003.43        14909.43        906.00         
  3        3               15409.43        17209.43        1800.00        
  14       5               18270.43        19476.43        1206.00        
  0        3               20017.09        21161.09        1144.00        
  6        3               21161.09        22095.09        934.00         
  0        5               23959.09        24897.09        938.00         
  4        8               24897.09        25839.09        942.00         
  3        6               26108.09        27563.09        1455.00        
  3        7               27563.09        29229.09        1666.00        
  17       2               29818.86        30857.86        1039.00        
  10       2               30857.86        31875.86        1018.00        
  1        4               32329.86        33540.86        1211.00        

  机器利用率: 40.77% (忙碌时间: 15616.00 / 总时间: 38298.86)

离散机5:
工件号      工序号             开始时间            结束时间            加工时长           
--------------------------------------------------------------------------------
  19       2               12646.43        13590.43        944.00         
  13       3               13834.43        14954.43        1120.00        
  13       4               14954.43        16264.43        1310.00        
  8        4               16264.43        17892.43        1628.00        
  13       6               17906.43        18932.43        1026.00        
  6        2               18941.09        19988.09        1047.00        
  3        4               19988.09        21552.09        1564.00        
  7        3               21552.09        22607.09        1055.00        
  0        4               22607.09        23959.09        1352.00        
  4        7               23959.09        24864.09        905.00         
  7        4               24864.09        26301.09        1437.00        
  0        7               26324.09        27274.09        950.00         
  0        8               27274.09        28549.09        1275.00        
  11       8               28549.09        29717.09        1168.00        
  1        2               29818.86        31079.86        1261.00        
  17       3               31079.86        32375.86        1296.00        
  17       4               32375.86        33920.86        1545.00        
  1        5               33920.86        34841.86        921.00         
  17       6               35705.86        37051.86        1346.00        
  17       7               37051.86        38298.86        1247.00        

  机器利用率: 63.70% (忙碌时间: 24397.00 / 总时间: 38298.86)

【打印批次详细信息】
----------------------------------------------------------------------------------------------------

打印机 1 (尺寸: 1168.0 x 443.0 x 687.0):
--------------------------------------------------------------------------------
  批次 1: 零件数=3, 占用率=62.87%
    - 6: 尺寸 432.0 x 257.0 x 14.0
    - 11: 尺寸 64.0 x 153.0 x 65.0
    - 0: 尺寸 581.0 x 352.0 x 68.0

打印机 2 (尺寸: 1146.0 x 446.0 x 514.0):
--------------------------------------------------------------------------------
  批次 1: 零件数=9, 占用率=64.13%
    - 19: 尺寸 169.0 x 69.0 x 37.0
    - 14: 尺寸 96.0 x 84.0 x 64.0
    - 15: 尺寸 346.0 x 168.0 x 15.0
    - 8: 尺寸 334.0 x 192.0 x 17.0
    - 13: 尺寸 194.0 x 178.0 x 31.0
    - 4: 尺寸 136.0 x 142.0 x 38.0
    - 12: 尺寸 411.0 x 155.0 x 43.0
    - 7: 尺寸 203.0 x 102.0 x 55.0
    - 3: 尺寸 319.0 x 149.0 x 64.0

打印机 3 (尺寸: 1078.0 x 483.0 x 616.0):
--------------------------------------------------------------------------------
  批次 1: 零件数=8, 占用率=68.01%
    - 5: 尺寸 251.0 x 183.0 x 90.0
    - 10: 尺寸 82.0 x 148.0 x 195.0
    - 2: 尺寸 650.0 x 276.0 x 77.0
    - 1: 尺寸 88.0 x 385.0 x 77.0
    - 18: 尺寸 88.0 x 120.0 x 106.0
    - 9: 尺寸 213.0 x 149.0 x 90.0
    - 17: 尺寸 87.0 x 204.0 x 197.0
    - 16: 尺寸 159.0 x 143.0 x 146.0

════════════════════════════════════════════════════════════════
