════════════════════════════════════════════════════════════════
              最优Cmax解的详细调度记录
════════════════════════════════════════════════════════════════

【基本信息】
----------------------------------------------------------------------------------------------------
Cmax (最大完工时间): 58823.53
能耗: 467.91 kWh
装箱质量: 0.6146
批次总数: 6
工件数量: 50
机器数量: 14 (打印机:4, 批处理机:2, 离散机:8)

【染色体编码】
----------------------------------------------------------------------------------------------------
工序序列 (OS): [44, 22, 6, 47, 18, 20, 49, 23, 5, 7, 13, 38, 17, 8, 35, 30, 11, 24, 32, 34, 21, 36, 16, 31, 48, 2, 42, 12, 26, 25, 3, 15, 9, 19, 29, 27, 46, 37, 43, 28, 14, 33, 41, 1, 4, 0, 39, 45, 40, 10, 12, 30, 35, 11, 30, 23, 20, 48, 34, 22, 44, 23, 34, 10, 20, 0, 9, 30, 39, 30, 43, 30, 49, 11, 36, 42, 47, 2, 41, 7, 46, 13, 44, 49, 25, 47, 34, 23, 34, 42, 11, 27, 40, 25, 35, 39, 36, 42, 7, 18, 13, 15, 28, 22, 22, 45, 6, 43, 44, 6, 1, 38, 36, 42, 40, 14, 9, 6, 47, 14, 42, 48, 1, 43, 22, 43, 2, 7, 30, 15, 20, 44, 11, 1, 46, 22, 9, 48, 49, 32, 36, 33, 2, 11, 25, 1, 46, 18, 45, 45, 36, 16, 41, 48, 43, 43, 27, 14, 26, 26, 44, 14, 38, 11, 39, 19, 5, 38, 16, 46, 16, 23, 7, 2, 45, 1, 13, 42, 9, 44, 38, 46, 23, 9, 13, 48, 47, 6, 20, 15, 16, 42, 44, 23, 2, 47, 9, 18, 36, 38, 16, 6, 46, 27, 1, 45, 42, 36, 23, 44, 40, 7, 7, 15, 20, 27, 48, 11, 40, 2, 11, 49, 9, 17, 14, 45, 14, 43, 2, 6, 27, 49, 19, 26]
机器选择 (MS): [4, 4, 4, 4, 4, 4, 1, 1, 3, 4, 3, 4, 4, 2, 4, 2, 4, 2, 1, 3, 2, 3, 3, 4, 1, 4, 3, 4, 2, 3, 4, 4, 2, 4, 4, 1, 1, 4, 3, 1, 3, 4, 4, 3, 1, 4, 2, 1, 3, 1, 1, 1, 1, 1, 1, 3, 1, 1, 1, 1, 1, 2, 2, 2, 2, 2, 1, 1, 1, 1, 1, 1, 1, 1, 3, 1, 1, 2, 2, 1, 2, 1, 1, 1, 1, 1, 1, 2, 1, 2, 1, 1, 2, 2, 2, 1, 1, 2, 1, 3, 1, 1, 1, 3, 2, 1, 1, 1, 2, 1, 1, 1, 1, 3, 2, 2, 2, 2, 2, 1, 2, 3, 2, 3, 2, 1, 2, 2, 1, 3, 1, 1, 1, 2, 2, 1, 1, 1, 1, 2, 1, 1, 2, 2, 1, 1, 3, 1, 1, 1, 3, 3, 1, 1, 2, 1, 1, 1, 2, 3, 1, 1, 1, 3, 2, 2, 1, 1, 3, 1, 2, 1, 1, 3, 2, 2, 1, 2, 1, 1, 1, 1, 1, 1, 1, 1, 1, 1, 1, 3, 1, 2, 1, 1, 1, 2, 1, 1, 1, 2, 1, 2, 2, 2, 1, 1, 3, 1, 3, 3, 3, 1, 1, 1, 1, 2, 2, 1, 1, 1, 3, 2, 1, 1, 1, 1, 1, 1, 2, 2, 1, 1, 1, 1]

【零件加工顺序记录】
----------------------------------------------------------------------------------------------------
工件号      工序号             机器号             开始时间            结束时间            加工时长           
----------------------------------------------------------------------------------------------------

工件 0:
  0        0               打印机4            21372.97        35909.72        14536.76       
  0        1               批处理机2           35909.72        36744.72        835.00         
  0        2               离散机2            36744.72        37968.72        1224.00        

工件 1:
  1        0               打印机3            0.00            23727.38        23727.38       
  1        1               批处理机2           23727.38        24562.38        835.00         
  1        2               离散机5            27708.38        29212.38        1504.00        
  1        3               离散机2            29212.38        30690.38        1478.00        
  1        4               离散机3            33310.97        35080.97        1770.00        
  1        5               离散机8            35080.97        36666.97        1586.00        
  1        6               离散机7            44451.30        45505.30        1054.00        
  1        7               离散机1            48120.30        49054.30        934.00         

工件 2:
  2        0               打印机4            0.00            21372.97        21372.97       
  2        1               批处理机2           21372.97        22207.97        835.00         
  2        2               离散机4            23432.97        24429.97        997.00         
  2        3               离散机1            31897.97        33365.97        1468.00        
  2        4               离散机2            33365.97        34667.97        1302.00        
  2        5               离散机7            43026.30        44451.30        1425.00        
  2        6               离散机7            45505.30        46647.30        1142.00        
  2        7               离散机5            49718.53        51120.53        1402.00        
  2        8               离散机5            51120.53        52194.53        1074.00        

工件 3:
  3        0               打印机4            35909.72        45851.66        9941.93        
  3        1               批处理机2           45851.66        46686.66        835.00         

工件 4:
  4        0               打印机1            0.00            47364.53        47364.53       
  4        1               批处理机2           47364.53        48199.53        835.00         

工件 5:
  5        0               打印机3            0.00            23727.38        23727.38       
  5        1               批处理机2           23727.38        24562.38        835.00         
  5        2               离散机8            30531.97        31471.97        940.00         

工件 6:
  6        0               打印机4            0.00            21372.97        21372.97       
  6        1               批处理机2           21372.97        22207.97        835.00         
  6        2               离散机5            22207.97        23418.97        1211.00        
  6        3               离散机3            27997.97        29735.97        1738.00        
  6        4               离散机7            29735.97        30840.97        1105.00        
  6        5               离散机4            31488.97        32855.97        1367.00        
  6        6               离散机2            40359.72        42090.72        1731.00        
  6        7               离散机5            44439.30        45501.30        1062.00        

工件 7:
  7        0               打印机4            0.00            21372.97        21372.97       
  7        1               批处理机2           21372.97        22207.97        835.00         
  7        2               离散机6            22207.97        23308.97        1101.00        
  7        3               离散机1            27086.97        28449.97        1363.00        
  7        4               离散机2            30690.38        32138.38        1448.00        
  7        5               离散机7            33550.97        34549.97        999.00         
  7        6               离散机6            45550.30        46881.30        1331.00        
  7        7               离散机5            46881.30        48050.30        1169.00        

工件 8:
  8        0               打印机2            0.00            36704.30        36704.30       
  8        1               批处理机1           36704.30        37650.30        946.00         

工件 9:
  9        0               打印机2            0.00            36704.30        36704.30       
  9        1               批处理机1           36704.30        37650.30        946.00         
  9        2               离散机5            37650.30        39386.30        1736.00        
  9        3               离散机5            39386.30        40484.30        1098.00        
  9        4               离散机3            40484.30        41615.30        1131.00        
  9        5               离散机5            41824.30        43030.30        1206.00        
  9        6               离散机5            43030.30        44439.30        1409.00        
  9        7               离散机8            44439.30        46237.30        1798.00        
  9        8               离散机2            48086.30        49009.30        923.00         

工件 10:
  10       0               打印机1            0.00            47364.53        47364.53       
  10       1               批处理机2           47364.53        48199.53        835.00         
  10       2               离散机7            48199.53        49520.53        1321.00        

工件 11:
  11       0               打印机4            35909.72        45851.66        9941.93        
  11       1               批处理机2           45851.66        46686.66        835.00         
  11       2               离散机8            46686.66        48124.66        1438.00        
  11       3               离散机8            49201.53        50655.53        1454.00        
  11       4               离散机2            50655.53        51706.53        1051.00        
  11       5               离散机3            51706.53        53059.53        1353.00        
  11       6               离散机4            53059.53        54597.53        1538.00        
  11       7               离散机5            54597.53        55593.53        996.00         
  11       8               离散机3            55593.53        57278.53        1685.00        
  11       9               离散机3            57278.53        58823.53        1545.00        

工件 12:
  12       0               打印机4            0.00            21372.97        21372.97       
  12       1               批处理机2           21372.97        22207.97        835.00         
  12       2               离散机8            22207.97        23137.97        930.00         

工件 13:
  13       0               打印机3            0.00            23727.38        23727.38       
  13       1               批处理机2           23727.38        24562.38        835.00         
  13       2               离散机6            25567.38        26653.38        1086.00        
  13       3               离散机2            26653.38        27918.38        1265.00        
  13       4               离散机4            28632.97        30023.97        1391.00        
  13       5               离散机4            30023.97        31488.97        1465.00        

工件 14:
  14       0               打印机3            0.00            23727.38        23727.38       
  14       1               批处理机2           23727.38        24562.38        835.00         
  14       2               离散机3            30832.97        32184.97        1352.00        
  14       3               离散机8            32184.97        33310.97        1126.00        
  14       4               离散机1            33365.97        34930.97        1565.00        
  14       5               离散机7            34930.97        36122.97        1192.00        
  14       6               离散机1            36680.97        37591.97        911.00         
  14       7               离散机7            53319.53        54501.53        1182.00        

工件 15:
  15       0               打印机4            21372.97        35909.72        14536.76       
  15       1               批处理机2           35909.72        36744.72        835.00         
  15       2               离散机2            37968.72        39265.72        1297.00        
  15       3               离散机6            40557.30        42204.30        1647.00        
  15       4               离散机6            42204.30        43924.30        1720.00        
  15       5               离散机2            54904.53        56295.53        1391.00        

工件 16:
  16       0               打印机3            0.00            23727.38        23727.38       
  16       1               批处理机2           23727.38        24562.38        835.00         
  16       2               离散机8            29303.97        30531.97        1228.00        
  16       3               离散机3            43959.30        45304.30        1345.00        
  16       4               离散机3            45304.30        46624.30        1320.00        
  16       5               离散机1            46624.30        48120.30        1496.00        
  16       6               离散机3            53059.53        54264.53        1205.00        

工件 17:
  17       0               打印机4            0.00            21372.97        21372.97       
  17       1               批处理机2           21372.97        22207.97        835.00         
  17       2               离散机6            46881.30        47980.30        1099.00        

工件 18:
  18       0               打印机4            0.00            21372.97        21372.97       
  18       1               批处理机2           21372.97        22207.97        835.00         
  18       2               离散机6            23308.97        24410.97        1102.00        
  18       3               离散机8            25706.38        27311.38        1605.00        
  18       4               离散机6            34822.97        36508.97        1686.00        

工件 19:
  19       0               打印机4            21372.97        35909.72        14536.76       
  19       1               批处理机2           35909.72        36744.72        835.00         
  19       2               离散机5            40484.30        41824.30        1340.00        
  19       3               离散机3            48104.30        49130.30        1026.00        

工件 20:
  20       0               打印机4            0.00            21372.97        21372.97       
  20       1               批处理机2           21372.97        22207.97        835.00         
  20       2               离散机1            23635.97        24595.97        960.00         
  20       3               离散机3            24595.97        25714.97        1119.00        
  20       4               离散机7            30840.97        32341.97        1501.00        
  20       5               离散机5            35818.97        36760.97        942.00         
  20       6               离散机8            36760.97        38071.97        1311.00        

工件 21:
  21       0               打印机2            0.00            36704.30        36704.30       
  21       1               批处理机1           36704.30        37650.30        946.00         

工件 22:
  22       0               打印机4            0.00            21372.97        21372.97       
  22       1               批处理机2           21372.97        22207.97        835.00         
  22       2               离散机4            22207.97        23432.97        1225.00        
  22       3               离散机1            28449.97        29435.97        986.00         
  22       4               离散机6            29435.97        30656.97        1221.00        
  22       5               离散机6            30656.97        31656.97        1000.00        
  22       6               离散机6            33244.97        34822.97        1578.00        

工件 23:
  23       0               打印机1            0.00            47364.53        47364.53       
  23       1               批处理机2           47364.53        48199.53        835.00         
  23       2               离散机8            48199.53        49201.53        1002.00        
  23       3               离散机1            49201.53        50512.53        1311.00        
  23       4               离散机6            50512.53        51456.53        944.00         
  23       5               离散机6            52892.53        54440.53        1548.00        
  23       6               离散机3            54440.53        55350.53        910.00         
  23       7               离散机8            55350.53        56877.53        1527.00        
  23       8               离散机6            56963.53        58197.53        1234.00        

工件 24:
  24       0               打印机2            0.00            36704.30        36704.30       
  24       1               批处理机1           36704.30        37650.30        946.00         

工件 25:
  25       0               打印机3            0.00            23727.38        23727.38       
  25       1               批处理机2           23727.38        24562.38        835.00         
  25       2               离散机8            24562.38        25706.38        1144.00        
  25       3               离散机4            27147.97        28632.97        1485.00        
  25       4               离散机2            34667.97        36165.97        1498.00        

工件 26:
  26       0               打印机2            0.00            36704.30        36704.30       
  26       1               批处理机1           36704.30        37650.30        946.00         
  26       2               离散机6            37787.72        39204.72        1417.00        
  26       3               离散机1            40658.30        42452.30        1794.00        
  26       4               离散机5            52194.53        53181.53        987.00         

工件 27:
  27       0               打印机1            0.00            47364.53        47364.53       
  27       1               批处理机2           47364.53        48199.53        835.00         
  27       2               离散机5            48199.53        49718.53        1519.00        
  27       3               离散机4            51701.53        52699.53        998.00         
  27       4               离散机2            53297.53        54904.53        1607.00        
  27       5               离散机5            55593.53        56896.53        1303.00        
  27       6               离散机7            57265.53        58316.53        1051.00        

工件 28:
  28       0               打印机1            0.00            47364.53        47364.53       
  28       1               批处理机2           47364.53        48199.53        835.00         
  28       2               离散机7            49520.53        50579.53        1059.00        

工件 29:
  29       0               打印机4            21372.97        35909.72        14536.76       
  29       1               批处理机2           35909.72        36744.72        835.00         

工件 30:
  30       0               打印机2            0.00            36704.30        36704.30       
  30       1               批处理机1           36704.30        37650.30        946.00         
  30       2               离散机1            37650.30        39428.30        1778.00        
  30       3               离散机6            39428.30        40557.30        1129.00        
  30       4               离散机7            40557.30        41717.30        1160.00        
  30       5               离散机7            41717.30        43026.30        1309.00        
  30       6               离散机3            43026.30        43959.30        933.00         
  30       7               离散机2            43959.30        45379.30        1420.00        

工件 31:
  31       0               打印机4            35909.72        45851.66        9941.93        
  31       1               批处理机2           45851.66        46686.66        835.00         

工件 32:
  32       0               打印机1            0.00            47364.53        47364.53       
  32       1               批处理机2           47364.53        48199.53        835.00         
  32       2               离散机6            49128.53        50201.53        1073.00        

工件 33:
  33       0               打印机4            21372.97        35909.72        14536.76       
  33       1               批处理机2           35909.72        36744.72        835.00         
  33       2               离散机3            38843.30        40450.30        1607.00        

工件 34:
  34       0               打印机3            0.00            23727.38        23727.38       
  34       1               批处理机2           23727.38        24562.38        835.00         
  34       2               离散机1            24595.97        25524.97        929.00         
  34       3               离散机1            25524.97        27086.97        1562.00        
  34       4               离散机6            27086.97        28124.97        1038.00        
  34       5               离散机8            28124.97        29303.97        1179.00        

工件 35:
  35       0               打印机4            0.00            21372.97        21372.97       
  35       1               批处理机2           21372.97        22207.97        835.00         
  35       2               离散机1            22207.97        23635.97        1428.00        
  35       3               离散机5            25698.38        26795.38        1097.00        

工件 36:
  36       0               打印机3            0.00            23727.38        23727.38       
  36       1               批处理机2           23727.38        24562.38        835.00         
  36       2               离散机6            24562.38        25567.38        1005.00        
  36       3               离散机5            26795.38        27708.38        913.00         
  36       4               离散机6            28124.97        29304.97        1180.00        
  36       5               离散机7            32341.97        33550.97        1209.00        
  36       6               离散机2            39265.72        40359.72        1094.00        
  36       7               离散机1            45536.30        46518.30        982.00         
  36       8               离散机8            51672.53        52816.53        1144.00        

工件 37:
  37       0               打印机4            21372.97        35909.72        14536.76       
  37       1               批处理机2           35909.72        36744.72        835.00         

工件 38:
  38       0               打印机4            21372.97        35909.72        14536.76       
  38       1               批处理机2           35909.72        36744.72        835.00         
  38       2               离散机7            36744.72        38009.72        1265.00        
  38       3               离散机3            41615.30        42562.30        947.00         
  38       4               离散机2            42562.30        43585.30        1023.00        
  38       5               离散机3            46624.30        48104.30        1480.00        
  38       6               离散机7            52291.53        53319.53        1028.00        

工件 39:
  39       0               打印机2            0.00            36704.30        36704.30       
  39       1               批处理机1           36704.30        37650.30        946.00         
  39       2               离散机3            37650.30        38843.30        1193.00        
  39       3               离散机7            38843.30        40061.30        1218.00        
  39       4               离散机1            42452.30        43982.30        1530.00        

工件 40:
  40       0               打印机3            0.00            23727.38        23727.38       
  40       1               批处理机2           23727.38        24562.38        835.00         
  40       2               离散机3            26850.97        27997.97        1147.00        
  40       3               离散机3            29735.97        30832.97        1097.00        
  40       4               离散机2            46503.30        48086.30        1583.00        
  40       5               离散机4            54597.53        55886.53        1289.00        

工件 41:
  41       0               打印机4            35909.72        45851.66        9941.93        
  41       1               批处理机2           45851.66        46686.66        835.00         
  41       2               离散机4            49170.53        50692.53        1522.00        
  41       3               离散机7            50692.53        52291.53        1599.00        

工件 42:
  42       0               打印机3            0.00            23727.38        23727.38       
  42       1               批处理机2           23727.38        24562.38        835.00         
  42       2               离散机5            24562.38        25698.38        1136.00        
  42       3               离散机4            26106.97        27147.97        1041.00        
  42       4               离散机7            27147.97        28677.97        1530.00        
  42       5               离散机1            29435.97        30902.97        1467.00        
  42       6               离散机3            32184.97        33310.97        1126.00        
  42       7               离散机1            34930.97        36680.97        1750.00        
  42       8               离散机6            43924.30        45550.30        1626.00        
  42       9               离散机5            45550.30        46686.30        1136.00        

工件 43:
  43       0               打印机3            0.00            23727.38        23727.38       
  43       1               批处理机2           23727.38        24562.38        835.00         
  43       2               离散机3            25714.97        26850.97        1136.00        
  43       3               离散机7            28677.97        29619.97        942.00         
  43       4               离散机1            30902.97        31897.97        995.00         
  43       5               离散机5            31897.97        33216.97        1319.00        
  43       6               离散机3            35080.97        36069.97        989.00         
  43       7               离散机3            36069.97        37607.97        1538.00        
  43       8               离散机8            38071.97        39534.97        1463.00        

工件 44:
  44       0               打印机4            0.00            21372.97        21372.97       
  44       1               批处理机2           21372.97        22207.97        835.00         
  44       2               离散机8            23137.97        24155.97        1018.00        
  44       3               离散机4            24429.97        26106.97        1677.00        
  44       4               离散机2            27918.38        29131.38        1213.00        
  44       5               离散机6            31656.97        33244.97        1588.00        
  44       6               离散机5            33244.97        34259.97        1015.00        
  44       7               离散机5            34259.97        35818.97        1559.00        
  44       8               离散机1            43982.30        45536.30        1554.00        
  44       9               离散机2            45536.30        46503.30        967.00         

工件 45:
  45       0               打印机1            0.00            47364.53        47364.53       
  45       1               批处理机2           47364.53        48199.53        835.00         
  45       2               离散机8            50655.53        51672.53        1017.00        
  45       3               离散机2            51706.53        53297.53        1591.00        
  45       4               离散机8            53297.53        54357.53        1060.00        
  45       5               离散机6            54440.53        55864.53        1424.00        
  45       6               离散机6            55864.53        56963.53        1099.00        
  45       7               离散机2            57358.53        58503.53        1145.00        

工件 46:
  46       0               打印机1            0.00            47364.53        47364.53       
  46       1               批处理机2           47364.53        48199.53        835.00         
  46       2               离散机1            50512.53        52042.53        1530.00        
  46       3               离散机1            52042.53        53221.53        1179.00        
  46       4               离散机5            53221.53        54579.53        1358.00        
  46       5               离散机7            54579.53        55767.53        1188.00        
  46       6               离散机7            55767.53        57265.53        1498.00        
  46       7               离散机4            57265.53        58606.53        1341.00        

工件 47:
  47       0               打印机4            21372.97        35909.72        14536.76       
  47       1               批处理机2           35909.72        36744.72        835.00         
  47       2               离散机6            36744.72        37787.72        1043.00        
  47       3               离散机1            39428.30        40658.30        1230.00        
  47       4               离散机8            40658.30        42154.30        1496.00        
  47       5               离散机8            42154.30        43614.30        1460.00        
  47       6               离散机7            46647.30        47647.30        1000.00        

工件 48:
  48       0               打印机1            0.00            47364.53        47364.53       
  48       1               批处理机2           47364.53        48199.53        835.00         
  48       2               离散机4            48199.53        49170.53        971.00         
  48       3               离散机3            49170.53        50654.53        1484.00        
  48       4               离散机4            50692.53        51701.53        1009.00        
  48       5               离散机6            51701.53        52892.53        1191.00        
  48       6               离散机1            53221.53        54177.53        956.00         
  48       7               离散机2            56295.53        57358.53        1063.00        

工件 49:
  49       0               打印机1            0.00            47364.53        47364.53       
  49       1               批处理机2           47364.53        48199.53        835.00         
  49       2               离散机6            48199.53        49128.53        929.00         
  49       3               离散机2            49128.53        50485.53        1357.00        
  49       4               离散机3            50654.53        51572.53        918.00         
  49       5               离散机8            54357.53        55316.53        959.00         
  49       6               离散机4            55886.53        56811.53        925.00         

【机器加工顺序记录】
----------------------------------------------------------------------------------------------------

打印机1:
工件号      工序号             开始时间            结束时间            加工时长           
--------------------------------------------------------------------------------
  4        0               0.00            47364.53        47364.53       
  10       0               0.00            47364.53        47364.53       
  23       0               0.00            47364.53        47364.53       
  27       0               0.00            47364.53        47364.53       
  28       0               0.00            47364.53        47364.53       
  32       0               0.00            47364.53        47364.53       
  45       0               0.00            47364.53        47364.53       
  46       0               0.00            47364.53        47364.53       
  48       0               0.00            47364.53        47364.53       
  49       0               0.00            47364.53        47364.53       

  机器利用率: 805.20% (忙碌时间: 473645.29 / 总时间: 58823.53)

打印机2:
工件号      工序号             开始时间            结束时间            加工时长           
--------------------------------------------------------------------------------
  8        0               0.00            36704.30        36704.30       
  9        0               0.00            36704.30        36704.30       
  21       0               0.00            36704.30        36704.30       
  24       0               0.00            36704.30        36704.30       
  26       0               0.00            36704.30        36704.30       
  30       0               0.00            36704.30        36704.30       
  39       0               0.00            36704.30        36704.30       

  机器利用率: 436.78% (忙碌时间: 256930.07 / 总时间: 58823.53)

打印机3:
工件号      工序号             开始时间            结束时间            加工时长           
--------------------------------------------------------------------------------
  1        0               0.00            23727.38        23727.38       
  5        0               0.00            23727.38        23727.38       
  13       0               0.00            23727.38        23727.38       
  14       0               0.00            23727.38        23727.38       
  16       0               0.00            23727.38        23727.38       
  25       0               0.00            23727.38        23727.38       
  34       0               0.00            23727.38        23727.38       
  36       0               0.00            23727.38        23727.38       
  40       0               0.00            23727.38        23727.38       
  42       0               0.00            23727.38        23727.38       
  43       0               0.00            23727.38        23727.38       

  机器利用率: 443.70% (忙碌时间: 261001.22 / 总时间: 58823.53)

打印机4:
工件号      工序号             开始时间            结束时间            加工时长           
--------------------------------------------------------------------------------
  2        0               0.00            21372.97        21372.97       
  6        0               0.00            21372.97        21372.97       
  7        0               0.00            21372.97        21372.97       
  12       0               0.00            21372.97        21372.97       
  17       0               0.00            21372.97        21372.97       
  18       0               0.00            21372.97        21372.97       
  20       0               0.00            21372.97        21372.97       
  22       0               0.00            21372.97        21372.97       
  35       0               0.00            21372.97        21372.97       
  44       0               0.00            21372.97        21372.97       
  0        0               21372.97        35909.72        14536.76       
  15       0               21372.97        35909.72        14536.76       
  19       0               21372.97        35909.72        14536.76       
  29       0               21372.97        35909.72        14536.76       
  33       0               21372.97        35909.72        14536.76       
  37       0               21372.97        35909.72        14536.76       
  38       0               21372.97        35909.72        14536.76       
  47       0               21372.97        35909.72        14536.76       
  3        0               35909.72        45851.66        9941.93        
  11       0               35909.72        45851.66        9941.93        
  31       0               35909.72        45851.66        9941.93        
  41       0               35909.72        45851.66        9941.93        

  机器利用率: 628.65% (忙碌时间: 369791.45 / 总时间: 58823.53)

批处理机1:
工件号      工序号             开始时间            结束时间            加工时长           
--------------------------------------------------------------------------------
  8        1               36704.30        37650.30        946.00         
  9        1               36704.30        37650.30        946.00         
  21       1               36704.30        37650.30        946.00         
  24       1               36704.30        37650.30        946.00         
  26       1               36704.30        37650.30        946.00         
  30       1               36704.30        37650.30        946.00         
  39       1               36704.30        37650.30        946.00         

  机器利用率: 11.26% (忙碌时间: 6622.00 / 总时间: 58823.53)

批处理机2:
工件号      工序号             开始时间            结束时间            加工时长           
--------------------------------------------------------------------------------
  2        1               21372.97        22207.97        835.00         
  6        1               21372.97        22207.97        835.00         
  7        1               21372.97        22207.97        835.00         
  12       1               21372.97        22207.97        835.00         
  17       1               21372.97        22207.97        835.00         
  18       1               21372.97        22207.97        835.00         
  20       1               21372.97        22207.97        835.00         
  22       1               21372.97        22207.97        835.00         
  35       1               21372.97        22207.97        835.00         
  44       1               21372.97        22207.97        835.00         
  1        1               23727.38        24562.38        835.00         
  5        1               23727.38        24562.38        835.00         
  13       1               23727.38        24562.38        835.00         
  14       1               23727.38        24562.38        835.00         
  16       1               23727.38        24562.38        835.00         
  25       1               23727.38        24562.38        835.00         
  34       1               23727.38        24562.38        835.00         
  36       1               23727.38        24562.38        835.00         
  40       1               23727.38        24562.38        835.00         
  42       1               23727.38        24562.38        835.00         
  43       1               23727.38        24562.38        835.00         
  0        1               35909.72        36744.72        835.00         
  15       1               35909.72        36744.72        835.00         
  19       1               35909.72        36744.72        835.00         
  29       1               35909.72        36744.72        835.00         
  33       1               35909.72        36744.72        835.00         
  37       1               35909.72        36744.72        835.00         
  38       1               35909.72        36744.72        835.00         
  47       1               35909.72        36744.72        835.00         
  3        1               45851.66        46686.66        835.00         
  11       1               45851.66        46686.66        835.00         
  31       1               45851.66        46686.66        835.00         
  41       1               45851.66        46686.66        835.00         
  4        1               47364.53        48199.53        835.00         
  10       1               47364.53        48199.53        835.00         
  23       1               47364.53        48199.53        835.00         
  27       1               47364.53        48199.53        835.00         
  28       1               47364.53        48199.53        835.00         
  32       1               47364.53        48199.53        835.00         
  45       1               47364.53        48199.53        835.00         
  46       1               47364.53        48199.53        835.00         
  48       1               47364.53        48199.53        835.00         
  49       1               47364.53        48199.53        835.00         

  机器利用率: 61.04% (忙碌时间: 35905.00 / 总时间: 58823.53)

离散机1:
工件号      工序号             开始时间            结束时间            加工时长           
--------------------------------------------------------------------------------
  35       2               22207.97        23635.97        1428.00        
  20       2               23635.97        24595.97        960.00         
  34       2               24595.97        25524.97        929.00         
  34       3               25524.97        27086.97        1562.00        
  7        3               27086.97        28449.97        1363.00        
  22       3               28449.97        29435.97        986.00         
  42       5               29435.97        30902.97        1467.00        
  43       4               30902.97        31897.97        995.00         
  2        3               31897.97        33365.97        1468.00        
  14       4               33365.97        34930.97        1565.00        
  42       7               34930.97        36680.97        1750.00        
  14       6               36680.97        37591.97        911.00         
  30       2               37650.30        39428.30        1778.00        
  47       3               39428.30        40658.30        1230.00        
  26       3               40658.30        42452.30        1794.00        
  39       4               42452.30        43982.30        1530.00        
  44       8               43982.30        45536.30        1554.00        
  36       7               45536.30        46518.30        982.00         
  16       5               46624.30        48120.30        1496.00        
  1        7               48120.30        49054.30        934.00         
  23       3               49201.53        50512.53        1311.00        
  46       2               50512.53        52042.53        1530.00        
  46       3               52042.53        53221.53        1179.00        
  48       6               53221.53        54177.53        956.00         

  机器利用率: 53.82% (忙碌时间: 31658.00 / 总时间: 58823.53)

离散机2:
工件号      工序号             开始时间            结束时间            加工时长           
--------------------------------------------------------------------------------
  13       3               26653.38        27918.38        1265.00        
  44       4               27918.38        29131.38        1213.00        
  1        3               29212.38        30690.38        1478.00        
  7        4               30690.38        32138.38        1448.00        
  2        4               33365.97        34667.97        1302.00        
  25       4               34667.97        36165.97        1498.00        
  0        2               36744.72        37968.72        1224.00        
  15       2               37968.72        39265.72        1297.00        
  36       6               39265.72        40359.72        1094.00        
  6        6               40359.72        42090.72        1731.00        
  38       4               42562.30        43585.30        1023.00        
  30       7               43959.30        45379.30        1420.00        
  44       9               45536.30        46503.30        967.00         
  40       4               46503.30        48086.30        1583.00        
  9        8               48086.30        49009.30        923.00         
  49       3               49128.53        50485.53        1357.00        
  11       4               50655.53        51706.53        1051.00        
  45       3               51706.53        53297.53        1591.00        
  27       4               53297.53        54904.53        1607.00        
  15       5               54904.53        56295.53        1391.00        
  48       7               56295.53        57358.53        1063.00        
  45       7               57358.53        58503.53        1145.00        

  机器利用率: 48.74% (忙碌时间: 28671.00 / 总时间: 58823.53)

离散机3:
工件号      工序号             开始时间            结束时间            加工时长           
--------------------------------------------------------------------------------
  20       3               24595.97        25714.97        1119.00        
  43       2               25714.97        26850.97        1136.00        
  40       2               26850.97        27997.97        1147.00        
  6        3               27997.97        29735.97        1738.00        
  40       3               29735.97        30832.97        1097.00        
  14       2               30832.97        32184.97        1352.00        
  42       6               32184.97        33310.97        1126.00        
  1        4               33310.97        35080.97        1770.00        
  43       6               35080.97        36069.97        989.00         
  43       7               36069.97        37607.97        1538.00        
  39       2               37650.30        38843.30        1193.00        
  33       2               38843.30        40450.30        1607.00        
  9        4               40484.30        41615.30        1131.00        
  38       3               41615.30        42562.30        947.00         
  30       6               43026.30        43959.30        933.00         
  16       3               43959.30        45304.30        1345.00        
  16       4               45304.30        46624.30        1320.00        
  38       5               46624.30        48104.30        1480.00        
  19       3               48104.30        49130.30        1026.00        
  48       3               49170.53        50654.53        1484.00        
  49       4               50654.53        51572.53        918.00         
  11       5               51706.53        53059.53        1353.00        
  16       6               53059.53        54264.53        1205.00        
  23       6               54440.53        55350.53        910.00         
  11       8               55593.53        57278.53        1685.00        
  11       9               57278.53        58823.53        1545.00        

  机器利用率: 56.26% (忙碌时间: 33094.00 / 总时间: 58823.53)

离散机4:
工件号      工序号             开始时间            结束时间            加工时长           
--------------------------------------------------------------------------------
  22       2               22207.97        23432.97        1225.00        
  2        2               23432.97        24429.97        997.00         
  44       3               24429.97        26106.97        1677.00        
  42       3               26106.97        27147.97        1041.00        
  25       3               27147.97        28632.97        1485.00        
  13       4               28632.97        30023.97        1391.00        
  13       5               30023.97        31488.97        1465.00        
  6        5               31488.97        32855.97        1367.00        
  48       2               48199.53        49170.53        971.00         
  41       2               49170.53        50692.53        1522.00        
  48       4               50692.53        51701.53        1009.00        
  27       3               51701.53        52699.53        998.00         
  11       6               53059.53        54597.53        1538.00        
  40       5               54597.53        55886.53        1289.00        
  49       6               55886.53        56811.53        925.00         
  46       7               57265.53        58606.53        1341.00        

  机器利用率: 34.41% (忙碌时间: 20241.00 / 总时间: 58823.53)

离散机5:
工件号      工序号             开始时间            结束时间            加工时长           
--------------------------------------------------------------------------------
  6        2               22207.97        23418.97        1211.00        
  42       2               24562.38        25698.38        1136.00        
  35       3               25698.38        26795.38        1097.00        
  36       3               26795.38        27708.38        913.00         
  1        2               27708.38        29212.38        1504.00        
  43       5               31897.97        33216.97        1319.00        
  44       6               33244.97        34259.97        1015.00        
  44       7               34259.97        35818.97        1559.00        
  20       5               35818.97        36760.97        942.00         
  9        2               37650.30        39386.30        1736.00        
  9        3               39386.30        40484.30        1098.00        
  19       2               40484.30        41824.30        1340.00        
  9        5               41824.30        43030.30        1206.00        
  9        6               43030.30        44439.30        1409.00        
  6        7               44439.30        45501.30        1062.00        
  42       9               45550.30        46686.30        1136.00        
  7        7               46881.30        48050.30        1169.00        
  27       2               48199.53        49718.53        1519.00        
  2        7               49718.53        51120.53        1402.00        
  2        8               51120.53        52194.53        1074.00        
  26       4               52194.53        53181.53        987.00         
  46       4               53221.53        54579.53        1358.00        
  11       7               54597.53        55593.53        996.00         
  27       5               55593.53        56896.53        1303.00        

  机器利用率: 50.13% (忙碌时间: 29491.00 / 总时间: 58823.53)

离散机6:
工件号      工序号             开始时间            结束时间            加工时长           
--------------------------------------------------------------------------------
  7        2               22207.97        23308.97        1101.00        
  18       2               23308.97        24410.97        1102.00        
  36       2               24562.38        25567.38        1005.00        
  13       2               25567.38        26653.38        1086.00        
  34       4               27086.97        28124.97        1038.00        
  36       4               28124.97        29304.97        1180.00        
  22       4               29435.97        30656.97        1221.00        
  22       5               30656.97        31656.97        1000.00        
  44       5               31656.97        33244.97        1588.00        
  22       6               33244.97        34822.97        1578.00        
  18       4               34822.97        36508.97        1686.00        
  47       2               36744.72        37787.72        1043.00        
  26       2               37787.72        39204.72        1417.00        
  30       3               39428.30        40557.30        1129.00        
  15       3               40557.30        42204.30        1647.00        
  15       4               42204.30        43924.30        1720.00        
  42       8               43924.30        45550.30        1626.00        
  7        6               45550.30        46881.30        1331.00        
  17       2               46881.30        47980.30        1099.00        
  49       2               48199.53        49128.53        929.00         
  32       2               49128.53        50201.53        1073.00        
  23       4               50512.53        51456.53        944.00         
  48       5               51701.53        52892.53        1191.00        
  23       5               52892.53        54440.53        1548.00        
  45       5               54440.53        55864.53        1424.00        
  45       6               55864.53        56963.53        1099.00        
  23       8               56963.53        58197.53        1234.00        

  机器利用率: 57.87% (忙碌时间: 34039.00 / 总时间: 58823.53)

离散机7:
工件号      工序号             开始时间            结束时间            加工时长           
--------------------------------------------------------------------------------
  42       4               27147.97        28677.97        1530.00        
  43       3               28677.97        29619.97        942.00         
  6        4               29735.97        30840.97        1105.00        
  20       4               30840.97        32341.97        1501.00        
  36       5               32341.97        33550.97        1209.00        
  7        5               33550.97        34549.97        999.00         
  14       5               34930.97        36122.97        1192.00        
  38       2               36744.72        38009.72        1265.00        
  39       3               38843.30        40061.30        1218.00        
  30       4               40557.30        41717.30        1160.00        
  30       5               41717.30        43026.30        1309.00        
  2        5               43026.30        44451.30        1425.00        
  1        6               44451.30        45505.30        1054.00        
  2        6               45505.30        46647.30        1142.00        
  47       6               46647.30        47647.30        1000.00        
  10       2               48199.53        49520.53        1321.00        
  28       2               49520.53        50579.53        1059.00        
  41       3               50692.53        52291.53        1599.00        
  38       6               52291.53        53319.53        1028.00        
  14       7               53319.53        54501.53        1182.00        
  46       5               54579.53        55767.53        1188.00        
  46       6               55767.53        57265.53        1498.00        
  27       6               57265.53        58316.53        1051.00        

  机器利用率: 47.56% (忙碌时间: 27977.00 / 总时间: 58823.53)

离散机8:
工件号      工序号             开始时间            结束时间            加工时长           
--------------------------------------------------------------------------------
  12       2               22207.97        23137.97        930.00         
  44       2               23137.97        24155.97        1018.00        
  25       2               24562.38        25706.38        1144.00        
  18       3               25706.38        27311.38        1605.00        
  34       5               28124.97        29303.97        1179.00        
  16       2               29303.97        30531.97        1228.00        
  5        2               30531.97        31471.97        940.00         
  14       3               32184.97        33310.97        1126.00        
  1        5               35080.97        36666.97        1586.00        
  20       6               36760.97        38071.97        1311.00        
  43       8               38071.97        39534.97        1463.00        
  47       4               40658.30        42154.30        1496.00        
  47       5               42154.30        43614.30        1460.00        
  9        7               44439.30        46237.30        1798.00        
  11       2               46686.66        48124.66        1438.00        
  23       2               48199.53        49201.53        1002.00        
  11       3               49201.53        50655.53        1454.00        
  45       2               50655.53        51672.53        1017.00        
  36       8               51672.53        52816.53        1144.00        
  45       4               53297.53        54357.53        1060.00        
  49       5               54357.53        55316.53        959.00         
  23       7               55350.53        56877.53        1527.00        

  机器利用率: 47.40% (忙碌时间: 27885.00 / 总时间: 58823.53)

【打印批次详细信息】
----------------------------------------------------------------------------------------------------

打印机 1 (尺寸: 1061.0 x 460.0 x 511.0):
--------------------------------------------------------------------------------
  批次 1: 零件数=10, 占用率=79.74%
    - 49: 尺寸 476.0 x 230.0 x 168.0
    - 23: 尺寸 263.0 x 91.0 x 136.0
    - 32: 尺寸 117.0 x 87.0 x 57.0
    - 48: 尺寸 158.0 x 362.0 x 102.0
    - 45: 尺寸 160.0 x 143.0 x 116.0
    - 27: 尺寸 80.0 x 113.0 x 151.0
    - 28: 尺寸 159.0 x 207.0 x 88.0
    - 4: 尺寸 98.0 x 66.0 x 169.0
    - 46: 尺寸 463.0 x 229.0 x 199.0
    - 10: 尺寸 140.0 x 79.0 x 32.0

打印机 2 (尺寸: 1102.0 x 487.0 x 623.0):
--------------------------------------------------------------------------------
  批次 1: 零件数=7, 占用率=63.75%
    - 8: 尺寸 451.0 x 292.0 x 10.0
    - 30: 尺寸 51.0 x 57.0 x 63.0
    - 24: 尺寸 310.0 x 250.0 x 57.0
    - 21: 尺寸 200.0 x 92.0 x 13.0
    - 26: 尺寸 137.0 x 371.0 x 62.0
    - 9: 尺寸 137.0 x 206.0 x 68.0
    - 39: 尺寸 243.0 x 134.0 x 70.0

打印机 3 (尺寸: 977.0 x 403.0 x 687.0):
--------------------------------------------------------------------------------
  批次 1: 零件数=11, 占用率=87.00%
    - 5: 尺寸 145.0 x 86.0 x 67.0
    - 13: 尺寸 636.0 x 152.0 x 46.0
    - 36: 尺寸 192.0 x 288.0 x 89.0
    - 34: 尺寸 136.0 x 151.0 x 15.0
    - 16: 尺寸 438.0 x 159.0 x 84.0
    - 42: 尺寸 183.0 x 168.0 x 70.0
    - 14: 尺寸 129.0 x 111.0 x 73.0
    - 1: 尺寸 197.0 x 108.0 x 87.0
    - 25: 尺寸 105.0 x 80.0 x 86.0
    - 43: 尺寸 69.0 x 76.0 x 28.0
    - 40: 尺寸 124.0 x 64.0 x 42.0

打印机 4 (尺寸: 1162.0 x 485.0 x 618.0):
--------------------------------------------------------------------------------
  批次 1: 零件数=10, 占用率=94.54%
    - 44: 尺寸 632.0 x 309.0 x 29.0
    - 6: 尺寸 501.0 x 339.0 x 185.0
    - 22: 尺寸 59.0 x 130.0 x 135.0
    - 18: 尺寸 284.0 x 172.0 x 110.0
    - 20: 尺寸 185.0 x 136.0 x 179.0
    - 12: 尺寸 94.0 x 138.0 x 44.0
    - 7: 尺寸 153.0 x 146.0 x 90.0
    - 17: 尺寸 183.0 x 141.0 x 188.0
    - 2: 尺寸 197.0 x 71.0 x 91.0
    - 35: 尺寸 147.0 x 74.0 x 98.0
  批次 2: 零件数=8, 占用率=83.93%
    - 47: 尺寸 555.0 x 334.0 x 118.0
    - 15: 尺寸 561.0 x 343.0 x 127.0
    - 38: 尺寸 480.0 x 86.0 x 105.0
    - 0: 尺寸 69.0 x 60.0 x 11.0
    - 19: 尺寸 255.0 x 86.0 x 76.0
    - 29: 尺寸 90.0 x 93.0 x 92.0
    - 37: 尺寸 158.0 x 54.0 x 89.0
    - 33: 尺寸 98.0 x 112.0 x 19.0
  批次 3: 零件数=4, 占用率=61.46%
    - 11: 尺寸 222.0 x 255.0 x 86.0
    - 31: 尺寸 359.0 x 232.0 x 75.0
    - 3: 尺寸 550.0 x 193.0 x 83.0
    - 41: 尺寸 444.0 x 226.0 x 15.0

════════════════════════════════════════════════════════════════
