════════════════════════════════════════════════════════════════
              最优Cmax解的详细调度记录
════════════════════════════════════════════════════════════════

【基本信息】
----------------------------------------------------------------------------------------------------
Cmax (最大完工时间): 38904.86
能耗: 220.94 kWh
装箱质量: 0.3385
批次总数: 3
工件数量: 20
机器数量: 10 (打印机:3, 批处理机:2, 离散机:5)

【染色体编码】
----------------------------------------------------------------------------------------------------
工序序列 (OS): [9, 6, 13, 0, 2, 15, 4, 8, 17, 19, 11, 3, 5, 16, 7, 14, 12, 10, 1, 18, 11, 0, 0, 9, 1, 17, 7, 8, 16, 4, 0, 3, 11, 11, 3, 4, 4, 1, 0, 0, 11, 4, 16, 16, 2, 10, 8, 4, 6, 13, 11, 8, 14, 3, 14, 13, 9, 1, 14, 13, 17, 3, 8, 18, 3, 0, 2, 19, 4, 14, 14, 17, 9, 1, 4, 17, 7, 6, 8, 7, 2, 3, 18, 14, 1, 14, 17, 16, 4, 6, 11, 0, 0, 6, 13, 17, 11, 6, 13]
机器选择 (MS): [2, 1, 2, 2, 3, 3, 2, 1, 3, 3, 2, 3, 3, 3, 2, 2, 2, 3, 2, 3, 1, 1, 1, 1, 1, 2, 2, 1, 2, 1, 2, 2, 2, 1, 1, 1, 1, 1, 1, 1, 3, 1, 2, 1, 2, 1, 2, 1, 3, 1, 2, 2, 1, 1, 1, 1, 2, 1, 1, 1, 1, 1, 1, 2, 2, 1, 1, 2, 1, 1, 1, 3, 2, 1, 2, 2, 2, 1, 2, 2, 2, 1, 1, 2, 1, 3, 1, 2, 2, 2, 1, 3, 1, 1, 2, 2, 2, 1, 3]

【零件加工顺序记录】
----------------------------------------------------------------------------------------------------
工件号      工序号             机器号             开始时间            结束时间            加工时长           
----------------------------------------------------------------------------------------------------

工件 0:
  0        0               打印机2            0.00            16073.17        16073.17       
  0        1               批处理机2           16073.17        17168.17        1095.00        
  0        2               离散机1            17168.17        18244.17        1076.00        
  0        3               离散机4            18244.17        19388.17        1144.00        
  0        4               离散机5            19727.17        21079.17        1352.00        
  0        5               离散机4            21079.17        22017.17        938.00         
  0        6               离散机1            23753.17        24818.17        1065.00        
  0        7               离散机3            25551.17        26748.17        1197.00        
  0        8               离散机4            26748.17        27800.17        1052.00        
  0        9               离散机3            28501.17        29694.17        1193.00        

工件 1:
  1        0               打印机2            0.00            16073.17        16073.17       
  1        1               批处理机2           16073.17        17168.17        1095.00        
  1        2               离散机5            17168.17        18429.17        1261.00        
  1        3               离散机1            22827.17        23753.17        926.00         
  1        4               离散机4            23753.17        24964.17        1211.00        
  1        5               离散机5            24964.17        25885.17        921.00         
  1        6               离散机2            28357.17        29258.17        901.00         

工件 2:
  2        0               打印机3            0.00            28723.86        28723.86       
  2        1               批处理机2           28723.86        29818.86        1095.00        
  2        2               离散机1            31105.86        32697.86        1592.00        
  2        3               离散机1            32697.86        33854.86        1157.00        
  2        4               离散机2            36094.86        37065.86        971.00         

工件 3:
  3        0               打印机3            0.00            28723.86        28723.86       
  3        1               批处理机2           28723.86        29818.86        1095.00        
  3        2               离散机3            29818.86        31393.86        1575.00        
  3        3               离散机4            31393.86        33193.86        1800.00        
  3        4               离散机5            33193.86        34757.86        1564.00        
  3        5               离散机1            34757.86        35783.86        1026.00        
  3        6               离散机4            35783.86        37238.86        1455.00        
  3        7               离散机4            37238.86        38904.86        1666.00        

工件 4:
  4        0               打印机2            0.00            16073.17        16073.17       
  4        1               批处理机2           16073.17        17168.17        1095.00        
  4        2               离散机5            18429.17        19727.17        1298.00        
  4        3               离散机1            21633.17        22827.17        1194.00        
  4        4               离散机3            22827.17        24386.17        1559.00        
  4        5               离散机2            24386.17        25675.17        1289.00        
  4        6               离散机2            25675.17        27147.17        1472.00        
  4        7               离散机5            27147.17        28052.17        905.00         
  4        8               离散机4            28052.17        28994.17        942.00         
  4        9               离散机1            35783.86        37198.86        1415.00        

工件 5:
  5        0               打印机3            0.00            28723.86        28723.86       
  5        1               批处理机2           28723.86        29818.86        1095.00        

工件 6:
  6        0               打印机1            0.00            4864.27         4864.27        
  6        1               批处理机2           4864.27         5959.27         1095.00        
  6        2               离散机5            5959.27         7006.27         1047.00        
  6        3               离散机3            7006.27         8687.27         1681.00        
  6        4               离散机3            8687.27         10348.27        1661.00        
  6        5               离散机1            10348.27        11674.27        1326.00        
  6        6               离散机3            12581.27        13859.27        1278.00        

工件 7:
  7        0               打印机2            0.00            16073.17        16073.17       
  7        1               批处理机2           16073.17        17168.17        1095.00        
  7        2               离散机1            18244.17        19568.17        1324.00        
  7        3               离散机5            23509.17        24564.17        1055.00        
  7        4               离散机5            28052.17        29489.17        1437.00        

工件 8:
  8        0               打印机1            0.00            4864.27         4864.27        
  8        1               批处理机2           4864.27         5959.27         1095.00        
  8        2               离散机1            5959.27         7188.27         1229.00        
  8        3               离散机2            7188.27         8298.27         1110.00        
  8        4               离散机5            8298.27         9926.27         1628.00        
  8        5               离散机2            9926.27         10843.27        917.00         
  8        6               离散机3            10843.27        12581.27        1738.00        

工件 9:
  9        0               打印机2            0.00            16073.17        16073.17       
  9        1               批处理机2           16073.17        17168.17        1095.00        
  9        2               离散机2            17168.17        18740.17        1572.00        
  9        3               离散机3            19317.17        20807.17        1490.00        
  9        4               离散机3            20807.17        22517.17        1710.00        

工件 10:
  10       0               打印机3            0.00            28723.86        28723.86       
  10       1               批处理机2           28723.86        29818.86        1095.00        
  10       2               离散机4            34214.86        35232.86        1018.00        

工件 11:
  11       0               打印机2            0.00            16073.17        16073.17       
  11       1               批处理机2           16073.17        17168.17        1095.00        
  11       2               离散机3            17168.17        18129.17        961.00         
  11       3               离散机1            19568.17        20633.17        1065.00        
  11       4               离散机1            20633.17        21633.17        1000.00        
  11       5               离散机1            24818.17        25907.17        1089.00        
  11       6               离散机5            25907.17        27005.17        1098.00        
  11       7               离散机3            27005.17        28501.17        1496.00        
  11       8               离散机5            34757.86        35925.86        1168.00        

工件 12:
  12       0               打印机2            0.00            16073.17        16073.17       
  12       1               批处理机2           16073.17        17168.17        1095.00        

工件 13:
  13       0               打印机2            0.00            16073.17        16073.17       
  13       1               批处理机2           16073.17        17168.17        1095.00        
  13       2               离散机3            18129.17        19317.17        1188.00        
  13       3               离散机5            21079.17        22199.17        1120.00        
  13       4               离散机5            22199.17        23509.17        1310.00        
  13       5               离散机1            27344.17        28253.17        909.00         
  13       6               离散机2            29258.17        30389.17        1131.00        

工件 14:
  14       0               打印机2            0.00            16073.17        16073.17       
  14       1               批处理机2           16073.17        17168.17        1095.00        
  14       2               离散机4            19388.17        20745.17        1357.00        
  14       3               离散机4            22017.17        22923.17        906.00         
  14       4               离散机3            24386.17        25551.17        1165.00        
  14       5               离散机1            25907.17        27344.17        1437.00        
  14       6               离散机2            27344.17        28357.17        1013.00        
  14       7               离散机1            28357.17        29578.17        1221.00        
  14       8               离散机3            34309.86        35780.86        1471.00        

工件 15:
  15       0               打印机3            0.00            28723.86        28723.86       
  15       1               批处理机2           28723.86        29818.86        1095.00        

工件 16:
  16       0               打印机3            0.00            28723.86        28723.86       
  16       1               批处理机2           28723.86        29818.86        1095.00        
  16       2               离散机1            29818.86        31105.86        1287.00        
  16       3               离散机3            31393.86        32577.86        1184.00        
  16       4               离散机4            33193.86        34214.86        1021.00        
  16       5               离散机3            35780.86        37031.86        1251.00        

工件 17:
  17       0               打印机3            0.00            28723.86        28723.86       
  17       1               批处理机2           28723.86        29818.86        1095.00        
  17       2               离散机4            29818.86        30857.86        1039.00        
  17       3               离散机5            30857.86        32153.86        1296.00        
  17       4               离散机3            32577.86        34309.86        1732.00        
  17       5               离散机2            34309.86        36094.86        1785.00        
  17       6               离散机5            36094.86        37440.86        1346.00        
  17       7               离散机5            37440.86        38687.86        1247.00        

工件 18:
  18       0               打印机3            0.00            28723.86        28723.86       
  18       1               批处理机2           28723.86        29818.86        1095.00        
  18       2               离散机5            29818.86        30752.86        934.00         
  18       3               离散机2            30752.86        32013.86        1261.00        

工件 19:
  19       0               打印机3            0.00            28723.86        28723.86       
  19       1               批处理机2           28723.86        29818.86        1095.00        
  19       2               离散机5            32153.86        33097.86        944.00         

【机器加工顺序记录】
----------------------------------------------------------------------------------------------------

打印机1:
工件号      工序号             开始时间            结束时间            加工时长           
--------------------------------------------------------------------------------
  6        0               0.00            4864.27         4864.27        
  8        0               0.00            4864.27         4864.27        

  机器利用率: 25.01% (忙碌时间: 9728.55 / 总时间: 38904.86)

打印机2:
工件号      工序号             开始时间            结束时间            加工时长           
--------------------------------------------------------------------------------
  0        0               0.00            16073.17        16073.17       
  1        0               0.00            16073.17        16073.17       
  4        0               0.00            16073.17        16073.17       
  7        0               0.00            16073.17        16073.17       
  9        0               0.00            16073.17        16073.17       
  11       0               0.00            16073.17        16073.17       
  12       0               0.00            16073.17        16073.17       
  13       0               0.00            16073.17        16073.17       
  14       0               0.00            16073.17        16073.17       

  机器利用率: 371.83% (忙碌时间: 144658.57 / 总时间: 38904.86)

打印机3:
工件号      工序号             开始时间            结束时间            加工时长           
--------------------------------------------------------------------------------
  2        0               0.00            28723.86        28723.86       
  3        0               0.00            28723.86        28723.86       
  5        0               0.00            28723.86        28723.86       
  10       0               0.00            28723.86        28723.86       
  15       0               0.00            28723.86        28723.86       
  16       0               0.00            28723.86        28723.86       
  17       0               0.00            28723.86        28723.86       
  18       0               0.00            28723.86        28723.86       
  19       0               0.00            28723.86        28723.86       

  机器利用率: 664.48% (忙碌时间: 258514.71 / 总时间: 38904.86)

批处理机1:
工件号      工序号             开始时间            结束时间            加工时长           
--------------------------------------------------------------------------------

  机器利用率: 0.00% (忙碌时间: 0.00 / 总时间: 38904.86)

批处理机2:
工件号      工序号             开始时间            结束时间            加工时长           
--------------------------------------------------------------------------------
  6        1               4864.27         5959.27         1095.00        
  8        1               4864.27         5959.27         1095.00        
  0        1               16073.17        17168.17        1095.00        
  1        1               16073.17        17168.17        1095.00        
  4        1               16073.17        17168.17        1095.00        
  7        1               16073.17        17168.17        1095.00        
  9        1               16073.17        17168.17        1095.00        
  11       1               16073.17        17168.17        1095.00        
  12       1               16073.17        17168.17        1095.00        
  13       1               16073.17        17168.17        1095.00        
  14       1               16073.17        17168.17        1095.00        
  2        1               28723.86        29818.86        1095.00        
  3        1               28723.86        29818.86        1095.00        
  5        1               28723.86        29818.86        1095.00        
  10       1               28723.86        29818.86        1095.00        
  15       1               28723.86        29818.86        1095.00        
  16       1               28723.86        29818.86        1095.00        
  17       1               28723.86        29818.86        1095.00        
  18       1               28723.86        29818.86        1095.00        
  19       1               28723.86        29818.86        1095.00        

  机器利用率: 56.29% (忙碌时间: 21900.00 / 总时间: 38904.86)

离散机1:
工件号      工序号             开始时间            结束时间            加工时长           
--------------------------------------------------------------------------------
  8        2               5959.27         7188.27         1229.00        
  6        5               10348.27        11674.27        1326.00        
  0        2               17168.17        18244.17        1076.00        
  7        2               18244.17        19568.17        1324.00        
  11       3               19568.17        20633.17        1065.00        
  11       4               20633.17        21633.17        1000.00        
  4        3               21633.17        22827.17        1194.00        
  1        3               22827.17        23753.17        926.00         
  0        6               23753.17        24818.17        1065.00        
  11       5               24818.17        25907.17        1089.00        
  14       5               25907.17        27344.17        1437.00        
  13       5               27344.17        28253.17        909.00         
  14       7               28357.17        29578.17        1221.00        
  16       2               29818.86        31105.86        1287.00        
  2        2               31105.86        32697.86        1592.00        
  2        3               32697.86        33854.86        1157.00        
  3        5               34757.86        35783.86        1026.00        
  4        9               35783.86        37198.86        1415.00        

  机器利用率: 54.85% (忙碌时间: 21338.00 / 总时间: 38904.86)

离散机2:
工件号      工序号             开始时间            结束时间            加工时长           
--------------------------------------------------------------------------------
  8        3               7188.27         8298.27         1110.00        
  8        5               9926.27         10843.27        917.00         
  9        2               17168.17        18740.17        1572.00        
  4        5               24386.17        25675.17        1289.00        
  4        6               25675.17        27147.17        1472.00        
  14       6               27344.17        28357.17        1013.00        
  1        6               28357.17        29258.17        901.00         
  13       6               29258.17        30389.17        1131.00        
  18       3               30752.86        32013.86        1261.00        
  17       5               34309.86        36094.86        1785.00        
  2        4               36094.86        37065.86        971.00         

  机器利用率: 34.50% (忙碌时间: 13422.00 / 总时间: 38904.86)

离散机3:
工件号      工序号             开始时间            结束时间            加工时长           
--------------------------------------------------------------------------------
  6        3               7006.27         8687.27         1681.00        
  6        4               8687.27         10348.27        1661.00        
  8        6               10843.27        12581.27        1738.00        
  6        6               12581.27        13859.27        1278.00        
  11       2               17168.17        18129.17        961.00         
  13       2               18129.17        19317.17        1188.00        
  9        3               19317.17        20807.17        1490.00        
  9        4               20807.17        22517.17        1710.00        
  4        4               22827.17        24386.17        1559.00        
  14       4               24386.17        25551.17        1165.00        
  0        7               25551.17        26748.17        1197.00        
  11       7               27005.17        28501.17        1496.00        
  0        9               28501.17        29694.17        1193.00        
  3        2               29818.86        31393.86        1575.00        
  16       3               31393.86        32577.86        1184.00        
  17       4               32577.86        34309.86        1732.00        
  14       8               34309.86        35780.86        1471.00        
  16       5               35780.86        37031.86        1251.00        

  机器利用率: 65.62% (忙碌时间: 25530.00 / 总时间: 38904.86)

离散机4:
工件号      工序号             开始时间            结束时间            加工时长           
--------------------------------------------------------------------------------
  0        3               18244.17        19388.17        1144.00        
  14       2               19388.17        20745.17        1357.00        
  0        5               21079.17        22017.17        938.00         
  14       3               22017.17        22923.17        906.00         
  1        4               23753.17        24964.17        1211.00        
  0        8               26748.17        27800.17        1052.00        
  4        8               28052.17        28994.17        942.00         
  17       2               29818.86        30857.86        1039.00        
  3        3               31393.86        33193.86        1800.00        
  16       4               33193.86        34214.86        1021.00        
  10       2               34214.86        35232.86        1018.00        
  3        6               35783.86        37238.86        1455.00        
  3        7               37238.86        38904.86        1666.00        

  机器利用率: 39.97% (忙碌时间: 15549.00 / 总时间: 38904.86)

离散机5:
工件号      工序号             开始时间            结束时间            加工时长           
--------------------------------------------------------------------------------
  6        2               5959.27         7006.27         1047.00        
  8        4               8298.27         9926.27         1628.00        
  1        2               17168.17        18429.17        1261.00        
  4        2               18429.17        19727.17        1298.00        
  0        4               19727.17        21079.17        1352.00        
  13       3               21079.17        22199.17        1120.00        
  13       4               22199.17        23509.17        1310.00        
  7        3               23509.17        24564.17        1055.00        
  1        5               24964.17        25885.17        921.00         
  11       6               25907.17        27005.17        1098.00        
  4        7               27147.17        28052.17        905.00         
  7        4               28052.17        29489.17        1437.00        
  18       2               29818.86        30752.86        934.00         
  17       3               30857.86        32153.86        1296.00        
  19       2               32153.86        33097.86        944.00         
  3        4               33193.86        34757.86        1564.00        
  11       8               34757.86        35925.86        1168.00        
  17       6               36094.86        37440.86        1346.00        
  17       7               37440.86        38687.86        1247.00        

  机器利用率: 58.94% (忙碌时间: 22931.00 / 总时间: 38904.86)

【打印批次详细信息】
----------------------------------------------------------------------------------------------------

打印机 1 (尺寸: 1168.0 x 443.0 x 687.0):
--------------------------------------------------------------------------------
  批次 1: 零件数=2, 占用率=33.85%
    - 6: 尺寸 432.0 x 257.0 x 14.0
    - 8: 尺寸 334.0 x 192.0 x 17.0

打印机 2 (尺寸: 1146.0 x 446.0 x 514.0):
--------------------------------------------------------------------------------
  批次 1: 零件数=9, 占用率=83.39%
    - 9: 尺寸 213.0 x 149.0 x 90.0
    - 13: 尺寸 194.0 x 178.0 x 31.0
    - 0: 尺寸 581.0 x 352.0 x 68.0
    - 12: 尺寸 155.0 x 411.0 x 43.0
    - 7: 尺寸 203.0 x 102.0 x 55.0
    - 4: 尺寸 136.0 x 142.0 x 38.0
    - 11: 尺寸 64.0 x 153.0 x 65.0
    - 14: 尺寸 96.0 x 84.0 x 64.0
    - 1: 尺寸 385.0 x 88.0 x 77.0

打印机 3 (尺寸: 1078.0 x 483.0 x 616.0):
--------------------------------------------------------------------------------
  批次 1: 零件数=9, 占用率=77.94%
    - 2: 尺寸 650.0 x 276.0 x 77.0
    - 15: 尺寸 346.0 x 168.0 x 15.0
    - 10: 尺寸 82.0 x 148.0 x 195.0
    - 19: 尺寸 69.0 x 169.0 x 37.0
    - 3: 尺寸 319.0 x 149.0 x 64.0
    - 17: 尺寸 204.0 x 87.0 x 197.0
    - 5: 尺寸 251.0 x 183.0 x 90.0
    - 16: 尺寸 159.0 x 143.0 x 146.0
    - 18: 尺寸 88.0 x 120.0 x 106.0

════════════════════════════════════════════════════════════════
