════════════════════════════════════════════════════════════════
              最优Cmax解的详细调度记录
════════════════════════════════════════════════════════════════

【基本信息】
----------------------------------------------------------------------------------------------------
Cmax (最大完工时间): 40639.45
能耗: 96.04 kWh
装箱质量: 0.2736
批次总数: 2
工件数量: 10
机器数量: 5 (打印机:2, 批处理机:1, 离散机:2)

【染色体编码】
----------------------------------------------------------------------------------------------------
工序序列 (OS): [9, 4, 1, 5, 3, 7, 8, 6, 0, 2, 6, 0, 7, 2, 8, 1, 1, 7, 5, 7, 5, 8, 2, 0, 9, 9, 1, 6, 0, 2, 5, 0, 2, 1, 1, 6, 8, 0, 7, 4, 0, 7, 7, 6, 4, 6, 0, 0]
机器选择 (MS): [1, 1, 1, 1, 1, 2, 2, 1, 1, 1, 2, 1, 1, 1, 2, 2, 1, 1, 1, 1, 2, 1, 1, 1, 2, 2, 1, 1, 1, 1, 2, 1, 2, 1, 2, 2, 1, 1, 1, 1, 1, 2, 2, 1, 1, 1, 1, 1]

【零件加工顺序记录】
----------------------------------------------------------------------------------------------------
工件号      工序号             机器号             开始时间            结束时间            加工时长           
----------------------------------------------------------------------------------------------------

工件 0:
  0        0               打印机1            0.00            16731.45        16731.45       
  0        1               批处理机1           16731.45        17640.45        909.00         
  0        2               离散机2            18689.45        20438.45        1749.00        
  0        3               离散机1            21375.45        22306.45        931.00         
  0        4               离散机2            24679.45        26276.45        1597.00        
  0        5               离散机1            27384.45        28580.45        1196.00        
  0        6               离散机2            29121.45        30410.45        1289.00        
  0        7               离散机2            30410.45        31637.45        1227.00        
  0        8               离散机1            37195.45        38957.45        1762.00        
  0        9               离散机1            38957.45        40639.45        1682.00        

工件 1:
  1        0               打印机1            0.00            16731.45        16731.45       
  1        1               批处理机1           16731.45        17640.45        909.00         
  1        2               离散机1            18732.45        19994.45        1262.00        
  1        3               离散机1            19994.45        21375.45        1381.00        
  1        4               离散机2            23437.45        24679.45        1242.00        
  1        5               离散机1            29999.45        31630.45        1631.00        
  1        6               离散机1            31630.45        33242.45        1612.00        

工件 2:
  2        0               打印机1            0.00            16731.45        16731.45       
  2        1               批处理机1           16731.45        17640.45        909.00         
  2        2               离散机1            17640.45        18732.45        1092.00        
  2        3               离散机2            22495.45        23437.45        942.00         
  2        4               离散机2            26276.45        27488.45        1212.00        
  2        5               离散机1            28580.45        29999.45        1419.00        

工件 3:
  3        0               打印机1            0.00            16731.45        16731.45       
  3        1               批处理机1           16731.45        17640.45        909.00         

工件 4:
  4        0               打印机1            0.00            16731.45        16731.45       
  4        1               批处理机1           16731.45        17640.45        909.00         
  4        2               离散机1            33242.45        34546.45        1304.00        
  4        3               离散机1            34546.45        36070.45        1524.00        

工件 5:
  5        0               打印机1            0.00            16731.45        16731.45       
  5        1               批处理机1           16731.45        17640.45        909.00         
  5        2               离散机2            20438.45        21442.45        1004.00        
  5        3               离散机2            21442.45        22495.45        1053.00        
  5        4               离散机1            26290.45        27384.45        1094.00        

工件 6:
  6        0               打印机1            0.00            16731.45        16731.45       
  6        1               批处理机1           16731.45        17640.45        909.00         
  6        2               离散机2            17640.45        18689.45        1049.00        
  6        3               离散机1            24661.45        26290.45        1629.00        
  6        4               离散机2            27488.45        29121.45        1633.00        
  6        5               离散机2            33781.45        34900.45        1119.00        
  6        6               离散机1            36070.45        37195.45        1125.00        

工件 7:
  7        0               打印机2            0.00            7856.00         7856.00        
  7        1               批处理机1           7856.00         8765.00         909.00         
  7        2               离散机2            8765.00         10200.00        1435.00        
  7        3               离散机1            10533.00        11687.00        1154.00        
  7        4               离散机1            11687.00        13024.00        1337.00        
  7        5               离散机1            15715.00        17052.00        1337.00        
  7        6               离散机2            31637.45        32620.45        983.00         
  7        7               离散机2            32620.45        33781.45        1161.00        

工件 8:
  8        0               打印机2            0.00            7856.00         7856.00        
  8        1               批处理机1           7856.00         8765.00         909.00         
  8        2               离散机1            8765.00         10533.00        1768.00        
  8        3               离散机1            13024.00        14285.00        1261.00        
  8        4               离散机1            14285.00        15715.00        1430.00        

工件 9:
  9        0               打印机1            0.00            16731.45        16731.45       
  9        1               批处理机1           16731.45        17640.45        909.00         
  9        2               离散机1            22306.45        23714.45        1408.00        
  9        3               离散机1            23714.45        24661.45        947.00         

【机器加工顺序记录】
----------------------------------------------------------------------------------------------------

打印机1:
工件号      工序号             开始时间            结束时间            加工时长           
--------------------------------------------------------------------------------
  0        0               0.00            16731.45        16731.45       
  1        0               0.00            16731.45        16731.45       
  2        0               0.00            16731.45        16731.45       
  3        0               0.00            16731.45        16731.45       
  4        0               0.00            16731.45        16731.45       
  5        0               0.00            16731.45        16731.45       
  6        0               0.00            16731.45        16731.45       
  9        0               0.00            16731.45        16731.45       

  机器利用率: 329.36% (忙碌时间: 133851.64 / 总时间: 40639.45)

打印机2:
工件号      工序号             开始时间            结束时间            加工时长           
--------------------------------------------------------------------------------
  7        0               0.00            7856.00         7856.00        
  8        0               0.00            7856.00         7856.00        

  机器利用率: 38.66% (忙碌时间: 15712.00 / 总时间: 40639.45)

批处理机1:
工件号      工序号             开始时间            结束时间            加工时长           
--------------------------------------------------------------------------------
  7        1               7856.00         8765.00         909.00         
  8        1               7856.00         8765.00         909.00         
  0        1               16731.45        17640.45        909.00         
  1        1               16731.45        17640.45        909.00         
  2        1               16731.45        17640.45        909.00         
  3        1               16731.45        17640.45        909.00         
  4        1               16731.45        17640.45        909.00         
  5        1               16731.45        17640.45        909.00         
  6        1               16731.45        17640.45        909.00         
  9        1               16731.45        17640.45        909.00         

  机器利用率: 22.37% (忙碌时间: 9090.00 / 总时间: 40639.45)

离散机1:
工件号      工序号             开始时间            结束时间            加工时长           
--------------------------------------------------------------------------------
  8        2               8765.00         10533.00        1768.00        
  7        3               10533.00        11687.00        1154.00        
  7        4               11687.00        13024.00        1337.00        
  8        3               13024.00        14285.00        1261.00        
  8        4               14285.00        15715.00        1430.00        
  7        5               15715.00        17052.00        1337.00        
  2        2               17640.45        18732.45        1092.00        
  1        2               18732.45        19994.45        1262.00        
  1        3               19994.45        21375.45        1381.00        
  0        3               21375.45        22306.45        931.00         
  9        2               22306.45        23714.45        1408.00        
  9        3               23714.45        24661.45        947.00         
  6        3               24661.45        26290.45        1629.00        
  5        4               26290.45        27384.45        1094.00        
  0        5               27384.45        28580.45        1196.00        
  2        5               28580.45        29999.45        1419.00        
  1        5               29999.45        31630.45        1631.00        
  1        6               31630.45        33242.45        1612.00        
  4        2               33242.45        34546.45        1304.00        
  4        3               34546.45        36070.45        1524.00        
  6        6               36070.45        37195.45        1125.00        
  0        8               37195.45        38957.45        1762.00        
  0        9               38957.45        40639.45        1682.00        

  机器利用率: 76.98% (忙碌时间: 31286.00 / 总时间: 40639.45)

离散机2:
工件号      工序号             开始时间            结束时间            加工时长           
--------------------------------------------------------------------------------
  7        2               8765.00         10200.00        1435.00        
  6        2               17640.45        18689.45        1049.00        
  0        2               18689.45        20438.45        1749.00        
  5        2               20438.45        21442.45        1004.00        
  5        3               21442.45        22495.45        1053.00        
  2        3               22495.45        23437.45        942.00         
  1        4               23437.45        24679.45        1242.00        
  0        4               24679.45        26276.45        1597.00        
  2        4               26276.45        27488.45        1212.00        
  6        4               27488.45        29121.45        1633.00        
  0        6               29121.45        30410.45        1289.00        
  0        7               30410.45        31637.45        1227.00        
  7        6               31637.45        32620.45        983.00         
  7        7               32620.45        33781.45        1161.00        
  6        5               33781.45        34900.45        1119.00        

  机器利用率: 46.00% (忙碌时间: 18695.00 / 总时间: 40639.45)

【打印批次详细信息】
----------------------------------------------------------------------------------------------------

打印机 1 (尺寸: 989.0 x 439.0 x 602.0):
--------------------------------------------------------------------------------
  批次 1: 零件数=8, 占用率=57.53%
    - 9: 尺寸 333.0 x 157.0 x 79.0
    - 4: 尺寸 194.0 x 136.0 x 17.0
    - 1: 尺寸 149.0 x 106.0 x 85.0
    - 5: 尺寸 214.0 x 127.0 x 57.0
    - 3: 尺寸 237.0 x 161.0 x 73.0
    - 0: 尺寸 188.0 x 114.0 x 41.0
    - 2: 尺寸 185.0 x 122.0 x 71.0
    - 6: 尺寸 469.0 x 98.0 x 21.0

打印机 2 (尺寸: 1130.0 x 455.0 x 523.0):
--------------------------------------------------------------------------------
  批次 1: 零件数=2, 占用率=27.36%
    - 7: 尺寸 343.0 x 229.0 x 19.0
    - 8: 尺寸 417.0 x 149.0 x 17.0

════════════════════════════════════════════════════════════════
