════════════════════════════════════════════════════════════════
              最优Cmax解的详细调度记录
════════════════════════════════════════════════════════════════

【基本信息】
----------------------------------------------------------------------------------------------------
Cmax (最大完工时间): 41843.59
能耗: 114.17 kWh
装箱质量: 0.1873
批次总数: 3
工件数量: 10
机器数量: 5 (打印机:2, 批处理机:1, 离散机:2)

【染色体编码】
----------------------------------------------------------------------------------------------------
工序序列 (OS): [9, 7, 3, 6, 0, 4, 8, 5, 1, 2, 4, 3, 1, 4, 3, 6, 1, 6, 1, 6, 4, 2, 2, 2, 7, 6, 1, 6, 3, 1, 3, 7, 2, 2, 1, 6, 0, 4, 6, 5, 0, 4, 4, 2, 1, 2, 0, 6, 0]
机器选择 (MS): [1, 1, 1, 1, 1, 1, 1, 1, 1, 2, 1, 1, 2, 1, 1, 1, 1, 1, 1, 1, 1, 1, 2, 1, 1, 1, 2, 2, 1, 1, 1, 2, 2, 1, 1, 1, 1, 1, 1, 2, 1, 1, 1, 2, 1, 1, 1, 1, 1]

【零件加工顺序记录】
----------------------------------------------------------------------------------------------------
工件号      工序号             机器号             开始时间            结束时间            加工时长           
----------------------------------------------------------------------------------------------------

工件 0:
  0        0               打印机1            15160.59        31779.12        16618.53       
  0        1               批处理机1           31779.12        32718.12        939.00         
  0        2               离散机2            33737.59        35330.59        1593.00        
  0        3               离散机1            36745.59        37777.59        1032.00        
  0        4               离散机2            38729.59        40209.59        1480.00        
  0        5               离散机1            40496.59        41641.59        1145.00        

工件 1:
  1        0               打印机1            0.00            15160.59        15160.59       
  1        1               批处理机1           15160.59        16099.59        939.00         
  1        2               离散机1            17036.59        18373.59        1337.00        
  1        3               离散机2            19965.59        21413.59        1448.00        
  1        4               离散机2            21413.59        23011.59        1598.00        
  1        5               离散机1            26761.59        27914.59        1153.00        
  1        6               离散机2            28520.59        29536.59        1016.00        
  1        7               离散机2            32171.59        33737.59        1566.00        
  1        8               离散机2            36265.59        37782.59        1517.00        

工件 2:
  2        0               打印机2            0.00            14134.24        14134.24       
  2        1               批处理机1           14134.24        15073.24        939.00         
  2        2               离散机1            22576.59        23759.59        1183.00        
  2        3               离散机2            24356.59        25808.59        1452.00        
  2        4               离散机2            25808.59        27454.59        1646.00        
  2        5               离散机1            29188.59        30397.59        1209.00        
  2        6               离散机1            30397.59        31890.59        1493.00        
  2        7               离散机2            35330.59        36265.59        935.00         
  2        8               离散机2            37782.59        38729.59        947.00         

工件 3:
  3        0               打印机1            0.00            15160.59        15160.59       
  3        1               批处理机1           15160.59        16099.59        939.00         
  3        2               离散机1            16099.59        17036.59        937.00         
  3        3               离散机2            17554.59        18696.59        1142.00        
  3        4               离散机1            27914.59        29188.59        1274.00        
  3        5               离散机2            29536.59        31161.59        1625.00        

工件 4:
  4        0               打印机1            0.00            15160.59        15160.59       
  4        1               批处理机1           15160.59        16099.59        939.00         
  4        2               离散机2            16099.59        17554.59        1455.00        
  4        3               离散机1            18373.59        20083.59        1710.00        
  4        4               离散机2            23011.59        24356.59        1345.00        
  4        5               离散机1            33016.59        34085.59        1069.00        
  4        6               离散机1            37777.59        39510.59        1733.00        
  4        7               离散机1            39510.59        40496.59        986.00         

工件 5:
  5        0               打印机1            0.00            15160.59        15160.59       
  5        1               批处理机1           15160.59        16099.59        939.00         
  5        2               离散机1            35074.59        36745.59        1671.00        

工件 6:
  6        0               打印机1            0.00            15160.59        15160.59       
  6        1               批处理机1           15160.59        16099.59        939.00         
  6        2               离散机2            18696.59        19965.59        1269.00        
  6        3               离散机1            20083.59        21447.59        1364.00        
  6        4               离散机1            21447.59        22576.59        1129.00        
  6        5               离散机1            25028.59        26761.59        1733.00        
  6        6               离散机2            27454.59        28520.59        1066.00        
  6        7               离散机1            31890.59        33016.59        1126.00        
  6        8               离散机1            34085.59        35074.59        989.00         
  6        9               离散机2            40209.59        41843.59        1634.00        

工件 7:
  7        0               打印机1            0.00            15160.59        15160.59       
  7        1               批处理机1           15160.59        16099.59        939.00         
  7        2               离散机1            23759.59        25028.59        1269.00        
  7        3               离散机2            31161.59        32171.59        1010.00        

工件 8:
  8        0               打印机1            0.00            15160.59        15160.59       
  8        1               批处理机1           15160.59        16099.59        939.00         

工件 9:
  9        0               打印机1            0.00            15160.59        15160.59       
  9        1               批处理机1           15160.59        16099.59        939.00         

【机器加工顺序记录】
----------------------------------------------------------------------------------------------------

打印机1:
工件号      工序号             开始时间            结束时间            加工时长           
--------------------------------------------------------------------------------
  1        0               0.00            15160.59        15160.59       
  3        0               0.00            15160.59        15160.59       
  4        0               0.00            15160.59        15160.59       
  5        0               0.00            15160.59        15160.59       
  6        0               0.00            15160.59        15160.59       
  7        0               0.00            15160.59        15160.59       
  8        0               0.00            15160.59        15160.59       
  9        0               0.00            15160.59        15160.59       
  0        0               15160.59        31779.12        16618.53       

  机器利用率: 329.57% (忙碌时间: 137903.24 / 总时间: 41843.59)

打印机2:
工件号      工序号             开始时间            结束时间            加工时长           
--------------------------------------------------------------------------------
  2        0               0.00            14134.24        14134.24       

  机器利用率: 33.78% (忙碌时间: 14134.24 / 总时间: 41843.59)

批处理机1:
工件号      工序号             开始时间            结束时间            加工时长           
--------------------------------------------------------------------------------
  2        1               14134.24        15073.24        939.00         
  1        1               15160.59        16099.59        939.00         
  3        1               15160.59        16099.59        939.00         
  4        1               15160.59        16099.59        939.00         
  5        1               15160.59        16099.59        939.00         
  6        1               15160.59        16099.59        939.00         
  7        1               15160.59        16099.59        939.00         
  8        1               15160.59        16099.59        939.00         
  9        1               15160.59        16099.59        939.00         
  0        1               31779.12        32718.12        939.00         

  机器利用率: 22.44% (忙碌时间: 9390.00 / 总时间: 41843.59)

离散机1:
工件号      工序号             开始时间            结束时间            加工时长           
--------------------------------------------------------------------------------
  3        2               16099.59        17036.59        937.00         
  1        2               17036.59        18373.59        1337.00        
  4        3               18373.59        20083.59        1710.00        
  6        3               20083.59        21447.59        1364.00        
  6        4               21447.59        22576.59        1129.00        
  2        2               22576.59        23759.59        1183.00        
  7        2               23759.59        25028.59        1269.00        
  6        5               25028.59        26761.59        1733.00        
  1        5               26761.59        27914.59        1153.00        
  3        4               27914.59        29188.59        1274.00        
  2        5               29188.59        30397.59        1209.00        
  2        6               30397.59        31890.59        1493.00        
  6        7               31890.59        33016.59        1126.00        
  4        5               33016.59        34085.59        1069.00        
  6        8               34085.59        35074.59        989.00         
  5        2               35074.59        36745.59        1671.00        
  0        3               36745.59        37777.59        1032.00        
  4        6               37777.59        39510.59        1733.00        
  4        7               39510.59        40496.59        986.00         
  0        5               40496.59        41641.59        1145.00        

  机器利用率: 61.04% (忙碌时间: 25542.00 / 总时间: 41843.59)

离散机2:
工件号      工序号             开始时间            结束时间            加工时长           
--------------------------------------------------------------------------------
  4        2               16099.59        17554.59        1455.00        
  3        3               17554.59        18696.59        1142.00        
  6        2               18696.59        19965.59        1269.00        
  1        3               19965.59        21413.59        1448.00        
  1        4               21413.59        23011.59        1598.00        
  4        4               23011.59        24356.59        1345.00        
  2        3               24356.59        25808.59        1452.00        
  2        4               25808.59        27454.59        1646.00        
  6        6               27454.59        28520.59        1066.00        
  1        6               28520.59        29536.59        1016.00        
  3        5               29536.59        31161.59        1625.00        
  7        3               31161.59        32171.59        1010.00        
  1        7               32171.59        33737.59        1566.00        
  0        2               33737.59        35330.59        1593.00        
  2        7               35330.59        36265.59        935.00         
  1        8               36265.59        37782.59        1517.00        
  2        8               37782.59        38729.59        947.00         
  0        4               38729.59        40209.59        1480.00        
  6        9               40209.59        41843.59        1634.00        

  机器利用率: 61.52% (忙碌时间: 25744.00 / 总时间: 41843.59)

【打印批次详细信息】
----------------------------------------------------------------------------------------------------

打印机 1 (尺寸: 836.0 x 407.0 x 538.0):
--------------------------------------------------------------------------------
  批次 1: 零件数=8, 占用率=70.55%
    - 9: 尺寸 75.0 x 81.0 x 91.0
    - 1: 尺寸 693.0 x 205.0 x 53.0
    - 3: 尺寸 56.0 x 119.0 x 131.0
    - 4: 尺寸 60.0 x 90.0 x 93.0
    - 7: 尺寸 151.0 x 120.0 x 84.0
    - 6: 尺寸 214.0 x 128.0 x 125.0
    - 8: 尺寸 151.0 x 132.0 x 90.0
    - 5: 尺寸 123.0 x 117.0 x 87.0
  批次 2: 零件数=1, 占用率=38.82%
    - 0: 尺寸 514.0 x 257.0 x 144.0

打印机 2 (尺寸: 1003.0 x 592.0 x 563.0):
--------------------------------------------------------------------------------
  批次 1: 零件数=1, 占用率=18.73%
    - 2: 尺寸 443.0 x 251.0 x 33.0

════════════════════════════════════════════════════════════════
