════════════════════════════════════════════════════════════════
              最优Cmax解的详细调度记录
════════════════════════════════════════════════════════════════

【基本信息】
----------------------------------------------------------------------------------------------------
Cmax (最大完工时间): 54947.93
能耗: 546.65 kWh
装箱质量: 0.7073
批次总数: 6
工件数量: 50
机器数量: 14 (打印机:4, 批处理机:2, 离散机:8)

【染色体编码】
----------------------------------------------------------------------------------------------------
工序序列 (OS): [16, 6, 1, 20, 10, 48, 12, 9, 47, 18, 29, 49, 30, 45, 31, 36, 27, 41, 14, 35, 15, 11, 33, 28, 3, 21, 40, 17, 13, 19, 46, 7, 38, 22, 42, 0, 26, 37, 23, 4, 25, 32, 39, 8, 24, 44, 34, 43, 2, 5, 43, 23, 48, 2, 25, 16, 34, 14, 20, 45, 46, 1, 6, 16, 23, 30, 10, 18, 11, 26, 39, 30, 11, 11, 49, 42, 44, 7, 42, 16, 43, 1, 27, 17, 11, 16, 13, 36, 11, 15, 9, 25, 7, 22, 44, 48, 6, 38, 14, 2, 16, 23, 9, 35, 19, 13, 36, 1, 49, 39, 36, 41, 27, 38, 39, 6, 42, 47, 2, 6, 9, 23, 23, 6, 14, 44, 20, 1, 46, 30, 15, 25, 40, 7, 43, 45, 45, 42, 38, 30, 2, 47, 43, 43, 41, 12, 43, 42, 9, 46, 18, 7, 2, 43, 44, 18, 7, 30, 20, 49, 9, 46, 30, 26, 46, 42, 9, 40, 34, 20, 22, 14, 32, 13, 27, 14, 11, 15, 47, 33, 45, 13, 27, 45, 34, 38, 44, 36, 5, 36, 48, 2, 36, 34, 42, 48, 22, 1, 28, 22, 48, 38, 46, 40, 44, 15, 45, 9, 49, 47, 23, 14, 1, 0, 22, 40, 11, 20, 35, 42, 44, 7, 19, 11, 36, 27, 6, 48, 2, 23, 47, 44, 26, 49]
机器选择 (MS): [1, 4, 3, 4, 1, 1, 4, 1, 4, 1, 1, 4, 4, 4, 4, 3, 1, 2, 4, 1, 4, 3, 1, 1, 4, 3, 1, 4, 2, 3, 4, 1, 4, 1, 3, 3, 3, 4, 1, 4, 3, 2, 4, 4, 4, 2, 3, 3, 3, 3, 2, 3, 1, 1, 1, 1, 1, 2, 1, 1, 1, 3, 2, 2, 1, 2, 2, 1, 1, 1, 1, 1, 1, 2, 3, 2, 1, 2, 2, 1, 2, 1, 1, 1, 1, 1, 1, 1, 2, 1, 1, 1, 2, 2, 2, 1, 1, 2, 1, 1, 3, 1, 1, 3, 1, 1, 2, 1, 1, 2, 1, 3, 1, 3, 2, 2, 3, 2, 2, 1, 2, 1, 2, 2, 1, 2, 1, 2, 1, 2, 1, 1, 2, 2, 2, 1, 1, 1, 2, 3, 1, 1, 2, 2, 1, 1, 1, 1, 2, 1, 3, 1, 1, 2, 2, 1, 3, 2, 2, 1, 1, 1, 1, 3, 2, 2, 2, 1, 1, 1, 3, 1, 1, 3, 1, 3, 2, 3, 1, 1, 1, 1, 1, 1, 1, 1, 2, 1, 3, 2, 3, 2, 1, 1, 1, 2, 1, 1, 1, 1, 1, 2, 2, 1, 1, 1, 3, 1, 1, 3, 3, 2, 1, 3, 1, 2, 1, 1, 1, 1, 3, 1, 1, 1, 1, 1, 1, 1, 2, 1, 1, 2, 1, 1]

【零件加工顺序记录】
----------------------------------------------------------------------------------------------------
工件号      工序号             机器号             开始时间            结束时间            加工时长           
----------------------------------------------------------------------------------------------------

工件 0:
  0        0               打印机3            0.00            24247.93        24247.93       
  0        1               批处理机2           24247.93        25082.93        835.00         
  0        2               离散机4            26106.72        27170.72        1064.00        

工件 1:
  1        0               打印机3            0.00            24247.93        24247.93       
  1        1               批处理机2           24247.93        25082.93        835.00         
  1        2               离散机7            25082.93        26633.93        1551.00        
  1        3               离散机2            26633.93        28111.93        1478.00        
  1        4               离散机3            28111.93        29881.93        1770.00        
  1        5               离散机8            31816.56        33402.56        1586.00        
  1        6               离散机4            34309.93        35662.93        1353.00        
  1        7               离散机1            35662.93        36596.93        934.00         

工件 2:
  2        0               打印机3            0.00            24247.93        24247.93       
  2        1               批处理机2           24247.93        25082.93        835.00         
  2        2               离散机6            25082.93        26878.93        1796.00        
  2        3               离散机1            27587.72        29055.72        1468.00        
  2        4               离散机2            29468.93        30770.93        1302.00        
  2        5               离散机7            33490.93        34915.93        1425.00        
  2        6               离散机8            34915.93        36414.93        1499.00        
  2        7               离散机5            50186.93        51588.93        1402.00        
  2        8               离散机5            53854.93        54928.93        1074.00        

工件 3:
  3        0               打印机4            37142.48        46748.21        9605.72        
  3        1               批处理机2           46748.21        47583.21        835.00         

工件 4:
  4        0               打印机4            0.00            22605.72        22605.72       
  4        1               批处理机2           22605.72        23440.72        835.00         

工件 5:
  5        0               打印机3            0.00            24247.93        24247.93       
  5        1               批处理机2           24247.93        25082.93        835.00         
  5        2               离散机2            25082.93        26611.93        1529.00        

工件 6:
  6        0               打印机4            0.00            22605.72        22605.72       
  6        1               批处理机2           22605.72        23440.72        835.00         
  6        2               离散机5            23440.72        24651.72        1211.00        
  6        3               离散机4            24924.72        26106.72        1182.00        
  6        4               离散机7            28595.93        29700.93        1105.00        
  6        5               离散机4            29767.72        31134.72        1367.00        
  6        6               离散机2            37131.93        38862.93        1731.00        
  6        7               离散机5            42931.41        43993.41        1062.00        

工件 7:
  7        0               打印机1            0.00            36070.41        36070.41       
  7        1               批处理机2           36070.41        36905.41        835.00         
  7        2               离散机6            38007.41        39108.41        1101.00        
  7        3               离散机1            42753.41        44116.41        1363.00        
  7        4               离散机4            44116.41        45233.41        1117.00        
  7        5               离散机7            45233.41        46232.41        999.00         
  7        6               离散机7            46232.41        47297.41        1065.00        
  7        7               离散机5            52685.93        53854.93        1169.00        

工件 8:
  8        0               打印机4            37142.48        46748.21        9605.72        
  8        1               批处理机2           46748.21        47583.21        835.00         

工件 9:
  9        0               打印机1            0.00            36070.41        36070.41       
  9        1               批处理机2           36070.41        36905.41        835.00         
  9        2               离散机5            40097.41        41833.41        1736.00        
  9        3               离散机5            41833.41        42931.41        1098.00        
  9        4               离散机3            43100.41        44231.41        1131.00        
  9        5               离散机5            44231.41        45437.41        1206.00        
  9        6               离散机5            45437.41        46846.41        1409.00        
  9        7               离散机8            46872.41        48670.41        1798.00        
  9        8               离散机2            50980.93        51903.93        923.00         

工件 10:
  10       0               打印机1            0.00            36070.41        36070.41       
  10       1               批处理机2           36070.41        36905.41        835.00         
  10       2               离散机7            37858.41        39179.41        1321.00        

工件 11:
  11       0               打印机3            0.00            24247.93        24247.93       
  11       1               批处理机2           24247.93        25082.93        835.00         
  11       2               离散机8            27197.93        28635.93        1438.00        
  11       3               离散机8            28635.93        30089.93        1454.00        
  11       4               离散机1            30089.93        31488.93        1399.00        
  11       5               离散机4            31488.93        32787.93        1299.00        
  11       6               离散机2            32787.93        34430.93        1643.00        
  11       7               离散机5            34801.93        35797.93        996.00         
  11       8               离散机3            50803.41        52488.41        1685.00        
  11       9               离散机3            52488.41        54033.41        1545.00        

工件 12:
  12       0               打印机4            0.00            22605.72        22605.72       
  12       1               批处理机2           22605.72        23440.72        835.00         
  12       2               离散机8            23440.72        24370.72        930.00         

工件 13:
  13       0               打印机2            0.00            29963.56        29963.56       
  13       1               批处理机2           29963.56        30798.56        835.00         
  13       2               离散机6            30798.56        31884.56        1086.00        
  13       3               离散机2            35866.93        37131.93        1265.00        
  13       4               离散机4            42700.41        44091.41        1391.00        
  13       5               离散机4            45233.41        46698.41        1465.00        

工件 14:
  14       0               打印机4            0.00            22605.72        22605.72       
  14       1               批处理机2           22605.72        23440.72        835.00         
  14       2               离散机3            23440.72        24792.72        1352.00        
  14       3               离散机1            25930.72        27587.72        1657.00        
  14       4               离散机6            29012.93        30450.93        1438.00        
  14       5               离散机7            41748.41        42940.41        1192.00        
  14       6               离散机1            48213.41        49124.41        911.00         
  14       7               离散机7            51194.41        52376.41        1182.00        

工件 15:
  15       0               打印机4            22605.72        37142.48        14536.76       
  15       1               批处理机2           37142.48        37977.48        835.00         
  15       2               离散机1            41256.41        42753.41        1497.00        
  15       3               离散机6            43798.41        45445.41        1647.00        
  15       4               离散机7            47297.41        48977.41        1680.00        
  15       5               离散机2            49589.93        50980.93        1391.00        

工件 16:
  16       0               打印机1            0.00            36070.41        36070.41       
  16       1               批处理机2           36070.41        36905.41        835.00         
  16       2               离散机7            36905.41        37858.41        953.00         
  16       3               离散机4            37876.41        39091.41        1215.00        
  16       4               离散机3            39091.41        40411.41        1320.00        
  16       5               离散机6            40411.41        41582.41        1171.00        
  16       6               离散机3            41895.41        43100.41        1205.00        

工件 17:
  17       0               打印机4            0.00            22605.72        22605.72       
  17       1               批处理机2           22605.72        23440.72        835.00         
  17       2               离散机6            23440.72        24539.72        1099.00        

工件 18:
  18       0               打印机1            0.00            36070.41        36070.41       
  18       1               批处理机2           36070.41        36905.41        835.00         
  18       2               离散机6            36905.41        38007.41        1102.00        
  18       3               离散机8            38994.48        40599.48        1605.00        
  18       4               离散机8            43886.41        45413.41        1527.00        

工件 19:
  19       0               打印机3            0.00            24247.93        24247.93       
  19       1               批处理机2           24247.93        25082.93        835.00         
  19       2               离散机5            27241.72        28581.72        1340.00        
  19       3               离散机3            31038.93        32064.93        1026.00        

工件 20:
  20       0               打印机4            0.00            22605.72        22605.72       
  20       1               批处理机2           22605.72        23440.72        835.00         
  20       2               离散机1            23440.72        24400.72        960.00         
  20       3               离散机3            26218.93        27337.93        1119.00        
  20       4               离散机3            29881.93        31038.93        1157.00        
  20       5               离散机5            33859.93        34801.93        942.00         
  20       6               离散机4            35662.93        36824.93        1162.00        

工件 21:
  21       0               打印机3            0.00            24247.93        24247.93       
  21       1               批处理机2           24247.93        25082.93        835.00         

工件 22:
  22       0               打印机1            0.00            36070.41        36070.41       
  22       1               批处理机2           36070.41        36905.41        835.00         
  22       2               离散机1            36905.41        38560.41        1655.00        
  22       3               离散机2            44267.93        45320.93        1053.00        
  22       4               离散机2            46927.93        48006.93        1079.00        
  22       5               离散机6            50747.41        51747.41        1000.00        
  22       6               离散机6            51747.41        53325.41        1578.00        

工件 23:
  23       0               打印机1            0.00            36070.41        36070.41       
  23       1               批处理机2           36070.41        36905.41        835.00         
  23       2               离散机5            36905.41        38578.41        1673.00        
  23       3               离散机1            38578.41        39889.41        1311.00        
  23       4               离散机6            41582.41        42526.41        944.00         
  23       5               离散机8            42526.41        43886.41        1360.00        
  23       6               离散机3            44231.41        45141.41        910.00         
  23       7               离散机8            51125.41        52652.41        1527.00        
  23       8               离散机6            53325.41        54559.41        1234.00        

工件 24:
  24       0               打印机4            37142.48        46748.21        9605.72        
  24       1               批处理机2           46748.21        47583.21        835.00         

工件 25:
  25       0               打印机3            0.00            24247.93        24247.93       
  25       1               批处理机2           24247.93        25082.93        835.00         
  25       2               离散机8            25082.93        26226.93        1144.00        
  25       3               离散机4            28282.72        29767.72        1485.00        
  25       4               离散机6            33064.56        34576.56        1512.00        

工件 26:
  26       0               打印机3            0.00            24247.93        24247.93       
  26       1               批处理机2           24247.93        25082.93        835.00         
  26       2               离散机7            26633.93        27653.93        1020.00        
  26       3               离散机1            31488.93        33282.93        1794.00        
  26       4               离散机5            35797.93        36784.93        987.00         

工件 27:
  27       0               打印机1            0.00            36070.41        36070.41       
  27       1               批处理机2           36070.41        36905.41        835.00         
  27       2               离散机5            38578.41        40097.41        1519.00        
  27       3               离散机4            40097.41        41095.41        998.00         
  27       4               离散机2            45320.93        46927.93        1607.00        
  27       5               离散机5            46927.93        48230.93        1303.00        
  27       6               离散机1            49124.41        50168.41        1044.00        

工件 28:
  28       0               打印机1            0.00            36070.41        36070.41       
  28       1               批处理机2           36070.41        36905.41        835.00         
  28       2               离散机7            44149.41        45208.41        1059.00        

工件 29:
  29       0               打印机1            0.00            36070.41        36070.41       
  29       1               批处理机2           36070.41        36905.41        835.00         

工件 30:
  30       0               打印机4            0.00            22605.72        22605.72       
  30       1               批处理机2           22605.72        23440.72        835.00         
  30       2               离散机4            23440.72        24924.72        1484.00        
  30       3               离散机6            26878.93        28007.93        1129.00        
  30       4               离散机7            32330.93        33490.93        1160.00        
  30       5               离散机1            33490.93        35290.93        1800.00        
  30       6               离散机3            36154.93        37087.93        933.00         
  30       7               离散机4            41095.41        42700.41        1605.00        

工件 31:
  31       0               打印机4            37142.48        46748.21        9605.72        
  31       1               批处理机2           46748.21        47583.21        835.00         

工件 32:
  32       0               打印机2            0.00            29963.56        29963.56       
  32       1               批处理机2           29963.56        30798.56        835.00         
  32       2               离散机6            34576.56        35649.56        1073.00        

工件 33:
  33       0               打印机1            0.00            36070.41        36070.41       
  33       1               批处理机2           36070.41        36905.41        835.00         
  33       2               离散机3            37087.93        38694.93        1607.00        

工件 34:
  34       0               打印机3            0.00            24247.93        24247.93       
  34       1               批处理机2           24247.93        25082.93        835.00         
  34       2               离散机8            26226.93        27197.93        971.00         
  34       3               离散机8            33402.56        34897.56        1495.00        
  34       4               离散机6            35649.56        36687.56        1038.00        
  34       5               离散机4            47707.41        48836.41        1129.00        

工件 35:
  35       0               打印机1            0.00            36070.41        36070.41       
  35       1               批处理机2           36070.41        36905.41        835.00         
  35       2               离散机1            44116.41        45544.41        1428.00        
  35       3               离散机5            51588.93        52685.93        1097.00        

工件 36:
  36       0               打印机3            0.00            24247.93        24247.93       
  36       1               批处理机2           24247.93        25082.93        835.00         
  36       2               离散机6            28007.93        29012.93        1005.00        
  36       3               离散机5            29012.93        29925.93        913.00         
  36       4               离散机6            31884.56        33064.56        1180.00        
  36       5               离散机7            42940.41        44149.41        1209.00        
  36       6               离散机5            49245.93        50186.93        941.00         
  36       7               离散机1            50186.93        51168.93        982.00         
  36       8               离散机2            51903.93        52917.93        1014.00        

工件 37:
  37       0               打印机4            0.00            22605.72        22605.72       
  37       1               批处理机2           22605.72        23440.72        835.00         

工件 38:
  38       0               打印机4            0.00            22605.72        22605.72       
  38       1               批处理机2           22605.72        23440.72        835.00         
  38       2               离散机7            23440.72        24705.72        1265.00        
  38       3               离散机5            29925.93        31182.93        1257.00        
  38       4               离散机2            41666.93        42689.93        1023.00        
  38       5               离散机3            46238.41        47718.41        1480.00        
  38       6               离散机7            48977.41        50005.41        1028.00        

工件 39:
  39       0               打印机4            22605.72        37142.48        14536.76       
  39       1               批处理机2           37142.48        37977.48        835.00         
  39       2               离散机1            39889.41        41256.41        1367.00        
  39       3               离散机8            41256.41        42501.41        1245.00        
  39       4               离散机6            42526.41        43798.41        1272.00        

工件 40:
  40       0               打印机1            0.00            36070.41        36070.41       
  40       1               批处理机2           36070.41        36905.41        835.00         
  40       2               离散机4            39091.41        40082.41        991.00         
  40       3               离散机3            45141.41        46238.41        1097.00        
  40       4               离散机2            48006.93        49589.93        1583.00        
  40       5               离散机4            51643.41        52932.41        1289.00        

工件 41:
  41       0               打印机2            0.00            29963.56        29963.56       
  41       1               批处理机2           29963.56        30798.56        835.00         
  41       2               离散机4            32787.93        34309.93        1522.00        
  41       3               离散机7            34915.93        36514.93        1599.00        

工件 42:
  42       0               打印机3            0.00            24247.93        24247.93       
  42       1               批处理机2           24247.93        25082.93        835.00         
  42       2               离散机5            26105.72        27241.72        1136.00        
  42       3               离散机4            27241.72        28282.72        1041.00        
  42       4               离散机7            29700.93        31230.93        1530.00        
  42       5               离散机2            31230.93        32470.93        1240.00        
  42       6               离散机3            35028.93        36154.93        1126.00        
  42       7               离散机8            45413.41        46872.41        1459.00        
  42       8               离散机3            47718.41        49319.41        1601.00        
  42       9               离散机8            52652.41        53933.41        1281.00        

工件 43:
  43       0               打印机3            0.00            24247.93        24247.93       
  43       1               批处理机2           24247.93        25082.93        835.00         
  43       2               离散机3            25082.93        26218.93        1136.00        
  43       3               离散机7            27653.93        28595.93        942.00         
  43       4               离散机1            29055.72        30050.72        995.00         
  43       5               离散机5            31182.93        32501.93        1319.00        
  43       6               离散机3            32501.93        33490.93        989.00         
  43       7               离散机3            33490.93        35028.93        1538.00        
  43       8               离散机8            36414.93        37877.93        1463.00        

工件 44:
  44       0               打印机2            0.00            29963.56        29963.56       
  44       1               批处理机2           29963.56        30798.56        835.00         
  44       2               离散机8            30798.56        31816.56        1018.00        
  44       3               离散机2            34430.93        35866.93        1436.00        
  44       4               离散机2            38862.93        40075.93        1213.00        
  44       5               离散机6            45445.41        47033.41        1588.00        
  44       6               离散机5            48230.93        49245.93        1015.00        
  44       7               离散机3            49319.41        50803.41        1484.00        
  44       8               离散机1            52124.93        53678.93        1554.00        
  44       9               离散机2            53980.93        54947.93        967.00         

工件 45:
  45       0               打印机4            22605.72        37142.48        14536.76       
  45       1               批处理机2           37142.48        37977.48        835.00         
  45       2               离散机8            37977.48        38994.48        1017.00        
  45       3               离散机2            40075.93        41666.93        1591.00        
  45       4               离散机1            45544.41        46983.41        1439.00        
  45       5               离散机6            47033.41        48457.41        1424.00        
  45       6               离散机6            48457.41        49556.41        1099.00        
  45       7               离散机7            50005.41        51194.41        1189.00        

工件 46:
  46       0               打印机4            0.00            22605.72        22605.72       
  46       1               批处理机2           22605.72        23440.72        835.00         
  46       2               离散机1            24400.72        25930.72        1530.00        
  46       3               离散机7            31230.93        32330.93        1100.00        
  46       4               离散机5            32501.93        33859.93        1358.00        
  46       5               离散机7            40560.41        41748.41        1188.00        
  46       6               离散机2            42689.93        44267.93        1578.00        
  46       7               离散机4            48836.41        50177.41        1341.00        

工件 47:
  47       0               打印机4            22605.72        37142.48        14536.76       
  47       1               批处理机2           37142.48        37977.48        835.00         
  47       2               离散机6            39108.41        40151.41        1043.00        
  47       3               离散机1            46983.41        48213.41        1230.00        
  47       4               离散机8            48670.41        50166.41        1496.00        
  47       5               离散机4            50177.41        51643.41        1466.00        
  47       6               离散机7            52376.41        53376.41        1000.00        

工件 48:
  48       0               打印机1            0.00            36070.41        36070.41       
  48       1               批处理机2           36070.41        36905.41        835.00         
  48       2               离散机4            36905.41        37876.41        971.00         
  48       3               离散机3            40411.41        41895.41        1484.00        
  48       4               离散机4            46698.41        47707.41        1009.00        
  48       5               离散机6            49556.41        50747.41        1191.00        
  48       6               离散机1            51168.93        52124.93        956.00         
  48       7               离散机2            52917.93        53980.93        1063.00        

工件 49:
  49       0               打印机4            0.00            22605.72        22605.72       
  49       1               批处理机2           22605.72        23440.72        835.00         
  49       2               离散机5            24651.72        26105.72        1454.00        
  49       3               离散机2            28111.93        29468.93        1357.00        
  49       4               离散机7            39179.41        40560.41        1381.00        
  49       5               离散机8            50166.41        51125.41        959.00         
  49       6               离散机4            52932.41        53857.41        925.00         

【机器加工顺序记录】
----------------------------------------------------------------------------------------------------

打印机1:
工件号      工序号             开始时间            结束时间            加工时长           
--------------------------------------------------------------------------------
  7        0               0.00            36070.41        36070.41       
  9        0               0.00            36070.41        36070.41       
  10       0               0.00            36070.41        36070.41       
  16       0               0.00            36070.41        36070.41       
  18       0               0.00            36070.41        36070.41       
  22       0               0.00            36070.41        36070.41       
  23       0               0.00            36070.41        36070.41       
  27       0               0.00            36070.41        36070.41       
  28       0               0.00            36070.41        36070.41       
  29       0               0.00            36070.41        36070.41       
  33       0               0.00            36070.41        36070.41       
  35       0               0.00            36070.41        36070.41       
  40       0               0.00            36070.41        36070.41       
  48       0               0.00            36070.41        36070.41       

  机器利用率: 919.03% (忙碌时间: 504985.76 / 总时间: 54947.93)

打印机2:
工件号      工序号             开始时间            结束时间            加工时长           
--------------------------------------------------------------------------------
  13       0               0.00            29963.56        29963.56       
  32       0               0.00            29963.56        29963.56       
  41       0               0.00            29963.56        29963.56       
  44       0               0.00            29963.56        29963.56       

  机器利用率: 218.12% (忙碌时间: 119854.22 / 总时间: 54947.93)

打印机3:
工件号      工序号             开始时间            结束时间            加工时长           
--------------------------------------------------------------------------------
  0        0               0.00            24247.93        24247.93       
  1        0               0.00            24247.93        24247.93       
  2        0               0.00            24247.93        24247.93       
  5        0               0.00            24247.93        24247.93       
  11       0               0.00            24247.93        24247.93       
  19       0               0.00            24247.93        24247.93       
  21       0               0.00            24247.93        24247.93       
  25       0               0.00            24247.93        24247.93       
  26       0               0.00            24247.93        24247.93       
  34       0               0.00            24247.93        24247.93       
  36       0               0.00            24247.93        24247.93       
  42       0               0.00            24247.93        24247.93       
  43       0               0.00            24247.93        24247.93       

  机器利用率: 573.68% (忙碌时间: 315223.11 / 总时间: 54947.93)

打印机4:
工件号      工序号             开始时间            结束时间            加工时长           
--------------------------------------------------------------------------------
  4        0               0.00            22605.72        22605.72       
  6        0               0.00            22605.72        22605.72       
  12       0               0.00            22605.72        22605.72       
  14       0               0.00            22605.72        22605.72       
  17       0               0.00            22605.72        22605.72       
  20       0               0.00            22605.72        22605.72       
  30       0               0.00            22605.72        22605.72       
  37       0               0.00            22605.72        22605.72       
  38       0               0.00            22605.72        22605.72       
  46       0               0.00            22605.72        22605.72       
  49       0               0.00            22605.72        22605.72       
  15       0               22605.72        37142.48        14536.76       
  39       0               22605.72        37142.48        14536.76       
  45       0               22605.72        37142.48        14536.76       
  47       0               22605.72        37142.48        14536.76       
  3        0               37142.48        46748.21        9605.72        
  8        0               37142.48        46748.21        9605.72        
  24       0               37142.48        46748.21        9605.72        
  31       0               37142.48        46748.21        9605.72        

  机器利用率: 628.29% (忙碌时间: 345232.90 / 总时间: 54947.93)

批处理机1:
工件号      工序号             开始时间            结束时间            加工时长           
--------------------------------------------------------------------------------

  机器利用率: 0.00% (忙碌时间: 0.00 / 总时间: 54947.93)

批处理机2:
工件号      工序号             开始时间            结束时间            加工时长           
--------------------------------------------------------------------------------
  4        1               22605.72        23440.72        835.00         
  6        1               22605.72        23440.72        835.00         
  12       1               22605.72        23440.72        835.00         
  14       1               22605.72        23440.72        835.00         
  17       1               22605.72        23440.72        835.00         
  20       1               22605.72        23440.72        835.00         
  30       1               22605.72        23440.72        835.00         
  37       1               22605.72        23440.72        835.00         
  38       1               22605.72        23440.72        835.00         
  46       1               22605.72        23440.72        835.00         
  49       1               22605.72        23440.72        835.00         
  0        1               24247.93        25082.93        835.00         
  1        1               24247.93        25082.93        835.00         
  2        1               24247.93        25082.93        835.00         
  5        1               24247.93        25082.93        835.00         
  11       1               24247.93        25082.93        835.00         
  19       1               24247.93        25082.93        835.00         
  21       1               24247.93        25082.93        835.00         
  25       1               24247.93        25082.93        835.00         
  26       1               24247.93        25082.93        835.00         
  34       1               24247.93        25082.93        835.00         
  36       1               24247.93        25082.93        835.00         
  42       1               24247.93        25082.93        835.00         
  43       1               24247.93        25082.93        835.00         
  13       1               29963.56        30798.56        835.00         
  32       1               29963.56        30798.56        835.00         
  41       1               29963.56        30798.56        835.00         
  44       1               29963.56        30798.56        835.00         
  7        1               36070.41        36905.41        835.00         
  9        1               36070.41        36905.41        835.00         
  10       1               36070.41        36905.41        835.00         
  16       1               36070.41        36905.41        835.00         
  18       1               36070.41        36905.41        835.00         
  22       1               36070.41        36905.41        835.00         
  23       1               36070.41        36905.41        835.00         
  27       1               36070.41        36905.41        835.00         
  28       1               36070.41        36905.41        835.00         
  29       1               36070.41        36905.41        835.00         
  33       1               36070.41        36905.41        835.00         
  35       1               36070.41        36905.41        835.00         
  40       1               36070.41        36905.41        835.00         
  48       1               36070.41        36905.41        835.00         
  15       1               37142.48        37977.48        835.00         
  39       1               37142.48        37977.48        835.00         
  45       1               37142.48        37977.48        835.00         
  47       1               37142.48        37977.48        835.00         
  3        1               46748.21        47583.21        835.00         
  8        1               46748.21        47583.21        835.00         
  24       1               46748.21        47583.21        835.00         
  31       1               46748.21        47583.21        835.00         

  机器利用率: 75.98% (忙碌时间: 41750.00 / 总时间: 54947.93)

离散机1:
工件号      工序号             开始时间            结束时间            加工时长           
--------------------------------------------------------------------------------
  20       2               23440.72        24400.72        960.00         
  46       2               24400.72        25930.72        1530.00        
  14       3               25930.72        27587.72        1657.00        
  2        3               27587.72        29055.72        1468.00        
  43       4               29055.72        30050.72        995.00         
  11       4               30089.93        31488.93        1399.00        
  26       3               31488.93        33282.93        1794.00        
  30       5               33490.93        35290.93        1800.00        
  1        7               35662.93        36596.93        934.00         
  22       2               36905.41        38560.41        1655.00        
  23       3               38578.41        39889.41        1311.00        
  39       2               39889.41        41256.41        1367.00        
  15       2               41256.41        42753.41        1497.00        
  7        3               42753.41        44116.41        1363.00        
  35       2               44116.41        45544.41        1428.00        
  45       4               45544.41        46983.41        1439.00        
  47       3               46983.41        48213.41        1230.00        
  14       6               48213.41        49124.41        911.00         
  27       6               49124.41        50168.41        1044.00        
  36       7               50186.93        51168.93        982.00         
  48       6               51168.93        52124.93        956.00         
  44       8               52124.93        53678.93        1554.00        

  机器利用率: 53.28% (忙碌时间: 29274.00 / 总时间: 54947.93)

离散机2:
工件号      工序号             开始时间            结束时间            加工时长           
--------------------------------------------------------------------------------
  5        2               25082.93        26611.93        1529.00        
  1        3               26633.93        28111.93        1478.00        
  49       3               28111.93        29468.93        1357.00        
  2        4               29468.93        30770.93        1302.00        
  42       5               31230.93        32470.93        1240.00        
  11       6               32787.93        34430.93        1643.00        
  44       3               34430.93        35866.93        1436.00        
  13       3               35866.93        37131.93        1265.00        
  6        6               37131.93        38862.93        1731.00        
  44       4               38862.93        40075.93        1213.00        
  45       3               40075.93        41666.93        1591.00        
  38       4               41666.93        42689.93        1023.00        
  46       6               42689.93        44267.93        1578.00        
  22       3               44267.93        45320.93        1053.00        
  27       4               45320.93        46927.93        1607.00        
  22       4               46927.93        48006.93        1079.00        
  40       4               48006.93        49589.93        1583.00        
  15       5               49589.93        50980.93        1391.00        
  9        8               50980.93        51903.93        923.00         
  36       8               51903.93        52917.93        1014.00        
  48       7               52917.93        53980.93        1063.00        
  44       9               53980.93        54947.93        967.00         

  机器利用率: 52.90% (忙碌时间: 29066.00 / 总时间: 54947.93)

离散机3:
工件号      工序号             开始时间            结束时间            加工时长           
--------------------------------------------------------------------------------
  14       2               23440.72        24792.72        1352.00        
  43       2               25082.93        26218.93        1136.00        
  20       3               26218.93        27337.93        1119.00        
  1        4               28111.93        29881.93        1770.00        
  20       4               29881.93        31038.93        1157.00        
  19       3               31038.93        32064.93        1026.00        
  43       6               32501.93        33490.93        989.00         
  43       7               33490.93        35028.93        1538.00        
  42       6               35028.93        36154.93        1126.00        
  30       6               36154.93        37087.93        933.00         
  33       2               37087.93        38694.93        1607.00        
  16       4               39091.41        40411.41        1320.00        
  48       3               40411.41        41895.41        1484.00        
  16       6               41895.41        43100.41        1205.00        
  9        4               43100.41        44231.41        1131.00        
  23       6               44231.41        45141.41        910.00         
  40       3               45141.41        46238.41        1097.00        
  38       5               46238.41        47718.41        1480.00        
  42       8               47718.41        49319.41        1601.00        
  44       7               49319.41        50803.41        1484.00        
  11       8               50803.41        52488.41        1685.00        
  11       9               52488.41        54033.41        1545.00        

  机器利用率: 52.22% (忙碌时间: 28695.00 / 总时间: 54947.93)

离散机4:
工件号      工序号             开始时间            结束时间            加工时长           
--------------------------------------------------------------------------------
  30       2               23440.72        24924.72        1484.00        
  6        3               24924.72        26106.72        1182.00        
  0        2               26106.72        27170.72        1064.00        
  42       3               27241.72        28282.72        1041.00        
  25       3               28282.72        29767.72        1485.00        
  6        5               29767.72        31134.72        1367.00        
  11       5               31488.93        32787.93        1299.00        
  41       2               32787.93        34309.93        1522.00        
  1        6               34309.93        35662.93        1353.00        
  20       6               35662.93        36824.93        1162.00        
  48       2               36905.41        37876.41        971.00         
  16       3               37876.41        39091.41        1215.00        
  40       2               39091.41        40082.41        991.00         
  27       3               40097.41        41095.41        998.00         
  30       7               41095.41        42700.41        1605.00        
  13       4               42700.41        44091.41        1391.00        
  7        4               44116.41        45233.41        1117.00        
  13       5               45233.41        46698.41        1465.00        
  48       4               46698.41        47707.41        1009.00        
  34       5               47707.41        48836.41        1129.00        
  46       7               48836.41        50177.41        1341.00        
  47       5               50177.41        51643.41        1466.00        
  40       5               51643.41        52932.41        1289.00        
  49       6               52932.41        53857.41        925.00         

  机器利用率: 54.36% (忙碌时间: 29871.00 / 总时间: 54947.93)

离散机5:
工件号      工序号             开始时间            结束时间            加工时长           
--------------------------------------------------------------------------------
  6        2               23440.72        24651.72        1211.00        
  49       2               24651.72        26105.72        1454.00        
  42       2               26105.72        27241.72        1136.00        
  19       2               27241.72        28581.72        1340.00        
  36       3               29012.93        29925.93        913.00         
  38       3               29925.93        31182.93        1257.00        
  43       5               31182.93        32501.93        1319.00        
  46       4               32501.93        33859.93        1358.00        
  20       5               33859.93        34801.93        942.00         
  11       7               34801.93        35797.93        996.00         
  26       4               35797.93        36784.93        987.00         
  23       2               36905.41        38578.41        1673.00        
  27       2               38578.41        40097.41        1519.00        
  9        2               40097.41        41833.41        1736.00        
  9        3               41833.41        42931.41        1098.00        
  6        7               42931.41        43993.41        1062.00        
  9        5               44231.41        45437.41        1206.00        
  9        6               45437.41        46846.41        1409.00        
  27       5               46927.93        48230.93        1303.00        
  44       6               48230.93        49245.93        1015.00        
  36       6               49245.93        50186.93        941.00         
  2        7               50186.93        51588.93        1402.00        
  35       3               51588.93        52685.93        1097.00        
  7        7               52685.93        53854.93        1169.00        
  2        8               53854.93        54928.93        1074.00        

  机器利用率: 55.72% (忙碌时间: 30617.00 / 总时间: 54947.93)

离散机6:
工件号      工序号             开始时间            结束时间            加工时长           
--------------------------------------------------------------------------------
  17       2               23440.72        24539.72        1099.00        
  2        2               25082.93        26878.93        1796.00        
  30       3               26878.93        28007.93        1129.00        
  36       2               28007.93        29012.93        1005.00        
  14       4               29012.93        30450.93        1438.00        
  13       2               30798.56        31884.56        1086.00        
  36       4               31884.56        33064.56        1180.00        
  25       4               33064.56        34576.56        1512.00        
  32       2               34576.56        35649.56        1073.00        
  34       4               35649.56        36687.56        1038.00        
  18       2               36905.41        38007.41        1102.00        
  7        2               38007.41        39108.41        1101.00        
  47       2               39108.41        40151.41        1043.00        
  16       5               40411.41        41582.41        1171.00        
  23       4               41582.41        42526.41        944.00         
  39       4               42526.41        43798.41        1272.00        
  15       3               43798.41        45445.41        1647.00        
  44       5               45445.41        47033.41        1588.00        
  45       5               47033.41        48457.41        1424.00        
  45       6               48457.41        49556.41        1099.00        
  48       5               49556.41        50747.41        1191.00        
  22       5               50747.41        51747.41        1000.00        
  22       6               51747.41        53325.41        1578.00        
  23       8               53325.41        54559.41        1234.00        

  机器利用率: 54.14% (忙碌时间: 29750.00 / 总时间: 54947.93)

离散机7:
工件号      工序号             开始时间            结束时间            加工时长           
--------------------------------------------------------------------------------
  38       2               23440.72        24705.72        1265.00        
  1        2               25082.93        26633.93        1551.00        
  26       2               26633.93        27653.93        1020.00        
  43       3               27653.93        28595.93        942.00         
  6        4               28595.93        29700.93        1105.00        
  42       4               29700.93        31230.93        1530.00        
  46       3               31230.93        32330.93        1100.00        
  30       4               32330.93        33490.93        1160.00        
  2        5               33490.93        34915.93        1425.00        
  41       3               34915.93        36514.93        1599.00        
  16       2               36905.41        37858.41        953.00         
  10       2               37858.41        39179.41        1321.00        
  49       4               39179.41        40560.41        1381.00        
  46       5               40560.41        41748.41        1188.00        
  14       5               41748.41        42940.41        1192.00        
  36       5               42940.41        44149.41        1209.00        
  28       2               44149.41        45208.41        1059.00        
  7        5               45233.41        46232.41        999.00         
  7        6               46232.41        47297.41        1065.00        
  15       4               47297.41        48977.41        1680.00        
  38       6               48977.41        50005.41        1028.00        
  45       7               50005.41        51194.41        1189.00        
  14       7               51194.41        52376.41        1182.00        
  47       6               52376.41        53376.41        1000.00        

  机器利用率: 53.04% (忙碌时间: 29143.00 / 总时间: 54947.93)

离散机8:
工件号      工序号             开始时间            结束时间            加工时长           
--------------------------------------------------------------------------------
  12       2               23440.72        24370.72        930.00         
  25       2               25082.93        26226.93        1144.00        
  34       2               26226.93        27197.93        971.00         
  11       2               27197.93        28635.93        1438.00        
  11       3               28635.93        30089.93        1454.00        
  44       2               30798.56        31816.56        1018.00        
  1        5               31816.56        33402.56        1586.00        
  34       3               33402.56        34897.56        1495.00        
  2        6               34915.93        36414.93        1499.00        
  43       8               36414.93        37877.93        1463.00        
  45       2               37977.48        38994.48        1017.00        
  18       3               38994.48        40599.48        1605.00        
  39       3               41256.41        42501.41        1245.00        
  23       5               42526.41        43886.41        1360.00        
  18       4               43886.41        45413.41        1527.00        
  42       7               45413.41        46872.41        1459.00        
  9        7               46872.41        48670.41        1798.00        
  47       4               48670.41        50166.41        1496.00        
  49       5               50166.41        51125.41        959.00         
  23       7               51125.41        52652.41        1527.00        
  42       9               52652.41        53933.41        1281.00        

  机器利用率: 51.45% (忙碌时间: 28272.00 / 总时间: 54947.93)

【打印批次详细信息】
----------------------------------------------------------------------------------------------------

打印机 1 (尺寸: 1061.0 x 460.0 x 511.0):
--------------------------------------------------------------------------------
  批次 1: 零件数=14, 占用率=71.51%
    - 16: 尺寸 438.0 x 159.0 x 84.0
    - 28: 尺寸 207.0 x 159.0 x 88.0
    - 10: 尺寸 140.0 x 79.0 x 32.0
    - 23: 尺寸 263.0 x 91.0 x 136.0
    - 9: 尺寸 137.0 x 206.0 x 68.0
    - 48: 尺寸 158.0 x 362.0 x 102.0
    - 27: 尺寸 113.0 x 80.0 x 151.0
    - 18: 尺寸 284.0 x 172.0 x 110.0
    - 7: 尺寸 153.0 x 146.0 x 90.0
    - 29: 尺寸 90.0 x 93.0 x 92.0
    - 40: 尺寸 124.0 x 64.0 x 42.0
    - 33: 尺寸 112.0 x 98.0 x 19.0
    - 35: 尺寸 74.0 x 147.0 x 98.0
    - 22: 尺寸 130.0 x 59.0 x 135.0

打印机 2 (尺寸: 1102.0 x 487.0 x 623.0):
--------------------------------------------------------------------------------
  批次 1: 零件数=4, 占用率=75.00%
    - 41: 尺寸 444.0 x 226.0 x 15.0
    - 44: 尺寸 632.0 x 309.0 x 29.0
    - 32: 尺寸 117.0 x 87.0 x 57.0
    - 13: 尺寸 636.0 x 152.0 x 46.0

打印机 3 (尺寸: 977.0 x 403.0 x 687.0):
--------------------------------------------------------------------------------
  批次 1: 零件数=13, 占用率=81.24%
    - 1: 尺寸 197.0 x 108.0 x 87.0
    - 36: 尺寸 288.0 x 192.0 x 89.0
    - 11: 尺寸 222.0 x 255.0 x 86.0
    - 19: 尺寸 86.0 x 255.0 x 76.0
    - 42: 尺寸 168.0 x 183.0 x 70.0
    - 2: 尺寸 197.0 x 71.0 x 91.0
    - 43: 尺寸 69.0 x 76.0 x 28.0
    - 21: 尺寸 92.0 x 200.0 x 13.0
    - 0: 尺寸 60.0 x 69.0 x 11.0
    - 25: 尺寸 105.0 x 80.0 x 86.0
    - 34: 尺寸 151.0 x 136.0 x 15.0
    - 5: 尺寸 86.0 x 145.0 x 67.0
    - 26: 尺寸 371.0 x 137.0 x 62.0

打印机 4 (尺寸: 1162.0 x 485.0 x 618.0):
--------------------------------------------------------------------------------
  批次 1: 零件数=11, 占用率=92.76%
    - 6: 尺寸 501.0 x 339.0 x 185.0
    - 20: 尺寸 185.0 x 136.0 x 179.0
    - 49: 尺寸 476.0 x 230.0 x 168.0
    - 17: 尺寸 183.0 x 141.0 x 188.0
    - 46: 尺寸 463.0 x 229.0 x 199.0
    - 12: 尺寸 138.0 x 94.0 x 44.0
    - 30: 尺寸 57.0 x 51.0 x 63.0
    - 38: 尺寸 480.0 x 86.0 x 105.0
    - 14: 尺寸 129.0 x 111.0 x 73.0
    - 4: 尺寸 66.0 x 98.0 x 169.0
    - 37: 尺寸 158.0 x 54.0 x 89.0
  批次 2: 零件数=4, 占用率=76.87%
    - 47: 尺寸 555.0 x 334.0 x 118.0
    - 15: 尺寸 561.0 x 343.0 x 127.0
    - 45: 尺寸 160.0 x 143.0 x 116.0
    - 39: 尺寸 243.0 x 134.0 x 70.0
  批次 3: 零件数=4, 占用率=70.73%
    - 31: 尺寸 359.0 x 232.0 x 75.0
    - 3: 尺寸 550.0 x 193.0 x 83.0
    - 24: 尺寸 250.0 x 310.0 x 57.0
    - 8: 尺寸 451.0 x 292.0 x 10.0

════════════════════════════════════════════════════════════════
