════════════════════════════════════════════════════════════════
              最优Cmax解的详细调度记录
════════════════════════════════════════════════════════════════

【基本信息】
----------------------------------------------------------------------------------------------------
Cmax (最大完工时间): 60755.41
能耗: 484.65 kWh
装箱质量: 0.3958
批次总数: 7
工件数量: 50
机器数量: 14 (打印机:4, 批处理机:2, 离散机:8)

【染色体编码】
----------------------------------------------------------------------------------------------------
工序序列 (OS): [6, 35, 46, 28, 27, 15, 7, 3, 17, 48, 33, 20, 24, 4, 19, 10, 13, 21, 31, 2, 34, 39, 32, 40, 43, 18, 29, 11, 12, 41, 47, 49, 22, 23, 38, 5, 0, 1, 25, 42, 45, 14, 16, 30, 37, 36, 44, 8, 26, 9, 30, 34, 42, 41, 44, 11, 49, 34, 22, 43, 25, 15, 19, 10, 6, 2, 42, 22, 46, 38, 43, 47, 42, 44, 13, 14, 7, 45, 13, 43, 9, 9, 25, 15, 2, 42, 15, 36, 48, 27, 14, 44, 38, 26, 35, 47, 0, 1, 18, 41, 40, 7, 17, 7, 36, 36, 14, 1, 22, 45, 16, 47, 16, 1, 48, 39, 38, 23, 20, 30, 36, 42, 6, 9, 44, 43, 46, 22, 26, 30, 46, 39, 16, 18, 11, 27, 44, 11, 13, 39, 25, 23, 14, 40, 38, 23, 7, 1, 49, 48, 16, 45, 13, 27, 44, 2, 43, 27, 7, 23, 1, 49, 2, 35, 6, 9, 26, 2, 42, 1, 46, 5, 49, 6, 38, 30, 48, 42, 40, 44, 9, 15, 18, 46, 28, 11, 11, 34, 20, 45, 43, 48, 36, 11, 42, 9, 23, 45, 14, 14, 47, 16, 30, 23, 30, 44, 47, 45, 20, 22, 19, 20, 12, 43, 40, 36, 49, 33, 20, 46, 34, 48, 32, 11, 27, 36, 6, 9, 23, 6, 2, 11, 2, 7]
机器选择 (MS): [4, 1, 4, 3, 4, 4, 1, 4, 4, 3, 2, 4, 2, 4, 4, 3, 2, 4, 4, 3, 1, 1, 1, 3, 3, 3, 1, 4, 2, 4, 1, 4, 3, 3, 1, 4, 4, 1, 3, 3, 4, 2, 4, 4, 4, 1, 1, 4, 4, 4, 2, 2, 1, 1, 1, 3, 1, 1, 1, 1, 1, 2, 1, 1, 2, 2, 2, 1, 1, 1, 1, 1, 1, 2, 3, 1, 1, 2, 2, 2, 1, 1, 1, 1, 1, 1, 1, 3, 2, 2, 1, 1, 2, 2, 2, 1, 2, 2, 1, 3, 1, 1, 1, 1, 3, 1, 2, 3, 1, 1, 3, 3, 1, 2, 2, 2, 2, 3, 2, 3, 2, 1, 2, 3, 2, 1, 2, 2, 1, 1, 3, 1, 1, 1, 2, 1, 1, 1, 1, 1, 2, 1, 3, 1, 1, 1, 1, 1, 2, 1, 1, 1, 1, 1, 1, 2, 1, 2, 2, 1, 2, 1, 1, 3, 2, 1, 1, 1, 1, 1, 2, 1, 1, 2, 2, 2, 3, 3, 2, 1, 1, 1, 1, 1, 2, 1, 1, 1, 2, 3, 1, 2, 1, 1, 1, 1, 1, 1, 1, 1, 1, 2, 2, 2, 1, 1, 3, 1, 1, 2, 1, 1, 1, 1, 2, 1, 1, 1, 1, 1, 2, 1, 1, 1, 1, 2, 1, 1, 2, 2, 1, 1, 1, 1]

【零件加工顺序记录】
----------------------------------------------------------------------------------------------------
工件号      工序号             机器号             开始时间            结束时间            加工时长           
----------------------------------------------------------------------------------------------------

工件 0:
  0        0               打印机4            0.00            22605.72        22605.72       
  0        1               批处理机2           22605.72        23440.72        835.00         
  0        2               离散机4            24924.72        25988.72        1064.00        

工件 1:
  1        0               打印机1            0.00            28305.71        28305.71       
  1        1               批处理机2           28305.71        29140.71        835.00         
  1        2               离散机6            32289.71        34026.71        1737.00        
  1        3               离散机2            34026.71        35504.71        1478.00        
  1        4               离散机3            40446.85        42216.85        1770.00        
  1        5               离散机8            43657.24        45243.24        1586.00        
  1        6               离散机7            46806.26        47860.26        1054.00        
  1        7               离散机1            49255.26        50189.26        934.00         

工件 2:
  2        0               打印机3            0.00            35960.26        35960.26       
  2        1               批处理机1           35960.26        36906.26        946.00         
  2        2               离散机4            38131.26        39128.26        997.00         
  2        3               离散机1            40164.26        41632.26        1468.00        
  2        4               离散机2            44926.26        46228.26        1302.00        
  2        5               离散机7            52560.41        53985.41        1425.00        
  2        6               离散机7            53985.41        55127.41        1142.00        
  2        7               离散机1            56175.26        57622.26        1447.00        
  2        8               离散机3            59580.41        60755.41        1175.00        

工件 3:
  3        0               打印机4            22605.72        37142.48        14536.76       
  3        1               批处理机2           37142.48        37977.48        835.00         

工件 4:
  4        0               打印机4            0.00            22605.72        22605.72       
  4        1               批处理机2           22605.72        23440.72        835.00         

工件 5:
  5        0               打印机4            0.00            22605.72        22605.72       
  5        1               批处理机2           22605.72        23440.72        835.00         
  5        2               离散机8            23440.72        24380.72        940.00         

工件 6:
  6        0               打印机4            0.00            22605.72        22605.72       
  6        1               批处理机2           22605.72        23440.72        835.00         
  6        2               离散机5            23440.72        24651.72        1211.00        
  6        3               离散机4            25988.72        27170.72        1182.00        
  6        4               离散机7            27379.72        28484.72        1105.00        
  6        5               离散机4            28484.72        29851.72        1367.00        
  6        6               离散机2            35504.71        37235.71        1731.00        
  6        7               离散机5            42195.26        43257.26        1062.00        

工件 7:
  7        0               打印机1            0.00            28305.71        28305.71       
  7        1               批处理机2           28305.71        29140.71        835.00         
  7        2               离散机6            30183.71        31284.71        1101.00        
  7        3               离散机1            31413.71        32776.71        1363.00        
  7        4               离散机4            32776.71        33893.71        1117.00        
  7        5               离散机7            33893.71        34892.71        999.00         
  7        6               离散机6            35206.71        36537.71        1331.00        
  7        7               离散机5            53601.41        54770.41        1169.00        

工件 8:
  8        0               打印机4            22605.72        37142.48        14536.76       
  8        1               批处理机2           37142.48        37977.48        835.00         

工件 9:
  9        0               打印机4            22605.72        37142.48        14536.76       
  9        1               批处理机2           37142.48        37977.48        835.00         
  9        2               离散机5            38042.26        39778.26        1736.00        
  9        3               离散机5            39778.26        40876.26        1098.00        
  9        4               离散机6            43440.26        45235.26        1795.00        
  9        5               离散机1            47780.26        49255.26        1475.00        
  9        6               离散机5            49397.26        50806.26        1409.00        
  9        7               离散机8            50811.41        52609.41        1798.00        
  9        8               离散机2            57695.26        58618.26        923.00         

工件 10:
  10       0               打印机3            0.00            35960.26        35960.26       
  10       1               批处理机1           35960.26        36906.26        946.00         
  10       2               离散机7            36906.26        38227.26        1321.00        

工件 11:
  11       0               打印机4            37142.48        47084.41        9941.93        
  11       1               批处理机2           47084.41        47919.41        835.00         
  11       2               离散机8            47919.41        49357.41        1438.00        
  11       3               离散机8            49357.41        50811.41        1454.00        
  11       4               离散机3            50811.41        52517.41        1706.00        
  11       5               离散机4            52517.41        53816.41        1299.00        
  11       6               离散机4            53816.41        55354.41        1538.00        
  11       7               离散机5            55354.41        56350.41        996.00         
  11       8               离散机3            56350.41        58035.41        1685.00        
  11       9               离散机3            58035.41        59580.41        1545.00        

工件 12:
  12       0               打印机2            0.00            38259.85        38259.85       
  12       1               批处理机2           38259.85        39094.85        835.00         
  12       2               离散机8            46559.24        47489.24        930.00         

工件 13:
  13       0               打印机2            0.00            38259.85        38259.85       
  13       1               批处理机2           38259.85        39094.85        835.00         
  13       2               离散机6            39486.26        40572.26        1086.00        
  13       3               离散机2            40572.26        41837.26        1265.00        
  13       4               离散机7            43899.26        45614.26        1715.00        
  13       5               离散机4            45614.26        47079.26        1465.00        

工件 14:
  14       0               打印机2            0.00            38259.85        38259.85       
  14       1               批处理机2           38259.85        39094.85        835.00         
  14       2               离散机3            39094.85        40446.85        1352.00        
  14       3               离散机8            40926.24        42052.24        1126.00        
  14       4               离散机1            43099.26        44664.26        1565.00        
  14       5               离散机7            45614.26        46806.26        1192.00        
  14       6               离散机1            54282.26        55193.26        911.00         
  14       7               离散机4            55354.41        56318.41        964.00         

工件 15:
  15       0               打印机4            22605.72        37142.48        14536.76       
  15       1               批处理机2           37142.48        37977.48        835.00         
  15       2               离散机8            38667.24        39909.24        1242.00        
  15       3               离散机6            40572.26        42219.26        1647.00        
  15       4               离散机7            42219.26        43899.26        1680.00        
  15       5               离散机8            45243.24        46559.24        1316.00        

工件 16:
  16       0               打印机4            37142.48        47084.41        9941.93        
  16       1               批处理机2           47084.41        47919.41        835.00         
  16       2               离散机7            47919.41        48872.41        953.00         
  16       3               离散机3            48872.41        50217.41        1345.00        
  16       4               离散机7            51040.41        52560.41        1520.00        
  16       5               离散机6            52560.41        53731.41        1171.00        
  16       6               离散机3            54055.41        55260.41        1205.00        

工件 17:
  17       0               打印机4            0.00            22605.72        22605.72       
  17       1               批处理机2           22605.72        23440.72        835.00         
  17       2               离散机5            24651.72        25926.72        1275.00        

工件 18:
  18       0               打印机3            0.00            35960.26        35960.26       
  18       1               批处理机1           35960.26        36906.26        946.00         
  18       2               离散机6            36906.26        38008.26        1102.00        
  18       3               离散机8            42052.24        43657.24        1605.00        
  18       4               离散机6            55357.41        57043.41        1686.00        

工件 19:
  19       0               打印机4            0.00            22605.72        22605.72       
  19       1               批处理机2           22605.72        23440.72        835.00         
  19       2               离散机6            24369.72        25798.72        1429.00        
  19       3               离散机3            55260.41        56286.41        1026.00        

工件 20:
  20       0               打印机4            0.00            22605.72        22605.72       
  20       1               批处理机2           22605.72        23440.72        835.00         
  20       2               离散机7            24837.72        26062.72        1225.00        
  20       3               离散机3            26062.72        27181.72        1119.00        
  20       4               离散机3            27181.72        28338.72        1157.00        
  20       5               离散机5            29004.72        29946.72        942.00         
  20       6               离散机8            33238.71        34549.71        1311.00        

工件 21:
  21       0               打印机4            22605.72        37142.48        14536.76       
  21       1               批处理机2           37142.48        37977.48        835.00         

工件 22:
  22       0               打印机3            0.00            35960.26        35960.26       
  22       1               批处理机1           35960.26        36906.26        946.00         
  22       2               离散机4            36906.26        38131.26        1225.00        
  22       3               离散机1            38131.26        39117.26        986.00         
  22       4               离散机6            42219.26        43440.26        1221.00        
  22       5               离散机6            46823.26        47823.26        1000.00        
  22       6               离散机6            57043.41        58621.41        1578.00        

工件 23:
  23       0               打印机3            0.00            35960.26        35960.26       
  23       1               批处理机1           35960.26        36906.26        946.00         
  23       2               离散机3            43700.85        44886.85        1186.00        
  23       3               离散机3            46012.85        47241.85        1229.00        
  23       4               离散机6            47823.26        48767.26        944.00         
  23       5               离散机6            48767.26        50315.26        1548.00        
  23       6               离散机2            50492.26        52086.26        1594.00        
  23       7               离散机8            52609.41        54136.41        1527.00        
  23       8               离散机6            58621.41        59855.41        1234.00        

工件 24:
  24       0               打印机2            0.00            38259.85        38259.85       
  24       1               批处理机2           38259.85        39094.85        835.00         

工件 25:
  25       0               打印机3            0.00            35960.26        35960.26       
  25       1               批处理机1           35960.26        36906.26        946.00         
  25       2               离散机8            37523.24        38667.24        1144.00        
  25       3               离散机4            39128.26        40613.26        1485.00        
  25       4               离散机2            43428.26        44926.26        1498.00        

工件 26:
  26       0               打印机4            37142.48        47084.41        9941.93        
  26       1               批处理机2           47084.41        47919.41        835.00         
  26       2               离散机4            49441.41        51018.41        1577.00        
  26       3               离散机5            51018.41        52614.41        1596.00        
  26       4               离散机5            52614.41        53601.41        987.00         

工件 27:
  27       0               打印机4            0.00            22605.72        22605.72       
  27       1               批处理机2           22605.72        23440.72        835.00         
  27       2               离散机7            23440.72        24837.72        1397.00        
  27       3               离散机2            24837.72        26592.72        1755.00        
  27       4               离散机2            29256.72        30863.72        1607.00        
  27       5               离散机5            30863.72        32166.72        1303.00        
  27       6               离散机1            36966.71        38010.71        1044.00        

工件 28:
  28       0               打印机3            0.00            35960.26        35960.26       
  28       1               批处理机1           35960.26        36906.26        946.00         
  28       2               离散机7            41016.26        42075.26        1059.00        

工件 29:
  29       0               打印机1            0.00            28305.71        28305.71       
  29       1               批处理机2           28305.71        29140.71        835.00         

工件 30:
  30       0               打印机4            0.00            22605.72        22605.72       
  30       1               批处理机2           22605.72        23440.72        835.00         
  30       2               离散机4            23440.72        24924.72        1484.00        
  30       3               离散机6            25798.72        26927.72        1129.00        
  30       4               离散机2            26927.72        27899.72        972.00         
  30       5               离散机1            32776.71        34576.71        1800.00        
  30       6               离散机3            38042.26        38975.26        933.00         
  30       7               离散机2            52086.26        53506.26        1420.00        

工件 31:
  31       0               打印机4            37142.48        47084.41        9941.93        
  31       1               批处理机2           47084.41        47919.41        835.00         

工件 32:
  32       0               打印机1            0.00            28305.71        28305.71       
  32       1               批处理机2           28305.71        29140.71        835.00         
  32       2               离散机4            29851.72        31392.72        1541.00        

工件 33:
  33       0               打印机2            0.00            38259.85        38259.85       
  33       1               批处理机2           38259.85        39094.85        835.00         
  33       2               离散机5            45031.85        46570.85        1539.00        

工件 34:
  34       0               打印机1            0.00            28305.71        28305.71       
  34       1               批处理机2           28305.71        29140.71        835.00         
  34       2               离散机1            29140.71        30069.71        929.00         
  34       3               离散机8            30069.71        31564.71        1495.00        
  34       4               离散机6            51506.26        52544.26        1038.00        
  34       5               离散机4            56318.41        57447.41        1129.00        

工件 35:
  35       0               打印机1            0.00            28305.71        28305.71       
  35       1               批处理机2           28305.71        29140.71        835.00         
  35       2               离散机8            31564.71        33238.71        1674.00        
  35       3               离散机5            33238.71        34335.71        1097.00        

工件 36:
  36       0               打印机1            0.00            28305.71        28305.71       
  36       1               批处理机2           28305.71        29140.71        835.00         
  36       2               离散机6            31284.71        32289.71        1005.00        
  36       3               离散机5            32289.71        33202.71        913.00         
  36       4               离散机6            34026.71        35206.71        1180.00        
  36       5               离散机1            35206.71        36966.71        1760.00        
  36       6               离散机2            49398.26        50492.26        1094.00        
  36       7               离散机1            55193.26        56175.26        982.00         
  36       8               离散机2            56681.26        57695.26        1014.00        

工件 37:
  37       0               打印机4            0.00            22605.72        22605.72       
  37       1               批处理机2           22605.72        23440.72        835.00         

工件 38:
  38       0               打印机1            0.00            28305.71        28305.71       
  38       1               批处理机2           28305.71        29140.71        835.00         
  38       2               离散机7            29140.71        30405.71        1265.00        
  38       3               离散机3            30405.71        31352.71        947.00         
  38       4               离散机2            31352.71        32375.71        1023.00        
  38       5               离散机3            33036.71        34516.71        1480.00        
  38       6               离散机3            35434.71        36696.71        1262.00        

工件 39:
  39       0               打印机1            0.00            28305.71        28305.71       
  39       1               批处理机2           28305.71        29140.71        835.00         
  39       2               离散机3            29140.71        30333.71        1193.00        
  39       3               离散机7            30405.71        31623.71        1218.00        
  39       4               离散机7            31623.71        32701.71        1078.00        

工件 40:
  40       0               打印机3            0.00            35960.26        35960.26       
  40       1               批处理机1           35960.26        36906.26        946.00         
  40       2               离散机4            41584.26        42575.26        991.00         
  40       3               离散机4            42575.26        44016.26        1441.00        
  40       4               离散机2            47815.26        49398.26        1583.00        
  40       5               离散机4            51018.41        52307.41        1289.00        

工件 41:
  41       0               打印机4            37142.48        47084.41        9941.93        
  41       1               批处理机2           47084.41        47919.41        835.00         
  41       2               离散机4            47919.41        49441.41        1522.00        
  41       3               离散机7            49441.41        51040.41        1599.00        

工件 42:
  42       0               打印机3            0.00            35960.26        35960.26       
  42       1               批处理机1           35960.26        36906.26        946.00         
  42       2               离散机5            36906.26        38042.26        1136.00        
  42       3               离散机6            38042.26        39486.26        1444.00        
  42       4               离散机7            39486.26        41016.26        1530.00        
  42       5               离散机1            41632.26        43099.26        1467.00        
  42       6               离散机3            44886.85        46012.85        1126.00        
  42       7               离散机2            46228.26        47815.26        1587.00        
  42       8               离散机6            53731.41        55357.41        1626.00        
  42       9               离散机5            56350.41        57486.41        1136.00        

工件 43:
  43       0               打印机3            0.00            35960.26        35960.26       
  43       1               批处理机1           35960.26        36906.26        946.00         
  43       2               离散机3            36906.26        38042.26        1136.00        
  43       3               离散机7            38227.26        39169.26        942.00         
  43       4               离散机1            39169.26        40164.26        995.00         
  43       5               离散机5            40876.26        42195.26        1319.00        
  43       6               离散机1            46103.26        47780.26        1677.00        
  43       7               离散机3            52517.41        54055.41        1538.00        
  43       8               离散机8            54136.41        55599.41        1463.00        

工件 44:
  44       0               打印机1            28305.71        35670.24        7364.53        
  44       1               批处理机2           35670.24        36505.24        835.00         
  44       2               离散机8            36505.24        37523.24        1018.00        
  44       3               离散机2            37523.24        38959.24        1436.00        
  44       4               离散机2            38959.24        40172.24        1213.00        
  44       5               离散机6            45235.26        46823.26        1588.00        
  44       6               离散机5            46823.26        47838.26        1015.00        
  44       7               离散机5            47838.26        49397.26        1559.00        
  44       8               离散机1            50189.26        51743.26        1554.00        
  44       9               离散机2            53506.26        54473.26        967.00         

工件 45:
  45       0               打印机4            22605.72        37142.48        14536.76       
  45       1               批处理机2           37142.48        37977.48        835.00         
  45       2               离散机8            39909.24        40926.24        1017.00        
  45       3               离散机2            41837.26        43428.26        1591.00        
  45       4               离散机1            44664.26        46103.26        1439.00        
  45       5               离散机3            47241.85        48594.85        1353.00        
  45       6               离散机1            52699.26        54282.26        1583.00        
  45       7               离散机2            54473.26        55618.26        1145.00        

工件 46:
  46       0               打印机4            0.00            22605.72        22605.72       
  46       1               批处理机2           22605.72        23440.72        835.00         
  46       2               离散机1            23440.72        24970.72        1530.00        
  46       3               离散机1            24970.72        26149.72        1179.00        
  46       4               离散机7            26149.72        27379.72        1230.00        
  46       5               离散机5            27379.72        29004.72        1625.00        
  46       6               离散机2            32375.71        33953.71        1578.00        
  46       7               离散机4            35359.71        36700.71        1341.00        

工件 47:
  47       0               打印机1            0.00            28305.71        28305.71       
  47       1               批处理机2           28305.71        29140.71        835.00         
  47       2               离散机6            29140.71        30183.71        1043.00        
  47       3               离散机1            30183.71        31413.71        1230.00        
  47       4               离散机3            31413.71        33036.71        1623.00        
  47       5               离散机4            33893.71        35359.71        1466.00        
  47       6               离散机7            35359.71        36359.71        1000.00        

工件 48:
  48       0               打印机3            0.00            35960.26        35960.26       
  48       1               批处理机1           35960.26        36906.26        946.00         
  48       2               离散机4            40613.26        41584.26        971.00         
  48       3               离散机3            42216.85        43700.85        1484.00        
  48       4               离散机5            43700.85        45031.85        1331.00        
  48       5               离散机6            50315.26        51506.26        1191.00        
  48       6               离散机1            51743.26        52699.26        956.00         
  48       7               离散机2            55618.26        56681.26        1063.00        

工件 49:
  49       0               打印机4            0.00            22605.72        22605.72       
  49       1               批处理机2           22605.72        23440.72        835.00         
  49       2               离散机6            23440.72        24369.72        929.00         
  49       3               离散机2            27899.72        29256.72        1357.00        
  49       4               离散机3            34516.71        35434.71        918.00         
  49       5               离散机8            35434.71        36393.71        959.00         
  49       6               离散机4            44016.26        44941.26        925.00         

【机器加工顺序记录】
----------------------------------------------------------------------------------------------------

打印机1:
工件号      工序号             开始时间            结束时间            加工时长           
--------------------------------------------------------------------------------
  1        0               0.00            28305.71        28305.71       
  7        0               0.00            28305.71        28305.71       
  29       0               0.00            28305.71        28305.71       
  32       0               0.00            28305.71        28305.71       
  34       0               0.00            28305.71        28305.71       
  35       0               0.00            28305.71        28305.71       
  36       0               0.00            28305.71        28305.71       
  38       0               0.00            28305.71        28305.71       
  39       0               0.00            28305.71        28305.71       
  47       0               0.00            28305.71        28305.71       
  44       0               28305.71        35670.24        7364.53        

  机器利用率: 478.02% (忙碌时间: 290421.59 / 总时间: 60755.41)

打印机2:
工件号      工序号             开始时间            结束时间            加工时长           
--------------------------------------------------------------------------------
  12       0               0.00            38259.85        38259.85       
  13       0               0.00            38259.85        38259.85       
  14       0               0.00            38259.85        38259.85       
  24       0               0.00            38259.85        38259.85       
  33       0               0.00            38259.85        38259.85       

  机器利用率: 314.87% (忙碌时间: 191299.26 / 总时间: 60755.41)

打印机3:
工件号      工序号             开始时间            结束时间            加工时长           
--------------------------------------------------------------------------------
  2        0               0.00            35960.26        35960.26       
  10       0               0.00            35960.26        35960.26       
  18       0               0.00            35960.26        35960.26       
  22       0               0.00            35960.26        35960.26       
  23       0               0.00            35960.26        35960.26       
  25       0               0.00            35960.26        35960.26       
  28       0               0.00            35960.26        35960.26       
  40       0               0.00            35960.26        35960.26       
  42       0               0.00            35960.26        35960.26       
  43       0               0.00            35960.26        35960.26       
  48       0               0.00            35960.26        35960.26       

  机器利用率: 651.07% (忙碌时间: 395562.86 / 总时间: 60755.41)

打印机4:
工件号      工序号             开始时间            结束时间            加工时长           
--------------------------------------------------------------------------------
  0        0               0.00            22605.72        22605.72       
  4        0               0.00            22605.72        22605.72       
  5        0               0.00            22605.72        22605.72       
  6        0               0.00            22605.72        22605.72       
  17       0               0.00            22605.72        22605.72       
  19       0               0.00            22605.72        22605.72       
  20       0               0.00            22605.72        22605.72       
  27       0               0.00            22605.72        22605.72       
  30       0               0.00            22605.72        22605.72       
  37       0               0.00            22605.72        22605.72       
  46       0               0.00            22605.72        22605.72       
  49       0               0.00            22605.72        22605.72       
  3        0               22605.72        37142.48        14536.76       
  8        0               22605.72        37142.48        14536.76       
  9        0               22605.72        37142.48        14536.76       
  15       0               22605.72        37142.48        14536.76       
  21       0               22605.72        37142.48        14536.76       
  45       0               22605.72        37142.48        14536.76       
  11       0               37142.48        47084.41        9941.93        
  16       0               37142.48        47084.41        9941.93        
  26       0               37142.48        47084.41        9941.93        
  31       0               37142.48        47084.41        9941.93        
  41       0               37142.48        47084.41        9941.93        

  机器利用率: 671.87% (忙碌时间: 408198.90 / 总时间: 60755.41)

批处理机1:
工件号      工序号             开始时间            结束时间            加工时长           
--------------------------------------------------------------------------------
  2        1               35960.26        36906.26        946.00         
  10       1               35960.26        36906.26        946.00         
  18       1               35960.26        36906.26        946.00         
  22       1               35960.26        36906.26        946.00         
  23       1               35960.26        36906.26        946.00         
  25       1               35960.26        36906.26        946.00         
  28       1               35960.26        36906.26        946.00         
  40       1               35960.26        36906.26        946.00         
  42       1               35960.26        36906.26        946.00         
  43       1               35960.26        36906.26        946.00         
  48       1               35960.26        36906.26        946.00         

  机器利用率: 17.13% (忙碌时间: 10406.00 / 总时间: 60755.41)

批处理机2:
工件号      工序号             开始时间            结束时间            加工时长           
--------------------------------------------------------------------------------
  0        1               22605.72        23440.72        835.00         
  4        1               22605.72        23440.72        835.00         
  5        1               22605.72        23440.72        835.00         
  6        1               22605.72        23440.72        835.00         
  17       1               22605.72        23440.72        835.00         
  19       1               22605.72        23440.72        835.00         
  20       1               22605.72        23440.72        835.00         
  27       1               22605.72        23440.72        835.00         
  30       1               22605.72        23440.72        835.00         
  37       1               22605.72        23440.72        835.00         
  46       1               22605.72        23440.72        835.00         
  49       1               22605.72        23440.72        835.00         
  1        1               28305.71        29140.71        835.00         
  7        1               28305.71        29140.71        835.00         
  29       1               28305.71        29140.71        835.00         
  32       1               28305.71        29140.71        835.00         
  34       1               28305.71        29140.71        835.00         
  35       1               28305.71        29140.71        835.00         
  36       1               28305.71        29140.71        835.00         
  38       1               28305.71        29140.71        835.00         
  39       1               28305.71        29140.71        835.00         
  47       1               28305.71        29140.71        835.00         
  44       1               35670.24        36505.24        835.00         
  3        1               37142.48        37977.48        835.00         
  8        1               37142.48        37977.48        835.00         
  9        1               37142.48        37977.48        835.00         
  15       1               37142.48        37977.48        835.00         
  21       1               37142.48        37977.48        835.00         
  45       1               37142.48        37977.48        835.00         
  12       1               38259.85        39094.85        835.00         
  13       1               38259.85        39094.85        835.00         
  14       1               38259.85        39094.85        835.00         
  24       1               38259.85        39094.85        835.00         
  33       1               38259.85        39094.85        835.00         
  11       1               47084.41        47919.41        835.00         
  16       1               47084.41        47919.41        835.00         
  26       1               47084.41        47919.41        835.00         
  31       1               47084.41        47919.41        835.00         
  41       1               47084.41        47919.41        835.00         

  机器利用率: 53.60% (忙碌时间: 32565.00 / 总时间: 60755.41)

离散机1:
工件号      工序号             开始时间            结束时间            加工时长           
--------------------------------------------------------------------------------
  46       2               23440.72        24970.72        1530.00        
  46       3               24970.72        26149.72        1179.00        
  34       2               29140.71        30069.71        929.00         
  47       3               30183.71        31413.71        1230.00        
  7        3               31413.71        32776.71        1363.00        
  30       5               32776.71        34576.71        1800.00        
  36       5               35206.71        36966.71        1760.00        
  27       6               36966.71        38010.71        1044.00        
  22       3               38131.26        39117.26        986.00         
  43       4               39169.26        40164.26        995.00         
  2        3               40164.26        41632.26        1468.00        
  42       5               41632.26        43099.26        1467.00        
  14       4               43099.26        44664.26        1565.00        
  45       4               44664.26        46103.26        1439.00        
  43       6               46103.26        47780.26        1677.00        
  9        5               47780.26        49255.26        1475.00        
  1        7               49255.26        50189.26        934.00         
  44       8               50189.26        51743.26        1554.00        
  48       6               51743.26        52699.26        956.00         
  45       6               52699.26        54282.26        1583.00        
  14       6               54282.26        55193.26        911.00         
  36       7               55193.26        56175.26        982.00         
  2        7               56175.26        57622.26        1447.00        

  机器利用率: 49.83% (忙碌时间: 30274.00 / 总时间: 60755.41)

离散机2:
工件号      工序号             开始时间            结束时间            加工时长           
--------------------------------------------------------------------------------
  27       3               24837.72        26592.72        1755.00        
  30       4               26927.72        27899.72        972.00         
  49       3               27899.72        29256.72        1357.00        
  27       4               29256.72        30863.72        1607.00        
  38       4               31352.71        32375.71        1023.00        
  46       6               32375.71        33953.71        1578.00        
  1        3               34026.71        35504.71        1478.00        
  6        6               35504.71        37235.71        1731.00        
  44       3               37523.24        38959.24        1436.00        
  44       4               38959.24        40172.24        1213.00        
  13       3               40572.26        41837.26        1265.00        
  45       3               41837.26        43428.26        1591.00        
  25       4               43428.26        44926.26        1498.00        
  2        4               44926.26        46228.26        1302.00        
  42       7               46228.26        47815.26        1587.00        
  40       4               47815.26        49398.26        1583.00        
  36       6               49398.26        50492.26        1094.00        
  23       6               50492.26        52086.26        1594.00        
  30       7               52086.26        53506.26        1420.00        
  44       9               53506.26        54473.26        967.00         
  45       7               54473.26        55618.26        1145.00        
  48       7               55618.26        56681.26        1063.00        
  36       8               56681.26        57695.26        1014.00        
  9        8               57695.26        58618.26        923.00         

  机器利用率: 52.99% (忙碌时间: 32196.00 / 总时间: 60755.41)

离散机3:
工件号      工序号             开始时间            结束时间            加工时长           
--------------------------------------------------------------------------------
  20       3               26062.72        27181.72        1119.00        
  20       4               27181.72        28338.72        1157.00        
  39       2               29140.71        30333.71        1193.00        
  38       3               30405.71        31352.71        947.00         
  47       4               31413.71        33036.71        1623.00        
  38       5               33036.71        34516.71        1480.00        
  49       4               34516.71        35434.71        918.00         
  38       6               35434.71        36696.71        1262.00        
  43       2               36906.26        38042.26        1136.00        
  30       6               38042.26        38975.26        933.00         
  14       2               39094.85        40446.85        1352.00        
  1        4               40446.85        42216.85        1770.00        
  48       3               42216.85        43700.85        1484.00        
  23       2               43700.85        44886.85        1186.00        
  42       6               44886.85        46012.85        1126.00        
  23       3               46012.85        47241.85        1229.00        
  45       5               47241.85        48594.85        1353.00        
  16       3               48872.41        50217.41        1345.00        
  11       4               50811.41        52517.41        1706.00        
  43       7               52517.41        54055.41        1538.00        
  16       6               54055.41        55260.41        1205.00        
  19       3               55260.41        56286.41        1026.00        
  11       8               56350.41        58035.41        1685.00        
  11       9               58035.41        59580.41        1545.00        
  2        8               59580.41        60755.41        1175.00        

  机器利用率: 53.48% (忙碌时间: 32493.00 / 总时间: 60755.41)

离散机4:
工件号      工序号             开始时间            结束时间            加工时长           
--------------------------------------------------------------------------------
  30       2               23440.72        24924.72        1484.00        
  0        2               24924.72        25988.72        1064.00        
  6        3               25988.72        27170.72        1182.00        
  6        5               28484.72        29851.72        1367.00        
  32       2               29851.72        31392.72        1541.00        
  7        4               32776.71        33893.71        1117.00        
  47       5               33893.71        35359.71        1466.00        
  46       7               35359.71        36700.71        1341.00        
  22       2               36906.26        38131.26        1225.00        
  2        2               38131.26        39128.26        997.00         
  25       3               39128.26        40613.26        1485.00        
  48       2               40613.26        41584.26        971.00         
  40       2               41584.26        42575.26        991.00         
  40       3               42575.26        44016.26        1441.00        
  49       6               44016.26        44941.26        925.00         
  13       5               45614.26        47079.26        1465.00        
  41       2               47919.41        49441.41        1522.00        
  26       2               49441.41        51018.41        1577.00        
  40       5               51018.41        52307.41        1289.00        
  11       5               52517.41        53816.41        1299.00        
  11       6               53816.41        55354.41        1538.00        
  14       7               55354.41        56318.41        964.00         
  34       5               56318.41        57447.41        1129.00        

  机器利用率: 48.36% (忙碌时间: 29380.00 / 总时间: 60755.41)

离散机5:
工件号      工序号             开始时间            结束时间            加工时长           
--------------------------------------------------------------------------------
  6        2               23440.72        24651.72        1211.00        
  17       2               24651.72        25926.72        1275.00        
  46       5               27379.72        29004.72        1625.00        
  20       5               29004.72        29946.72        942.00         
  27       5               30863.72        32166.72        1303.00        
  36       3               32289.71        33202.71        913.00         
  35       3               33238.71        34335.71        1097.00        
  42       2               36906.26        38042.26        1136.00        
  9        2               38042.26        39778.26        1736.00        
  9        3               39778.26        40876.26        1098.00        
  43       5               40876.26        42195.26        1319.00        
  6        7               42195.26        43257.26        1062.00        
  48       4               43700.85        45031.85        1331.00        
  33       2               45031.85        46570.85        1539.00        
  44       6               46823.26        47838.26        1015.00        
  44       7               47838.26        49397.26        1559.00        
  9        6               49397.26        50806.26        1409.00        
  26       3               51018.41        52614.41        1596.00        
  26       4               52614.41        53601.41        987.00         
  7        7               53601.41        54770.41        1169.00        
  11       7               55354.41        56350.41        996.00         
  42       9               56350.41        57486.41        1136.00        

  机器利用率: 45.19% (忙碌时间: 27454.00 / 总时间: 60755.41)

离散机6:
工件号      工序号             开始时间            结束时间            加工时长           
--------------------------------------------------------------------------------
  49       2               23440.72        24369.72        929.00         
  19       2               24369.72        25798.72        1429.00        
  30       3               25798.72        26927.72        1129.00        
  47       2               29140.71        30183.71        1043.00        
  7        2               30183.71        31284.71        1101.00        
  36       2               31284.71        32289.71        1005.00        
  1        2               32289.71        34026.71        1737.00        
  36       4               34026.71        35206.71        1180.00        
  7        6               35206.71        36537.71        1331.00        
  18       2               36906.26        38008.26        1102.00        
  42       3               38042.26        39486.26        1444.00        
  13       2               39486.26        40572.26        1086.00        
  15       3               40572.26        42219.26        1647.00        
  22       4               42219.26        43440.26        1221.00        
  9        4               43440.26        45235.26        1795.00        
  44       5               45235.26        46823.26        1588.00        
  22       5               46823.26        47823.26        1000.00        
  23       4               47823.26        48767.26        944.00         
  23       5               48767.26        50315.26        1548.00        
  48       5               50315.26        51506.26        1191.00        
  34       4               51506.26        52544.26        1038.00        
  16       5               52560.41        53731.41        1171.00        
  42       8               53731.41        55357.41        1626.00        
  18       4               55357.41        57043.41        1686.00        
  22       6               57043.41        58621.41        1578.00        
  23       8               58621.41        59855.41        1234.00        

  机器利用率: 55.60% (忙碌时间: 33783.00 / 总时间: 60755.41)

离散机7:
工件号      工序号             开始时间            结束时间            加工时长           
--------------------------------------------------------------------------------
  27       2               23440.72        24837.72        1397.00        
  20       2               24837.72        26062.72        1225.00        
  46       4               26149.72        27379.72        1230.00        
  6        4               27379.72        28484.72        1105.00        
  38       2               29140.71        30405.71        1265.00        
  39       3               30405.71        31623.71        1218.00        
  39       4               31623.71        32701.71        1078.00        
  7        5               33893.71        34892.71        999.00         
  47       6               35359.71        36359.71        1000.00        
  10       2               36906.26        38227.26        1321.00        
  43       3               38227.26        39169.26        942.00         
  42       4               39486.26        41016.26        1530.00        
  28       2               41016.26        42075.26        1059.00        
  15       4               42219.26        43899.26        1680.00        
  13       4               43899.26        45614.26        1715.00        
  14       5               45614.26        46806.26        1192.00        
  1        6               46806.26        47860.26        1054.00        
  16       2               47919.41        48872.41        953.00         
  41       3               49441.41        51040.41        1599.00        
  16       4               51040.41        52560.41        1520.00        
  2        5               52560.41        53985.41        1425.00        
  2        6               53985.41        55127.41        1142.00        

  机器利用率: 45.51% (忙碌时间: 27649.00 / 总时间: 60755.41)

离散机8:
工件号      工序号             开始时间            结束时间            加工时长           
--------------------------------------------------------------------------------
  5        2               23440.72        24380.72        940.00         
  34       3               30069.71        31564.71        1495.00        
  35       2               31564.71        33238.71        1674.00        
  20       6               33238.71        34549.71        1311.00        
  49       5               35434.71        36393.71        959.00         
  44       2               36505.24        37523.24        1018.00        
  25       2               37523.24        38667.24        1144.00        
  15       2               38667.24        39909.24        1242.00        
  45       2               39909.24        40926.24        1017.00        
  14       3               40926.24        42052.24        1126.00        
  18       3               42052.24        43657.24        1605.00        
  1        5               43657.24        45243.24        1586.00        
  15       5               45243.24        46559.24        1316.00        
  12       2               46559.24        47489.24        930.00         
  11       2               47919.41        49357.41        1438.00        
  11       3               49357.41        50811.41        1454.00        
  9        7               50811.41        52609.41        1798.00        
  23       7               52609.41        54136.41        1527.00        
  43       8               54136.41        55599.41        1463.00        

  机器利用率: 41.22% (忙碌时间: 25043.00 / 总时间: 60755.41)

【打印批次详细信息】
----------------------------------------------------------------------------------------------------

打印机 1 (尺寸: 1061.0 x 460.0 x 511.0):
--------------------------------------------------------------------------------
  批次 1: 零件数=10, 占用率=83.61%
    - 35: 尺寸 147.0 x 74.0 x 98.0
    - 7: 尺寸 153.0 x 146.0 x 90.0
    - 34: 尺寸 151.0 x 136.0 x 15.0
    - 47: 尺寸 555.0 x 334.0 x 118.0
    - 39: 尺寸 134.0 x 243.0 x 70.0
    - 36: 尺寸 192.0 x 288.0 x 89.0
    - 32: 尺寸 117.0 x 87.0 x 57.0
    - 29: 尺寸 90.0 x 93.0 x 92.0
    - 38: 尺寸 480.0 x 86.0 x 105.0
    - 1: 尺寸 197.0 x 108.0 x 87.0
  批次 2: 零件数=1, 占用率=40.01%
    - 44: 尺寸 632.0 x 309.0 x 29.0

打印机 2 (尺寸: 1102.0 x 487.0 x 623.0):
--------------------------------------------------------------------------------
  批次 1: 零件数=5, 占用率=39.58%
    - 33: 尺寸 112.0 x 98.0 x 19.0
    - 24: 尺寸 310.0 x 250.0 x 57.0
    - 13: 尺寸 636.0 x 152.0 x 46.0
    - 14: 尺寸 111.0 x 129.0 x 73.0
    - 12: 尺寸 138.0 x 94.0 x 44.0

打印机 3 (尺寸: 977.0 x 403.0 x 687.0):
--------------------------------------------------------------------------------
  批次 1: 零件数=11, 占用率=62.97%
    - 28: 尺寸 207.0 x 159.0 x 88.0
    - 48: 尺寸 362.0 x 158.0 x 102.0
    - 10: 尺寸 140.0 x 79.0 x 32.0
    - 23: 尺寸 263.0 x 91.0 x 136.0
    - 25: 尺寸 105.0 x 80.0 x 86.0
    - 18: 尺寸 284.0 x 172.0 x 110.0
    - 2: 尺寸 197.0 x 71.0 x 91.0
    - 42: 尺寸 168.0 x 183.0 x 70.0
    - 40: 尺寸 64.0 x 124.0 x 42.0
    - 22: 尺寸 130.0 x 59.0 x 135.0
    - 43: 尺寸 69.0 x 76.0 x 28.0

打印机 4 (尺寸: 1162.0 x 485.0 x 618.0):
--------------------------------------------------------------------------------
  批次 1: 零件数=12, 占用率=89.04%
    - 6: 尺寸 501.0 x 339.0 x 185.0
    - 46: 尺寸 463.0 x 229.0 x 199.0
    - 17: 尺寸 183.0 x 141.0 x 188.0
    - 20: 尺寸 185.0 x 136.0 x 179.0
    - 49: 尺寸 476.0 x 230.0 x 168.0
    - 27: 尺寸 80.0 x 113.0 x 151.0
    - 4: 尺寸 98.0 x 66.0 x 169.0
    - 19: 尺寸 255.0 x 86.0 x 76.0
    - 5: 尺寸 145.0 x 86.0 x 67.0
    - 0: 尺寸 60.0 x 69.0 x 11.0
    - 30: 尺寸 51.0 x 57.0 x 63.0
    - 37: 尺寸 158.0 x 54.0 x 89.0
  批次 2: 零件数=6, 占用率=88.68%
    - 15: 尺寸 561.0 x 343.0 x 127.0
    - 3: 尺寸 550.0 x 193.0 x 83.0
    - 8: 尺寸 451.0 x 292.0 x 10.0
    - 45: 尺寸 143.0 x 160.0 x 116.0
    - 21: 尺寸 200.0 x 92.0 x 13.0
    - 9: 尺寸 206.0 x 137.0 x 68.0
  批次 3: 零件数=5, 占用率=64.00%
    - 31: 尺寸 359.0 x 232.0 x 75.0
    - 11: 尺寸 222.0 x 255.0 x 86.0
    - 41: 尺寸 444.0 x 226.0 x 15.0
    - 26: 尺寸 137.0 x 371.0 x 62.0
    - 16: 尺寸 438.0 x 159.0 x 84.0

════════════════════════════════════════════════════════════════
