================================================================================
                          实验结果报告
================================================================================
实验名称: 田口试验1 - T01_pop50_pc0.7_pm0.1_N10_TS50_L10
算例名称: 2M80J
运行ID: 1
实验时间: 2026-02-14 01:40:46

【参数配置】
  最大代数: 1000000
  种群规模: 50
  变异率: 0.1
  交叉率: 0.7

================================================================================
                          最终实验结果
================================================================================
最优Cmax: 498613.0000
运行时间: 300106 ms (300.11 秒)
终止代数: 23999

【收敛曲线数据】
代数	Cmax
1	534138.0000
11	527451.7500
21	527451.7500
31	527451.7500
41	527140.5000
51	527140.5000
61	527140.5000
71	527140.5000
81	527140.5000
91	527140.5000
101	527140.5000
111	527140.5000
121	527140.5000
131	527140.5000
141	527140.5000
151	527140.5000
161	527140.5000
171	527140.5000
181	527140.5000
191	527140.5000
201	527140.5000
211	527140.5000
221	527140.5000
231	527140.5000
241	527140.5000
251	527140.5000
261	527140.5000
271	527140.5000
281	527140.5000
291	527140.5000
301	527140.5000
311	513134.2500
321	513134.2500
331	513134.2500
341	513134.2500
351	513134.2500
361	513134.2500
371	513134.2500
381	513134.2500
391	513134.2500
401	513134.2500
411	513134.2500
421	513134.2500
431	513134.2500
441	513134.2500
451	513134.2500
461	513134.2500
471	513134.2500
481	513134.2500
491	513134.2500
501	513134.2500
511	513134.2500
521	513134.2500
531	513134.2500
541	513134.2500
551	513134.2500
561	513134.2500
571	513134.2500
581	513134.2500
591	513134.2500
601	513134.2500
611	513134.2500
621	513134.2500
631	513134.2500
641	513134.2500
651	513134.2500
661	513134.2500
671	513134.2500
681	511266.7500
691	511266.7500
701	511266.7500
711	511266.7500
721	511266.7500
731	511266.7500
741	511266.7500
751	511266.7500
761	511266.7500
771	511266.7500
781	511266.7500
791	511266.7500
801	511266.7500
811	511266.7500
821	511266.7500
831	511266.7500
841	511266.7500
851	511266.7500
861	511266.7500
871	511266.7500
881	511266.7500
891	511266.7500
901	511266.7500
911	511266.7500
921	511266.7500
931	511266.7500
941	511266.7500
951	511266.7500
961	511266.7500
971	511266.7500
981	511266.7500
991	511266.7500
1001	511266.7500
1011	511266.7500
1021	511266.7500
1031	511266.7500
1041	511266.7500
1051	511266.7500
1061	511266.7500
1071	511266.7500
1081	511266.7500
1091	511266.7500
1101	511266.7500
1111	511266.7500
1121	511266.7500
1131	511266.7500
1141	511266.7500
1151	511266.7500
1161	511266.7500
1171	511266.7500
1181	511266.7500
1191	511266.7500
1201	511266.7500
1211	511266.7500
1221	511266.7500
1231	511266.7500
1241	511266.7500
1251	511266.7500
1261	511266.7500
1271	511266.7500
1281	511266.7500
1291	511266.7500
1301	511266.7500
1311	511266.7500
1321	511266.7500
1331	511266.7500
1341	511266.7500
1351	511266.7500
1361	511266.7500
1371	511266.7500
1381	511266.7500
1391	511266.7500
1401	511266.7500
1411	511266.7500
1421	511266.7500
1431	511266.7500
1441	511266.7500
1451	511266.7500
1461	511266.7500
1471	511266.7500
1481	511266.7500
1491	511266.7500
1501	511266.7500
1511	511266.7500
1521	511266.7500
1531	511266.7500
1541	511266.7500
1551	511266.7500
1561	511266.7500
1571	511266.7500
1581	511266.7500
1591	511266.7500
1601	511266.7500
1611	511266.7500
1621	511266.7500
1631	511266.7500
1641	511266.7500
1651	511266.7500
1661	511266.7500
1671	511266.7500
1681	511266.7500
1691	511266.7500
1701	511266.7500
1711	511266.7500
1721	511266.7500
1731	511266.7500
1741	511266.7500
1751	511266.7500
1761	511266.7500
1771	511266.7500
1781	511266.7500
1791	511266.7500
1801	511266.7500
1811	511266.7500
1821	511266.7500
1831	511266.7500
1841	511266.7500
1851	511266.7500
1861	511266.7500
1871	511266.7500
1881	511266.7500
1891	511266.7500
1901	511266.7500
1911	511266.7500
1921	511266.7500
1931	511266.7500
1941	511266.7500
1951	511266.7500
1961	511266.7500
1971	511266.7500
1981	511266.7500
1991	511266.7500
2001	511266.7500
2011	511266.7500
2021	511266.7500
2031	511266.7500
2041	511266.7500
2051	511266.7500
2061	511266.7500
2071	511266.7500
2081	511266.7500
2091	511266.7500
2101	511266.7500
2111	511266.7500
2121	511266.7500
2131	511266.7500
2141	511266.7500
2151	511266.7500
2161	511266.7500
2171	511266.7500
2181	511266.7500
2191	511266.7500
2201	511266.7500
2211	511266.7500
2221	511266.7500
2231	511266.7500
2241	511266.7500
2251	511266.7500
2261	511266.7500
2271	511266.7500
2281	511266.7500
2291	511266.7500
2301	511266.7500
2311	511266.7500
2321	511266.7500
2331	511266.7500
2341	511266.7500
2351	511266.7500
2361	511266.7500
2371	511266.7500
2381	511266.7500
2391	511266.7500
2401	511266.7500
2411	511266.7500
2421	511266.7500
2431	511266.7500
2441	511266.7500
2451	511266.7500
2461	511266.7500
2471	511266.7500
2481	511266.7500
2491	511266.7500
2501	511266.7500
2511	511266.7500
2521	511266.7500
2531	511266.7500
2541	511266.7500
2551	511266.7500
2561	511266.7500
2571	511266.7500
2581	511266.7500
2591	511266.7500
2601	511266.7500
2611	511266.7500
2621	511266.7500
2631	511266.7500
2641	511266.7500
2651	511266.7500
2661	511266.7500
2671	511266.7500
2681	511266.7500
2691	511266.7500
2701	511266.7500
2711	511266.7500
2721	511266.7500
2731	511266.7500
2741	511266.7500
2751	511266.7500
2761	511266.7500
2771	511266.7500
2781	511266.7500
2791	511266.7500
2801	511266.7500
2811	511266.7500
2821	511266.7500
2831	511266.7500
2841	511266.7500
2851	511266.7500
2861	511266.7500
2871	511266.7500
2881	511266.7500
2891	511266.7500
2901	511266.7500
2911	511266.7500
2921	511266.7500
2931	511266.7500
2941	511266.7500
2951	511266.7500
2961	511266.7500
2971	511266.7500
2981	511266.7500
2991	511266.7500
3001	511266.7500
3011	511266.7500
3021	511266.7500
3031	511266.7500
3041	511266.7500
3051	511266.7500
3061	511266.7500
3071	511266.7500
3081	511266.7500
3091	511266.7500
3101	511266.7500
3111	511266.7500
3121	511266.7500
3131	511266.7500
3141	511266.7500
3151	511266.7500
3161	511266.7500
3171	511266.7500
3181	511266.7500
3191	511266.7500
3201	511266.7500
3211	511266.7500
3221	511266.7500
3231	511266.7500
3241	511266.7500
3251	511266.7500
3261	511266.7500
3271	511266.7500
3281	511266.7500
3291	511266.7500
3301	511266.7500
3311	511266.7500
3321	511266.7500
3331	511266.7500
3341	511266.7500
3351	511266.7500
3361	511266.7500
3371	511266.7500
3381	511266.7500
3391	511266.7500
3401	511266.7500
3411	511266.7500
3421	511266.7500
3431	511266.7500
3441	511266.7500
3451	508154.2500
3461	508154.2500
3471	508154.2500
3481	508154.2500
3491	508154.2500
3501	508154.2500
3511	508154.2500
3521	508154.2500
3531	508154.2500
3541	508154.2500
3551	508154.2500
3561	508154.2500
3571	508154.2500
3581	508154.2500
3591	508154.2500
3601	508154.2500
3611	508154.2500
3621	508154.2500
3631	508154.2500
3641	508154.2500
3651	508154.2500
3661	508154.2500
3671	508154.2500
3681	508154.2500
3691	508154.2500
3701	508154.2500
3711	507220.5000
3721	507220.5000
3731	507220.5000
3741	501618.0000
3751	501618.0000
3761	501618.0000
3771	501618.0000
3781	501618.0000
3791	501618.0000
3801	501618.0000
3811	501618.0000
3821	501618.0000
3831	501618.0000
3841	501618.0000
3851	501618.0000
3861	498613.0000
3871	498613.0000
3881	498613.0000
3891	498613.0000
3901	498613.0000
3911	498613.0000
3921	498613.0000
3931	498613.0000
3941	498613.0000
3951	498613.0000
3961	498613.0000
3971	498613.0000
3981	498613.0000
3991	498613.0000
4001	498613.0000
4011	498613.0000
4021	498613.0000
4031	498613.0000
4041	498613.0000
4051	498613.0000
4061	498613.0000
4071	498613.0000
4081	498613.0000
4091	498613.0000
4101	498613.0000
4111	498613.0000
4121	498613.0000
4131	498613.0000
4141	498613.0000
4151	498613.0000
4161	498613.0000
4171	498613.0000
4181	498613.0000
4191	498613.0000
4201	498613.0000
4211	498613.0000
4221	498613.0000
4231	498613.0000
4241	498613.0000
4251	498613.0000
4261	498613.0000
4271	498613.0000
4281	498613.0000
4291	498613.0000
4301	498613.0000
4311	498613.0000
4321	498613.0000
4331	498613.0000
4341	498613.0000
4351	498613.0000
4361	498613.0000
4371	498613.0000
4381	498613.0000
4391	498613.0000
4401	498613.0000
4411	498613.0000
4421	498613.0000
4431	498613.0000
4441	498613.0000
4451	498613.0000
4461	498613.0000
4471	498613.0000
4481	498613.0000
4491	498613.0000
4501	498613.0000
4511	498613.0000
4521	498613.0000
4531	498613.0000
4541	498613.0000
4551	498613.0000
4561	498613.0000
4571	498613.0000
4581	498613.0000
4591	498613.0000
4601	498613.0000
4611	498613.0000
4621	498613.0000
4631	498613.0000
4641	498613.0000
4651	498613.0000
4661	498613.0000
4671	498613.0000
4681	498613.0000
4691	498613.0000
4701	498613.0000
4711	498613.0000
4721	498613.0000
4731	498613.0000
4741	498613.0000
4751	498613.0000
4761	498613.0000
4771	498613.0000
4781	498613.0000
4791	498613.0000
4801	498613.0000
4811	498613.0000
4821	498613.0000
4831	498613.0000
4841	498613.0000
4851	498613.0000
4861	498613.0000
4871	498613.0000
4881	498613.0000
4891	498613.0000
4901	498613.0000
4911	498613.0000
4921	498613.0000
4931	498613.0000
4941	498613.0000
4951	498613.0000
4961	498613.0000
4971	498613.0000
4981	498613.0000
4991	498613.0000
5001	498613.0000
5011	498613.0000
5021	498613.0000
5031	498613.0000
5041	498613.0000
5051	498613.0000
5061	498613.0000
5071	498613.0000
5081	498613.0000
5091	498613.0000
5101	498613.0000
5111	498613.0000
5121	498613.0000
5131	498613.0000
5141	498613.0000
5151	498613.0000
5161	498613.0000
5171	498613.0000
5181	498613.0000
5191	498613.0000
5201	498613.0000
5211	498613.0000
5221	498613.0000
5231	498613.0000
5241	498613.0000
5251	498613.0000
5261	498613.0000
5271	498613.0000
5281	498613.0000
5291	498613.0000
5301	498613.0000
5311	498613.0000
5321	498613.0000
5331	498613.0000
5341	498613.0000
5351	498613.0000
5361	498613.0000
5371	498613.0000
5381	498613.0000
5391	498613.0000
5401	498613.0000
5411	498613.0000
5421	498613.0000
5431	498613.0000
5441	498613.0000
5451	498613.0000
5461	498613.0000
5471	498613.0000
5481	498613.0000
5491	498613.0000
5501	498613.0000
5511	498613.0000
5521	498613.0000
5531	498613.0000
5541	498613.0000
5551	498613.0000
5561	498613.0000
5571	498613.0000
5581	498613.0000
5591	498613.0000
5601	498613.0000
5611	498613.0000
5621	498613.0000
5631	498613.0000
5641	498613.0000
5651	498613.0000
5661	498613.0000
5671	498613.0000
5681	498613.0000
5691	498613.0000
5701	498613.0000
5711	498613.0000
5721	498613.0000
5731	498613.0000
5741	498613.0000
5751	498613.0000
5761	498613.0000
5771	498613.0000
5781	498613.0000
5791	498613.0000
5801	498613.0000
5811	498613.0000
5821	498613.0000
5831	498613.0000
5841	498613.0000
5851	498613.0000
5861	498613.0000
5871	498613.0000
5881	498613.0000
5891	498613.0000
5901	498613.0000
5911	498613.0000
5921	498613.0000
5931	498613.0000
5941	498613.0000
5951	498613.0000
5961	498613.0000
5971	498613.0000
5981	498613.0000
5991	498613.0000
6001	498613.0000
6011	498613.0000
6021	498613.0000
6031	498613.0000
6041	498613.0000
6051	498613.0000
6061	498613.0000
6071	498613.0000
6081	498613.0000
6091	498613.0000
6101	498613.0000
6111	498613.0000
6121	498613.0000
6131	498613.0000
6141	498613.0000
6151	498613.0000
6161	498613.0000
6171	498613.0000
6181	498613.0000
6191	498613.0000
6201	498613.0000
6211	498613.0000
6221	498613.0000
6231	498613.0000
6241	498613.0000
6251	498613.0000
6261	498613.0000
6271	498613.0000
6281	498613.0000
6291	498613.0000
6301	498613.0000
6311	498613.0000
6321	498613.0000
6331	498613.0000
6341	498613.0000
6351	498613.0000
6361	498613.0000
6371	498613.0000
6381	498613.0000
6391	498613.0000
6401	498613.0000
6411	498613.0000
6421	498613.0000
6431	498613.0000
6441	498613.0000
6451	498613.0000
6461	498613.0000
6471	498613.0000
6481	498613.0000
6491	498613.0000
6501	498613.0000
6511	498613.0000
6521	498613.0000
6531	498613.0000
6541	498613.0000
6551	498613.0000
6561	498613.0000
6571	498613.0000
6581	498613.0000
6591	498613.0000
6601	498613.0000
6611	498613.0000
6621	498613.0000
6631	498613.0000
6641	498613.0000
6651	498613.0000
6661	498613.0000
6671	498613.0000
6681	498613.0000
6691	498613.0000
6701	498613.0000
6711	498613.0000
6721	498613.0000
6731	498613.0000
6741	498613.0000
6751	498613.0000
6761	498613.0000
6771	498613.0000
6781	498613.0000
6791	498613.0000
6801	498613.0000
6811	498613.0000
6821	498613.0000
6831	498613.0000
6841	498613.0000
6851	498613.0000
6861	498613.0000
6871	498613.0000
6881	498613.0000
6891	498613.0000
6901	498613.0000
6911	498613.0000
6921	498613.0000
6931	498613.0000
6941	498613.0000
6951	498613.0000
6961	498613.0000
6971	498613.0000
6981	498613.0000
6991	498613.0000
7001	498613.0000
7011	498613.0000
7021	498613.0000
7031	498613.0000
7041	498613.0000
7051	498613.0000
7061	498613.0000
7071	498613.0000
7081	498613.0000
7091	498613.0000
7101	498613.0000
7111	498613.0000
7121	498613.0000
7131	498613.0000
7141	498613.0000
7151	498613.0000
7161	498613.0000
7171	498613.0000
7181	498613.0000
7191	498613.0000
7201	498613.0000
7211	498613.0000
7221	498613.0000
7231	498613.0000
7241	498613.0000
7251	498613.0000
7261	498613.0000
7271	498613.0000
7281	498613.0000
7291	498613.0000
7301	498613.0000
7311	498613.0000
7321	498613.0000
7331	498613.0000
7341	498613.0000
7351	498613.0000
7361	498613.0000
7371	498613.0000
7381	498613.0000
7391	498613.0000
7401	498613.0000
7411	498613.0000
7421	498613.0000
7431	498613.0000
7441	498613.0000
7451	498613.0000
7461	498613.0000
7471	498613.0000
7481	498613.0000
7491	498613.0000
7501	498613.0000
7511	498613.0000
7521	498613.0000
7531	498613.0000
7541	498613.0000
7551	498613.0000
7561	498613.0000
7571	498613.0000
7581	498613.0000
7591	498613.0000
7601	498613.0000
7611	498613.0000
7621	498613.0000
7631	498613.0000
7641	498613.0000
7651	498613.0000
7661	498613.0000
7671	498613.0000
7681	498613.0000
7691	498613.0000
7701	498613.0000
7711	498613.0000
7721	498613.0000
7731	498613.0000
7741	498613.0000
7751	498613.0000
7761	498613.0000
7771	498613.0000
7781	498613.0000
7791	498613.0000
7801	498613.0000
7811	498613.0000
7821	498613.0000
7831	498613.0000
7841	498613.0000
7851	498613.0000
7861	498613.0000
7871	498613.0000
7881	498613.0000
7891	498613.0000
7901	498613.0000
7911	498613.0000
7921	498613.0000
7931	498613.0000
7941	498613.0000
7951	498613.0000
7961	498613.0000
7971	498613.0000
7981	498613.0000
7991	498613.0000
8001	498613.0000
8011	498613.0000
8021	498613.0000
8031	498613.0000
8041	498613.0000
8051	498613.0000
8061	498613.0000
8071	498613.0000
8081	498613.0000
8091	498613.0000
8101	498613.0000
8111	498613.0000
8121	498613.0000
8131	498613.0000
8141	498613.0000
8151	498613.0000
8161	498613.0000
8171	498613.0000
8181	498613.0000
8191	498613.0000
8201	498613.0000
8211	498613.0000
8221	498613.0000
8231	498613.0000
8241	498613.0000
8251	498613.0000
8261	498613.0000
8271	498613.0000
8281	498613.0000
8291	498613.0000
8301	498613.0000
8311	498613.0000
8321	498613.0000
8331	498613.0000
8341	498613.0000
8351	498613.0000
8361	498613.0000
8371	498613.0000
8381	498613.0000
8391	498613.0000
8401	498613.0000
8411	498613.0000
8421	498613.0000
8431	498613.0000
8441	498613.0000
8451	498613.0000
8461	498613.0000
8471	498613.0000
8481	498613.0000
8491	498613.0000
8501	498613.0000
8511	498613.0000
8521	498613.0000
8531	498613.0000
8541	498613.0000
8551	498613.0000
8561	498613.0000
8571	498613.0000
8581	498613.0000
8591	498613.0000
8601	498613.0000
8611	498613.0000
8621	498613.0000
8631	498613.0000
8641	498613.0000
8651	498613.0000
8661	498613.0000
8671	498613.0000
8681	498613.0000
8691	498613.0000
8701	498613.0000
8711	498613.0000
8721	498613.0000
8731	498613.0000
8741	498613.0000
8751	498613.0000
8761	498613.0000
8771	498613.0000
8781	498613.0000
8791	498613.0000
8801	498613.0000
8811	498613.0000
8821	498613.0000
8831	498613.0000
8841	498613.0000
8851	498613.0000
8861	498613.0000
8871	498613.0000
8881	498613.0000
8891	498613.0000
8901	498613.0000
8911	498613.0000
8921	498613.0000
8931	498613.0000
8941	498613.0000
8951	498613.0000
8961	498613.0000
8971	498613.0000
8981	498613.0000
8991	498613.0000
9001	498613.0000
9011	498613.0000
9021	498613.0000
9031	498613.0000
9041	498613.0000
9051	498613.0000
9061	498613.0000
9071	498613.0000
9081	498613.0000
9091	498613.0000
9101	498613.0000
9111	498613.0000
9121	498613.0000
9131	498613.0000
9141	498613.0000
9151	498613.0000
9161	498613.0000
9171	498613.0000
9181	498613.0000
9191	498613.0000
9201	498613.0000
9211	498613.0000
9221	498613.0000
9231	498613.0000
9241	498613.0000
9251	498613.0000
9261	498613.0000
9271	498613.0000
9281	498613.0000
9291	498613.0000
9301	498613.0000
9311	498613.0000
9321	498613.0000
9331	498613.0000
9341	498613.0000
9351	498613.0000
9361	498613.0000
9371	498613.0000
9381	498613.0000
9391	498613.0000
9401	498613.0000
9411	498613.0000
9421	498613.0000
9431	498613.0000
9441	498613.0000
9451	498613.0000
9461	498613.0000
9471	498613.0000
9481	498613.0000
9491	498613.0000
9501	498613.0000
9511	498613.0000
9521	498613.0000
9531	498613.0000
9541	498613.0000
9551	498613.0000
9561	498613.0000
9571	498613.0000
9581	498613.0000
9591	498613.0000
9601	498613.0000
9611	498613.0000
9621	498613.0000
9631	498613.0000
9641	498613.0000
9651	498613.0000
9661	498613.0000
9671	498613.0000
9681	498613.0000
9691	498613.0000
9701	498613.0000
9711	498613.0000
9721	498613.0000
9731	498613.0000
9741	498613.0000
9751	498613.0000
9761	498613.0000
9771	498613.0000
9781	498613.0000
9791	498613.0000
9801	498613.0000
9811	498613.0000
9821	498613.0000
9831	498613.0000
9841	498613.0000
9851	498613.0000
9861	498613.0000
9871	498613.0000
9881	498613.0000
9891	498613.0000
9901	498613.0000
9911	498613.0000
9921	498613.0000
9931	498613.0000
9941	498613.0000
9951	498613.0000
9961	498613.0000
9971	498613.0000
9981	498613.0000
9991	498613.0000
10001	498613.0000
10011	498613.0000
10021	498613.0000
10031	498613.0000
10041	498613.0000
10051	498613.0000
10061	498613.0000
10071	498613.0000
10081	498613.0000
10091	498613.0000
10101	498613.0000
10111	498613.0000
10121	498613.0000
10131	498613.0000
10141	498613.0000
10151	498613.0000
10161	498613.0000
10171	498613.0000
10181	498613.0000
10191	498613.0000
10201	498613.0000
10211	498613.0000
10221	498613.0000
10231	498613.0000
10241	498613.0000
10251	498613.0000
10261	498613.0000
10271	498613.0000
10281	498613.0000
10291	498613.0000
10301	498613.0000
10311	498613.0000
10321	498613.0000
10331	498613.0000
10341	498613.0000
10351	498613.0000
10361	498613.0000
10371	498613.0000
10381	498613.0000
10391	498613.0000
10401	498613.0000
10411	498613.0000
10421	498613.0000
10431	498613.0000
10441	498613.0000
10451	498613.0000
10461	498613.0000
10471	498613.0000
10481	498613.0000
10491	498613.0000
10501	498613.0000
10511	498613.0000
10521	498613.0000
10531	498613.0000
10541	498613.0000
10551	498613.0000
10561	498613.0000
10571	498613.0000
10581	498613.0000
10591	498613.0000
10601	498613.0000
10611	498613.0000
10621	498613.0000
10631	498613.0000
10641	498613.0000
10651	498613.0000
10661	498613.0000
10671	498613.0000
10681	498613.0000
10691	498613.0000
10701	498613.0000
10711	498613.0000
10721	498613.0000
10731	498613.0000
10741	498613.0000
10751	498613.0000
10761	498613.0000
10771	498613.0000
10781	498613.0000
10791	498613.0000
10801	498613.0000
10811	498613.0000
10821	498613.0000
10831	498613.0000
10841	498613.0000
10851	498613.0000
10861	498613.0000
10871	498613.0000
10881	498613.0000
10891	498613.0000
10901	498613.0000
10911	498613.0000
10921	498613.0000
10931	498613.0000
10941	498613.0000
10951	498613.0000
10961	498613.0000
10971	498613.0000
10981	498613.0000
10991	498613.0000
11001	498613.0000
11011	498613.0000
11021	498613.0000
11031	498613.0000
11041	498613.0000
11051	498613.0000
11061	498613.0000
11071	498613.0000
11081	498613.0000
11091	498613.0000
11101	498613.0000
11111	498613.0000
11121	498613.0000
11131	498613.0000
11141	498613.0000
11151	498613.0000
11161	498613.0000
11171	498613.0000
11181	498613.0000
11191	498613.0000
11201	498613.0000
11211	498613.0000
11221	498613.0000
11231	498613.0000
11241	498613.0000
11251	498613.0000
11261	498613.0000
11271	498613.0000
11281	498613.0000
11291	498613.0000
11301	498613.0000
11311	498613.0000
11321	498613.0000
11331	498613.0000
11341	498613.0000
11351	498613.0000
11361	498613.0000
11371	498613.0000
11381	498613.0000
11391	498613.0000
11401	498613.0000
11411	498613.0000
11421	498613.0000
11431	498613.0000
11441	498613.0000
11451	498613.0000
11461	498613.0000
11471	498613.0000
11481	498613.0000
11491	498613.0000
11501	498613.0000
11511	498613.0000
11521	498613.0000
11531	498613.0000
11541	498613.0000
11551	498613.0000
11561	498613.0000
11571	498613.0000
11581	498613.0000
11591	498613.0000
11601	498613.0000
11611	498613.0000
11621	498613.0000
11631	498613.0000
11641	498613.0000
11651	498613.0000
11661	498613.0000
11671	498613.0000
11681	498613.0000
11691	498613.0000
11701	498613.0000
11711	498613.0000
11721	498613.0000
11731	498613.0000
11741	498613.0000
11751	498613.0000
11761	498613.0000
11771	498613.0000
11781	498613.0000
11791	498613.0000
11801	498613.0000
11811	498613.0000
11821	498613.0000
11831	498613.0000
11841	498613.0000
11851	498613.0000
11861	498613.0000
11871	498613.0000
11881	498613.0000
11891	498613.0000
11901	498613.0000
11911	498613.0000
11921	498613.0000
11931	498613.0000
11941	498613.0000
11951	498613.0000
11961	498613.0000
11971	498613.0000
11981	498613.0000
11991	498613.0000
12001	498613.0000
12011	498613.0000
12021	498613.0000
12031	498613.0000
12041	498613.0000
12051	498613.0000
12061	498613.0000
12071	498613.0000
12081	498613.0000
12091	498613.0000
12101	498613.0000
12111	498613.0000
12121	498613.0000
12131	498613.0000
12141	498613.0000
12151	498613.0000
12161	498613.0000
12171	498613.0000
12181	498613.0000
12191	498613.0000
12201	498613.0000
12211	498613.0000
12221	498613.0000
12231	498613.0000
12241	498613.0000
12251	498613.0000
12261	498613.0000
12271	498613.0000
12281	498613.0000
12291	498613.0000
12301	498613.0000
12311	498613.0000
12321	498613.0000
12331	498613.0000
12341	498613.0000
12351	498613.0000
12361	498613.0000
12371	498613.0000
12381	498613.0000
12391	498613.0000
12401	498613.0000
12411	498613.0000
12421	498613.0000
12431	498613.0000
12441	498613.0000
12451	498613.0000
12461	498613.0000
12471	498613.0000
12481	498613.0000
12491	498613.0000
12501	498613.0000
12511	498613.0000
12521	498613.0000
12531	498613.0000
12541	498613.0000
12551	498613.0000
12561	498613.0000
12571	498613.0000
12581	498613.0000
12591	498613.0000
12601	498613.0000
12611	498613.0000
12621	498613.0000
12631	498613.0000
12641	498613.0000
12651	498613.0000
12661	498613.0000
12671	498613.0000
12681	498613.0000
12691	498613.0000
12701	498613.0000
12711	498613.0000
12721	498613.0000
12731	498613.0000
12741	498613.0000
12751	498613.0000
12761	498613.0000
12771	498613.0000
12781	498613.0000
12791	498613.0000
12801	498613.0000
12811	498613.0000
12821	498613.0000
12831	498613.0000
12841	498613.0000
12851	498613.0000
12861	498613.0000
12871	498613.0000
12881	498613.0000
12891	498613.0000
12901	498613.0000
12911	498613.0000
12921	498613.0000
12931	498613.0000
12941	498613.0000
12951	498613.0000
12961	498613.0000
12971	498613.0000
12981	498613.0000
12991	498613.0000
13001	498613.0000
13011	498613.0000
13021	498613.0000
13031	498613.0000
13041	498613.0000
13051	498613.0000
13061	498613.0000
13071	498613.0000
13081	498613.0000
13091	498613.0000
13101	498613.0000
13111	498613.0000
13121	498613.0000
13131	498613.0000
13141	498613.0000
13151	498613.0000
13161	498613.0000
13171	498613.0000
13181	498613.0000
13191	498613.0000
13201	498613.0000
13211	498613.0000
13221	498613.0000
13231	498613.0000
13241	498613.0000
13251	498613.0000
13261	498613.0000
13271	498613.0000
13281	498613.0000
13291	498613.0000
13301	498613.0000
13311	498613.0000
13321	498613.0000
13331	498613.0000
13341	498613.0000
13351	498613.0000
13361	498613.0000
13371	498613.0000
13381	498613.0000
13391	498613.0000
13401	498613.0000
13411	498613.0000
13421	498613.0000
13431	498613.0000
13441	498613.0000
13451	498613.0000
13461	498613.0000
13471	498613.0000
13481	498613.0000
13491	498613.0000
13501	498613.0000
13511	498613.0000
13521	498613.0000
13531	498613.0000
13541	498613.0000
13551	498613.0000
13561	498613.0000
13571	498613.0000
13581	498613.0000
13591	498613.0000
13601	498613.0000
13611	498613.0000
13621	498613.0000
13631	498613.0000
13641	498613.0000
13651	498613.0000
13661	498613.0000
13671	498613.0000
13681	498613.0000
13691	498613.0000
13701	498613.0000
13711	498613.0000
13721	498613.0000
13731	498613.0000
13741	498613.0000
13751	498613.0000
13761	498613.0000
13771	498613.0000
13781	498613.0000
13791	498613.0000
13801	498613.0000
13811	498613.0000
13821	498613.0000
13831	498613.0000
13841	498613.0000
13851	498613.0000
13861	498613.0000
13871	498613.0000
13881	498613.0000
13891	498613.0000
13901	498613.0000
13911	498613.0000
13921	498613.0000
13931	498613.0000
13941	498613.0000
13951	498613.0000
13961	498613.0000
13971	498613.0000
13981	498613.0000
13991	498613.0000
14001	498613.0000
14011	498613.0000
14021	498613.0000
14031	498613.0000
14041	498613.0000
14051	498613.0000
14061	498613.0000
14071	498613.0000
14081	498613.0000
14091	498613.0000
14101	498613.0000
14111	498613.0000
14121	498613.0000
14131	498613.0000
14141	498613.0000
14151	498613.0000
14161	498613.0000
14171	498613.0000
14181	498613.0000
14191	498613.0000
14201	498613.0000
14211	498613.0000
14221	498613.0000
14231	498613.0000
14241	498613.0000
14251	498613.0000
14261	498613.0000
14271	498613.0000
14281	498613.0000
14291	498613.0000
14301	498613.0000
14311	498613.0000
14321	498613.0000
14331	498613.0000
14341	498613.0000
14351	498613.0000
14361	498613.0000
14371	498613.0000
14381	498613.0000
14391	498613.0000
14401	498613.0000
14411	498613.0000
14421	498613.0000
14431	498613.0000
14441	498613.0000
14451	498613.0000
14461	498613.0000
14471	498613.0000
14481	498613.0000
14491	498613.0000
14501	498613.0000
14511	498613.0000
14521	498613.0000
14531	498613.0000
14541	498613.0000
14551	498613.0000
14561	498613.0000
14571	498613.0000
14581	498613.0000
14591	498613.0000
14601	498613.0000
14611	498613.0000
14621	498613.0000
14631	498613.0000
14641	498613.0000
14651	498613.0000
14661	498613.0000
14671	498613.0000
14681	498613.0000
14691	498613.0000
14701	498613.0000
14711	498613.0000
14721	498613.0000
14731	498613.0000
14741	498613.0000
14751	498613.0000
14761	498613.0000
14771	498613.0000
14781	498613.0000
14791	498613.0000
14801	498613.0000
14811	498613.0000
14821	498613.0000
14831	498613.0000
14841	498613.0000
14851	498613.0000
14861	498613.0000
14871	498613.0000
14881	498613.0000
14891	498613.0000
14901	498613.0000
14911	498613.0000
14921	498613.0000
14931	498613.0000
14941	498613.0000
14951	498613.0000
14961	498613.0000
14971	498613.0000
14981	498613.0000
14991	498613.0000
15001	498613.0000
15011	498613.0000
15021	498613.0000
15031	498613.0000
15041	498613.0000
15051	498613.0000
15061	498613.0000
15071	498613.0000
15081	498613.0000
15091	498613.0000
15101	498613.0000
15111	498613.0000
15121	498613.0000
15131	498613.0000
15141	498613.0000
15151	498613.0000
15161	498613.0000
15171	498613.0000
15181	498613.0000
15191	498613.0000
15201	498613.0000
15211	498613.0000
15221	498613.0000
15231	498613.0000
15241	498613.0000
15251	498613.0000
15261	498613.0000
15271	498613.0000
15281	498613.0000
15291	498613.0000
15301	498613.0000
15311	498613.0000
15321	498613.0000
15331	498613.0000
15341	498613.0000
15351	498613.0000
15361	498613.0000
15371	498613.0000
15381	498613.0000
15391	498613.0000
15401	498613.0000
15411	498613.0000
15421	498613.0000
15431	498613.0000
15441	498613.0000
15451	498613.0000
15461	498613.0000
15471	498613.0000
15481	498613.0000
15491	498613.0000
15501	498613.0000
15511	498613.0000
15521	498613.0000
15531	498613.0000
15541	498613.0000
15551	498613.0000
15561	498613.0000
15571	498613.0000
15581	498613.0000
15591	498613.0000
15601	498613.0000
15611	498613.0000
15621	498613.0000
15631	498613.0000
15641	498613.0000
15651	498613.0000
15661	498613.0000
15671	498613.0000
15681	498613.0000
15691	498613.0000
15701	498613.0000
15711	498613.0000
15721	498613.0000
15731	498613.0000
15741	498613.0000
15751	498613.0000
15761	498613.0000
15771	498613.0000
15781	498613.0000
15791	498613.0000
15801	498613.0000
15811	498613.0000
15821	498613.0000
15831	498613.0000
15841	498613.0000
15851	498613.0000
15861	498613.0000
15871	498613.0000
15881	498613.0000
15891	498613.0000
15901	498613.0000
15911	498613.0000
15921	498613.0000
15931	498613.0000
15941	498613.0000
15951	498613.0000
15961	498613.0000
15971	498613.0000
15981	498613.0000
15991	498613.0000
16001	498613.0000
16011	498613.0000
16021	498613.0000
16031	498613.0000
16041	498613.0000
16051	498613.0000
16061	498613.0000
16071	498613.0000
16081	498613.0000
16091	498613.0000
16101	498613.0000
16111	498613.0000
16121	498613.0000
16131	498613.0000
16141	498613.0000
16151	498613.0000
16161	498613.0000
16171	498613.0000
16181	498613.0000
16191	498613.0000
16201	498613.0000
16211	498613.0000
16221	498613.0000
16231	498613.0000
16241	498613.0000
16251	498613.0000
16261	498613.0000
16271	498613.0000
16281	498613.0000
16291	498613.0000
16301	498613.0000
16311	498613.0000
16321	498613.0000
16331	498613.0000
16341	498613.0000
16351	498613.0000
16361	498613.0000
16371	498613.0000
16381	498613.0000
16391	498613.0000
16401	498613.0000
16411	498613.0000
16421	498613.0000
16431	498613.0000
16441	498613.0000
16451	498613.0000
16461	498613.0000
16471	498613.0000
16481	498613.0000
16491	498613.0000
16501	498613.0000
16511	498613.0000
16521	498613.0000
16531	498613.0000
16541	498613.0000
16551	498613.0000
16561	498613.0000
16571	498613.0000
16581	498613.0000
16591	498613.0000
16601	498613.0000
16611	498613.0000
16621	498613.0000
16631	498613.0000
16641	498613.0000
16651	498613.0000
16661	498613.0000
16671	498613.0000
16681	498613.0000
16691	498613.0000
16701	498613.0000
16711	498613.0000
16721	498613.0000
16731	498613.0000
16741	498613.0000
16751	498613.0000
16761	498613.0000
16771	498613.0000
16781	498613.0000
16791	498613.0000
16801	498613.0000
16811	498613.0000
16821	498613.0000
16831	498613.0000
16841	498613.0000
16851	498613.0000
16861	498613.0000
16871	498613.0000
16881	498613.0000
16891	498613.0000
16901	498613.0000
16911	498613.0000
16921	498613.0000
16931	498613.0000
16941	498613.0000
16951	498613.0000
16961	498613.0000
16971	498613.0000
16981	498613.0000
16991	498613.0000
17001	498613.0000
17011	498613.0000
17021	498613.0000
17031	498613.0000
17041	498613.0000
17051	498613.0000
17061	498613.0000
17071	498613.0000
17081	498613.0000
17091	498613.0000
17101	498613.0000
17111	498613.0000
17121	498613.0000
17131	498613.0000
17141	498613.0000
17151	498613.0000
17161	498613.0000
17171	498613.0000
17181	498613.0000
17191	498613.0000
17201	498613.0000
17211	498613.0000
17221	498613.0000
17231	498613.0000
17241	498613.0000
17251	498613.0000
17261	498613.0000
17271	498613.0000
17281	498613.0000
17291	498613.0000
17301	498613.0000
17311	498613.0000
17321	498613.0000
17331	498613.0000
17341	498613.0000
17351	498613.0000
17361	498613.0000
17371	498613.0000
17381	498613.0000
17391	498613.0000
17401	498613.0000
17411	498613.0000
17421	498613.0000
17431	498613.0000
17441	498613.0000
17451	498613.0000
17461	498613.0000
17471	498613.0000
17481	498613.0000
17491	498613.0000
17501	498613.0000
17511	498613.0000
17521	498613.0000
17531	498613.0000
17541	498613.0000
17551	498613.0000
17561	498613.0000
17571	498613.0000
17581	498613.0000
17591	498613.0000
17601	498613.0000
17611	498613.0000
17621	498613.0000
17631	498613.0000
17641	498613.0000
17651	498613.0000
17661	498613.0000
17671	498613.0000
17681	498613.0000
17691	498613.0000
17701	498613.0000
17711	498613.0000
17721	498613.0000
17731	498613.0000
17741	498613.0000
17751	498613.0000
17761	498613.0000
17771	498613.0000
17781	498613.0000
17791	498613.0000
17801	498613.0000
17811	498613.0000
17821	498613.0000
17831	498613.0000
17841	498613.0000
17851	498613.0000
17861	498613.0000
17871	498613.0000
17881	498613.0000
17891	498613.0000
17901	498613.0000
17911	498613.0000
17921	498613.0000
17931	498613.0000
17941	498613.0000
17951	498613.0000
17961	498613.0000
17971	498613.0000
17981	498613.0000
17991	498613.0000
18001	498613.0000
18011	498613.0000
18021	498613.0000
18031	498613.0000
18041	498613.0000
18051	498613.0000
18061	498613.0000
18071	498613.0000
18081	498613.0000
18091	498613.0000
18101	498613.0000
18111	498613.0000
18121	498613.0000
18131	498613.0000
18141	498613.0000
18151	498613.0000
18161	498613.0000
18171	498613.0000
18181	498613.0000
18191	498613.0000
18201	498613.0000
18211	498613.0000
18221	498613.0000
18231	498613.0000
18241	498613.0000
18251	498613.0000
18261	498613.0000
18271	498613.0000
18281	498613.0000
18291	498613.0000
18301	498613.0000
18311	498613.0000
18321	498613.0000
18331	498613.0000
18341	498613.0000
18351	498613.0000
18361	498613.0000
18371	498613.0000
18381	498613.0000
18391	498613.0000
18401	498613.0000
18411	498613.0000
18421	498613.0000
18431	498613.0000
18441	498613.0000
18451	498613.0000
18461	498613.0000
18471	498613.0000
18481	498613.0000
18491	498613.0000
18501	498613.0000
18511	498613.0000
18521	498613.0000
18531	498613.0000
18541	498613.0000
18551	498613.0000
18561	498613.0000
18571	498613.0000
18581	498613.0000
18591	498613.0000
18601	498613.0000
18611	498613.0000
18621	498613.0000
18631	498613.0000
18641	498613.0000
18651	498613.0000
18661	498613.0000
18671	498613.0000
18681	498613.0000
18691	498613.0000
18701	498613.0000
18711	498613.0000
18721	498613.0000
18731	498613.0000
18741	498613.0000
18751	498613.0000
18761	498613.0000
18771	498613.0000
18781	498613.0000
18791	498613.0000
18801	498613.0000
18811	498613.0000
18821	498613.0000
18831	498613.0000
18841	498613.0000
18851	498613.0000
18861	498613.0000
18871	498613.0000
18881	498613.0000
18891	498613.0000
18901	498613.0000
18911	498613.0000
18921	498613.0000
18931	498613.0000
18941	498613.0000
18951	498613.0000
18961	498613.0000
18971	498613.0000
18981	498613.0000
18991	498613.0000
19001	498613.0000
19011	498613.0000
19021	498613.0000
19031	498613.0000
19041	498613.0000
19051	498613.0000
19061	498613.0000
19071	498613.0000
19081	498613.0000
19091	498613.0000
19101	498613.0000
19111	498613.0000
19121	498613.0000
19131	498613.0000
19141	498613.0000
19151	498613.0000
19161	498613.0000
19171	498613.0000
19181	498613.0000
19191	498613.0000
19201	498613.0000
19211	498613.0000
19221	498613.0000
19231	498613.0000
19241	498613.0000
19251	498613.0000
19261	498613.0000
19271	498613.0000
19281	498613.0000
19291	498613.0000
19301	498613.0000
19311	498613.0000
19321	498613.0000
19331	498613.0000
19341	498613.0000
19351	498613.0000
19361	498613.0000
19371	498613.0000
19381	498613.0000
19391	498613.0000
19401	498613.0000
19411	498613.0000
19421	498613.0000
19431	498613.0000
19441	498613.0000
19451	498613.0000
19461	498613.0000
19471	498613.0000
19481	498613.0000
19491	498613.0000
19501	498613.0000
19511	498613.0000
19521	498613.0000
19531	498613.0000
19541	498613.0000
19551	498613.0000
19561	498613.0000
19571	498613.0000
19581	498613.0000
19591	498613.0000
19601	498613.0000
19611	498613.0000
19621	498613.0000
19631	498613.0000
19641	498613.0000
19651	498613.0000
19661	498613.0000
19671	498613.0000
19681	498613.0000
19691	498613.0000
19701	498613.0000
19711	498613.0000
19721	498613.0000
19731	498613.0000
19741	498613.0000
19751	498613.0000
19761	498613.0000
19771	498613.0000
19781	498613.0000
19791	498613.0000
19801	498613.0000
19811	498613.0000
19821	498613.0000
19831	498613.0000
19841	498613.0000
19851	498613.0000
19861	498613.0000
19871	498613.0000
19881	498613.0000
19891	498613.0000
19901	498613.0000
19911	498613.0000
19921	498613.0000
19931	498613.0000
19941	498613.0000
19951	498613.0000
19961	498613.0000
19971	498613.0000
19981	498613.0000
19991	498613.0000
20001	498613.0000
20011	498613.0000
20021	498613.0000
20031	498613.0000
20041	498613.0000
20051	498613.0000
20061	498613.0000
20071	498613.0000
20081	498613.0000
20091	498613.0000
20101	498613.0000
20111	498613.0000
20121	498613.0000
20131	498613.0000
20141	498613.0000
20151	498613.0000
20161	498613.0000
20171	498613.0000
20181	498613.0000
20191	498613.0000
20201	498613.0000
20211	498613.0000
20221	498613.0000
20231	498613.0000
20241	498613.0000
20251	498613.0000
20261	498613.0000
20271	498613.0000
20281	498613.0000
20291	498613.0000
20301	498613.0000
20311	498613.0000
20321	498613.0000
20331	498613.0000
20341	498613.0000
20351	498613.0000
20361	498613.0000
20371	498613.0000
20381	498613.0000
20391	498613.0000
20401	498613.0000
20411	498613.0000
20421	498613.0000
20431	498613.0000
20441	498613.0000
20451	498613.0000
20461	498613.0000
20471	498613.0000
20481	498613.0000
20491	498613.0000
20501	498613.0000
20511	498613.0000
20521	498613.0000
20531	498613.0000
20541	498613.0000
20551	498613.0000
20561	498613.0000
20571	498613.0000
20581	498613.0000
20591	498613.0000
20601	498613.0000
20611	498613.0000
20621	498613.0000
20631	498613.0000
20641	498613.0000
20651	498613.0000
20661	498613.0000
20671	498613.0000
20681	498613.0000
20691	498613.0000
20701	498613.0000
20711	498613.0000
20721	498613.0000
20731	498613.0000
20741	498613.0000
20751	498613.0000
20761	498613.0000
20771	498613.0000
20781	498613.0000
20791	498613.0000
20801	498613.0000
20811	498613.0000
20821	498613.0000
20831	498613.0000
20841	498613.0000
20851	498613.0000
20861	498613.0000
20871	498613.0000
20881	498613.0000
20891	498613.0000
20901	498613.0000
20911	498613.0000
20921	498613.0000
20931	498613.0000
20941	498613.0000
20951	498613.0000
20961	498613.0000
20971	498613.0000
20981	498613.0000
20991	498613.0000
21001	498613.0000
21011	498613.0000
21021	498613.0000
21031	498613.0000
21041	498613.0000
21051	498613.0000
21061	498613.0000
21071	498613.0000
21081	498613.0000
21091	498613.0000
21101	498613.0000
21111	498613.0000
21121	498613.0000
21131	498613.0000
21141	498613.0000
21151	498613.0000
21161	498613.0000
21171	498613.0000
21181	498613.0000
21191	498613.0000
21201	498613.0000
21211	498613.0000
21221	498613.0000
21231	498613.0000
21241	498613.0000
21251	498613.0000
21261	498613.0000
21271	498613.0000
21281	498613.0000
21291	498613.0000
21301	498613.0000
21311	498613.0000
21321	498613.0000
21331	498613.0000
21341	498613.0000
21351	498613.0000
21361	498613.0000
21371	498613.0000
21381	498613.0000
21391	498613.0000
21401	498613.0000
21411	498613.0000
21421	498613.0000
21431	498613.0000
21441	498613.0000
21451	498613.0000
21461	498613.0000
21471	498613.0000
21481	498613.0000
21491	498613.0000
21501	498613.0000
21511	498613.0000
21521	498613.0000
21531	498613.0000
21541	498613.0000
21551	498613.0000
21561	498613.0000
21571	498613.0000
21581	498613.0000
21591	498613.0000
21601	498613.0000
21611	498613.0000
21621	498613.0000
21631	498613.0000
21641	498613.0000
21651	498613.0000
21661	498613.0000
21671	498613.0000
21681	498613.0000
21691	498613.0000
21701	498613.0000
21711	498613.0000
21721	498613.0000
21731	498613.0000
21741	498613.0000
21751	498613.0000
21761	498613.0000
21771	498613.0000
21781	498613.0000
21791	498613.0000
21801	498613.0000
21811	498613.0000
21821	498613.0000
21831	498613.0000
21841	498613.0000
21851	498613.0000
21861	498613.0000
21871	498613.0000
21881	498613.0000
21891	498613.0000
21901	498613.0000
21911	498613.0000
21921	498613.0000
21931	498613.0000
21941	498613.0000
21951	498613.0000
21961	498613.0000
21971	498613.0000
21981	498613.0000
21991	498613.0000
22001	498613.0000
22011	498613.0000
22021	498613.0000
22031	498613.0000
22041	498613.0000
22051	498613.0000
22061	498613.0000
22071	498613.0000
22081	498613.0000
22091	498613.0000
22101	498613.0000
22111	498613.0000
22121	498613.0000
22131	498613.0000
22141	498613.0000
22151	498613.0000
22161	498613.0000
22171	498613.0000
22181	498613.0000
22191	498613.0000
22201	498613.0000
22211	498613.0000
22221	498613.0000
22231	498613.0000
22241	498613.0000
22251	498613.0000
22261	498613.0000
22271	498613.0000
22281	498613.0000
22291	498613.0000
22301	498613.0000
22311	498613.0000
22321	498613.0000
22331	498613.0000
22341	498613.0000
22351	498613.0000
22361	498613.0000
22371	498613.0000
22381	498613.0000
22391	498613.0000
22401	498613.0000
22411	498613.0000
22421	498613.0000
22431	498613.0000
22441	498613.0000
22451	498613.0000
22461	498613.0000
22471	498613.0000
22481	498613.0000
22491	498613.0000
22501	498613.0000
22511	498613.0000
22521	498613.0000
22531	498613.0000
22541	498613.0000
22551	498613.0000
22561	498613.0000
22571	498613.0000
22581	498613.0000
22591	498613.0000
22601	498613.0000
22611	498613.0000
22621	498613.0000
22631	498613.0000
22641	498613.0000
22651	498613.0000
22661	498613.0000
22671	498613.0000
22681	498613.0000
22691	498613.0000
22701	498613.0000
22711	498613.0000
22721	498613.0000
22731	498613.0000
22741	498613.0000
22751	498613.0000
22761	498613.0000
22771	498613.0000
22781	498613.0000
22791	498613.0000
22801	498613.0000
22811	498613.0000
22821	498613.0000
22831	498613.0000
22841	498613.0000
22851	498613.0000
22861	498613.0000
22871	498613.0000
22881	498613.0000
22891	498613.0000
22901	498613.0000
22911	498613.0000
22921	498613.0000
22931	498613.0000
22941	498613.0000
22951	498613.0000
22961	498613.0000
22971	498613.0000
22981	498613.0000
22991	498613.0000
23001	498613.0000
23011	498613.0000
23021	498613.0000
23031	498613.0000
23041	498613.0000
23051	498613.0000
23061	498613.0000
23071	498613.0000
23081	498613.0000
23091	498613.0000
23101	498613.0000
23111	498613.0000
23121	498613.0000
23131	498613.0000
23141	498613.0000
23151	498613.0000
23161	498613.0000
23171	498613.0000
23181	498613.0000
23191	498613.0000
23201	498613.0000
23211	498613.0000
23221	498613.0000
23231	498613.0000
23241	498613.0000
23251	498613.0000
23261	498613.0000
23271	498613.0000
23281	498613.0000
23291	498613.0000
23301	498613.0000
23311	498613.0000
23321	498613.0000
23331	498613.0000
23341	498613.0000
23351	498613.0000
23361	498613.0000
23371	498613.0000
23381	498613.0000
23391	498613.0000
23401	498613.0000
23411	498613.0000
23421	498613.0000
23431	498613.0000
23441	498613.0000
23451	498613.0000
23461	498613.0000
23471	498613.0000
23481	498613.0000
23491	498613.0000
23501	498613.0000
23511	498613.0000
23521	498613.0000
23531	498613.0000
23541	498613.0000
23551	498613.0000
23561	498613.0000
23571	498613.0000
23581	498613.0000
23591	498613.0000
23601	498613.0000
23611	498613.0000
23621	498613.0000
23631	498613.0000
23641	498613.0000
23651	498613.0000
23661	498613.0000
23671	498613.0000
23681	498613.0000
23691	498613.0000
23701	498613.0000
23711	498613.0000
23721	498613.0000
23731	498613.0000
23741	498613.0000
23751	498613.0000
23761	498613.0000
23771	498613.0000
23781	498613.0000
23791	498613.0000
23801	498613.0000
23811	498613.0000
23821	498613.0000
23831	498613.0000
23841	498613.0000
23851	498613.0000
23861	498613.0000
23871	498613.0000
23881	498613.0000
23891	498613.0000
23901	498613.0000
23911	498613.0000
23921	498613.0000
23931	498613.0000
23941	498613.0000
23951	498613.0000
23961	498613.0000
23971	498613.0000
23981	498613.0000
23991	498613.0000
23999	498613.0000

✓ 收敛曲线图已生成: 收敛曲线图.png

【机器负载统计】
  机器 1: 批次数=9, 完工时间=498629.5911
  机器 2: 批次数=7, 完工时间=497276.2367


================================================================================
                         实验结果输出完成
================================================================================
