════════════════════════════════════════════════════════════════
              最优Cmax解的详细调度记录
════════════════════════════════════════════════════════════════

【基本信息】
----------------------------------------------------------------------------------------------------
Cmax (最大完工时间): 54491.06
能耗: 547.05 kWh
装箱质量: 0.6199
批次总数: 7
工件数量: 50
机器数量: 14 (打印机:4, 批处理机:2, 离散机:8)

【染色体编码】
----------------------------------------------------------------------------------------------------
工序序列 (OS): [20, 23, 5, 31, 33, 45, 42, 32, 47, 21, 13, 39, 38, 35, 29, 49, 34, 30, 25, 26, 22, 10, 27, 3, 17, 44, 16, 43, 1, 15, 19, 14, 0, 9, 8, 11, 48, 6, 37, 28, 4, 7, 24, 18, 36, 2, 41, 12, 40, 46, 17, 23, 35, 48, 48, 21, 10, 19, 39, 35, 21, 38, 16, 19, 27, 3, 9, 26, 38, 47, 47, 0, 42, 39, 47, 33, 6, 33, 49, 30, 25, 26, 29, 0, 16, 19, 17, 14, 47, 21, 44, 30, 12, 12, 22, 31, 11, 2, 4, 4, 35, 24, 23, 28, 20, 4, 29, 30, 8, 49, 40, 27, 20, 0, 40, 5, 5, 47, 22, 1, 3, 35, 9, 4, 29, 17, 30, 49, 3, 39, 11, 33, 16, 35, 4, 5, 15, 33, 46, 47, 43, 38, 49, 29, 31, 6, 33, 46, 19, 48, 5, 23, 35, 21, 10, 48, 9, 39, 27, 13, 9, 5, 9, 33, 30, 4, 11, 28, 22, 17, 16, 38, 8, 1, 49, 39, 46, 13, 24, 16, 39, 19, 1, 14, 17, 38, 4, 6, 25, 27, 44, 16, 6, 7, 28, 0, 6, 20, 29, 31, 48, 48, 4, 49, 30, 6, 7, 42, 35, 22, 39, 10, 21, 42, 24, 19, 29, 33, 24, 44, 13, 15, 26, 0, 33, 2, 9, 7, 19, 3, 28, 47, 11, 32, 46, 39, 32, 35, 14, 27, 29, 17, 49, 14, 28, 17, 1, 1, 48, 17, 20, 22, 26, 0, 5, 27, 47, 23, 20, 19]
机器选择 (MS): [4, 1, 4, 4, 3, 1, 3, 4, 3, 1, 2, 3, 4, 3, 1, 3, 4, 4, 3, 4, 3, 2, 1, 1, 1, 3, 4, 2, 4, 1, 4, 2, 1, 3, 1, 2, 3, 3, 1, 1, 1, 2, 3, 2, 2, 1, 3, 1, 3, 1, 1, 1, 1, 1, 1, 3, 1, 1, 1, 1, 3, 3, 1, 1, 1, 2, 1, 2, 2, 1, 3, 1, 3, 2, 1, 2, 1, 1, 2, 2, 1, 2, 1, 1, 2, 1, 1, 1, 1, 1, 1, 1, 1, 1, 2, 1, 1, 1, 1, 1, 1, 2, 2, 1, 1, 1, 2, 1, 2, 1, 1, 1, 3, 3, 2, 1, 1, 1, 1, 2, 1, 3, 2, 1, 1, 1, 1, 2, 1, 1, 1, 1, 1, 1, 1, 1, 1, 2, 2, 1, 3, 1, 1, 1, 2, 1, 1, 1, 1, 1, 1, 1, 2, 1, 3, 1, 1, 1, 1, 1, 3, 2, 1, 1, 1, 1, 2, 1, 1, 1, 2, 1, 3, 2, 2, 1, 1, 1, 2, 1, 3, 3, 1, 2, 1, 3, 2, 1, 1, 1, 1, 1, 1, 2, 2, 1, 1, 1, 1, 1, 1, 1, 1, 3, 1, 2, 1, 1, 1, 1, 1, 2, 1, 1, 3, 2, 1, 2, 1, 3, 1, 1, 1, 1, 2, 1, 1, 1, 1, 1, 2, 1, 1, 2, 1, 1, 1, 2, 1, 3, 2, 1, 2, 1, 3, 2, 1, 1, 1, 2, 1, 2, 1, 1, 1, 1, 1, 2, 1, 2]

【零件加工顺序记录】
----------------------------------------------------------------------------------------------------
工件号      工序号             机器号             开始时间            结束时间            加工时长           
----------------------------------------------------------------------------------------------------

工件 0:
  0        0               打印机1            0.00            26776.00        26776.00       
  0        1               批处理机1           26776.00        27651.00        875.00         
  0        2               离散机3            27651.00        28761.00        1110.00        
  0        3               离散机5            28761.00        30235.00        1474.00        
  0        4               离散机1            30332.00        31684.00        1352.00        
  0        5               离散机2            32132.00        33378.00        1246.00        
  0        6               离散机2            41154.06        42209.06        1055.00        
  0        7               离散机5            53079.06        54316.06        1237.00        

工件 1:
  1        0               打印机4            0.00            38146.06        38146.06       
  1        1               批处理机1           38146.06        39021.06        875.00         
  1        2               离散机1            41899.06        42991.06        1092.00        
  1        3               离散机5            46103.06        47449.06        1346.00        
  1        4               离散机2            47932.86        48992.86        1060.00        
  1        5               离散机1            50219.06        51194.06        975.00         
  1        6               离散机8            51490.06        53204.06        1714.00        

工件 2:
  2        0               打印机1            0.00            26776.00        26776.00       
  2        1               批处理机1           26776.00        27651.00        875.00         
  2        2               离散机3            28761.00        30050.00        1289.00        
  2        3               离散机4            30433.00        32137.00        1704.00        

工件 3:
  3        0               打印机1            0.00            26776.00        26776.00       
  3        1               批处理机1           26776.00        27651.00        875.00         
  3        2               离散机4            28831.00        30433.00        1602.00        
  3        3               离散机3            31105.00        32142.00        1037.00        
  3        4               离散机4            32142.00        33166.00        1024.00        
  3        5               离散机4            35652.00        36725.00        1073.00        

工件 4:
  4        0               打印机1            26776.00        37094.86        10318.86       
  4        1               批处理机1           37094.86        37969.86        875.00         
  4        2               离散机6            37969.86        39107.86        1138.00        
  4        3               离散机4            41124.86        42224.86        1100.00        
  4        4               离散机2            42224.86        43953.86        1729.00        
  4        5               离散机8            43953.86        45503.86        1550.00        
  4        6               离散机6            45503.86        47026.86        1523.00        
  4        7               离散机6            48080.86        49039.86        959.00         
  4        8               离散机4            49085.86        49999.86        914.00         
  4        9               离散机5            50088.06        51836.06        1748.00        

工件 5:
  5        0               打印机4            0.00            38146.06        38146.06       
  5        1               批处理机1           38146.06        39021.06        875.00         
  5        2               离散机4            43419.86        44504.86        1085.00        
  5        3               离散机2            45024.86        46686.86        1662.00        
  5        4               离散机2            46686.86        47932.86        1246.00        
  5        5               离散机7            47932.86        49280.86        1348.00        
  5        6               离散机7            49280.86        50877.86        1597.00        
  5        7               离散机3            53303.06        54491.06        1188.00        

工件 6:
  6        0               打印机3            0.00            13996.75        13996.75       
  6        1               批处理机1           13996.75        14871.75        875.00         
  6        2               离散机5            15789.75        17147.75        1358.00        
  6        3               离散机8            17147.75        18752.75        1605.00        
  6        4               离散机7            18752.75        19677.75        925.00         
  6        5               离散机6            19812.75        21384.75        1572.00        
  6        6               离散机5            22848.03        24104.03        1256.00        
  6        7               离散机4            25454.75        26440.75        986.00         

工件 7:
  7        0               打印机2            0.00            18246.03        18246.03       
  7        1               批处理机1           18246.03        19121.03        875.00         
  7        2               离散机5            21783.03        22848.03        1065.00        
  7        3               离散机6            22848.03        24027.03        1179.00        
  7        4               离散机2            26741.75        27755.75        1014.00        

工件 8:
  8        0               打印机1            0.00            26776.00        26776.00       
  8        1               批处理机1           26776.00        27651.00        875.00         
  8        2               离散机1            29242.00        30332.00        1090.00        
  8        3               离散机7            35773.34        37130.34        1357.00        

工件 9:
  9        0               打印机3            0.00            13996.75        13996.75       
  9        1               批处理机1           13996.75        14871.75        875.00         
  9        2               离散机5            14871.75        15789.75        918.00         
  9        3               离散机1            15960.75        17376.75        1416.00        
  9        4               离散机7            17376.75        18691.75        1315.00        
  9        5               离散机5            18691.75        20287.75        1596.00        
  9        6               离散机1            23670.75        24773.75        1103.00        
  9        7               离散机1            35071.00        36235.00        1164.00        

工件 10:
  10       0               打印机2            0.00            18246.03        18246.03       
  10       1               批处理机1           18246.03        19121.03        875.00         
  10       2               离散机8            19121.03        20027.03        906.00         
  10       3               离散机2            21086.75        22281.75        1195.00        
  10       4               离散机5            25624.75        27407.75        1783.00        

工件 11:
  11       0               打印机2            18246.03        29940.34        11694.31       
  11       1               批处理机1           29940.34        30815.34        875.00         
  11       2               离散机7            30815.34        32389.34        1574.00        
  11       3               离散机3            32389.34        33302.34        913.00         
  11       4               离散机3            33302.34        34946.34        1644.00        
  11       5               离散机5            37349.00        38738.00        1389.00        

工件 12:
  12       0               打印机1            0.00            26776.00        26776.00       
  12       1               批处理机1           26776.00        27651.00        875.00         
  12       2               离散机5            27651.00        28667.00        1016.00        
  12       3               离散机8            28673.00        30155.00        1482.00        

工件 13:
  13       0               打印机2            0.00            18246.03        18246.03       
  13       1               批处理机1           18246.03        19121.03        875.00         
  13       2               离散机4            19121.03        20788.03        1667.00        
  13       3               离散机5            20788.03        21783.03        995.00         
  13       4               离散机2            25076.75        26741.75        1665.00        

工件 14:
  14       0               打印机2            18246.03        29940.34        11694.31       
  14       1               批处理机1           29940.34        30815.34        875.00         
  14       2               离散机8            30815.34        31794.34        979.00         
  14       3               离散机5            31794.34        33206.34        1412.00        
  14       4               离散机8            33921.34        34868.34        947.00         
  14       5               离散机4            36725.00        37653.00        928.00         

工件 15:
  15       0               打印机1            0.00            26776.00        26776.00       
  15       1               批处理机1           26776.00        27651.00        875.00         
  15       2               离散机6            30384.00        31288.00        904.00         
  15       3               离散机4            34692.00        35652.00        960.00         

工件 16:
  16       0               打印机4            0.00            38146.06        38146.06       
  16       1               批处理机1           38146.06        39021.06        875.00         
  16       2               离散机2            39973.06        41154.06        1181.00        
  16       3               离散机7            41154.06        42572.06        1418.00        
  16       4               离散机7            44180.06        45808.06        1628.00        
  16       5               离散机4            46156.86        47560.86        1404.00        
  16       6               离散机1            47561.06        48910.06        1349.00        
  16       7               离散机8            48910.06        50297.06        1387.00        

工件 17:
  17       0               打印机1            0.00            26776.00        26776.00       
  17       1               批处理机1           26776.00        27651.00        875.00         
  17       2               离散机6            27651.00        28900.00        1249.00        
  17       3               离散机2            28900.00        30190.00        1290.00        
  17       4               离散机1            31684.00        33354.00        1670.00        
  17       5               离散机7            34085.34        35773.34        1688.00        
  17       6               离散机8            37124.00        38913.00        1789.00        
  17       7               离散机5            40519.06        41544.06        1025.00        
  17       8               离散机7            50877.86        52330.86        1453.00        
  17       9               离散机7            52330.86        53965.86        1635.00        

工件 18:
  18       0               打印机2            18246.03        29940.34        11694.31       
  18       1               批处理机1           29940.34        30815.34        875.00         

工件 19:
  19       0               打印机4            0.00            38146.06        38146.06       
  19       1               批处理机1           38146.06        39021.06        875.00         
  19       2               离散机2            39021.06        39973.06        952.00         
  19       3               离散机3            39973.06        41562.06        1589.00        
  19       4               离散机7            42572.06        44180.06        1608.00        
  19       5               离散机4            44504.86        46156.86        1652.00        
  19       6               离散机5            47449.06        48381.06        932.00         
  19       7               离散机1            48910.06        50219.06        1309.00        
  19       8               离散机4            51442.86        52462.86        1020.00        
  19       9               离散机6            53192.86        54157.86        965.00         

工件 20:
  20       0               打印机4            0.00            38146.06        38146.06       
  20       1               批处理机1           38146.06        39021.06        875.00         
  20       2               离散机5            39021.06        40519.06        1498.00        
  20       3               离散机2            43953.86        45024.86        1071.00        
  20       4               离散机7            45808.06        46990.06        1182.00        
  20       5               离散机1            51194.06        52459.06        1265.00        
  20       6               离散机1            52459.06        53533.06        1074.00        

工件 21:
  21       0               打印机1            0.00            26776.00        26776.00       
  21       1               批处理机1           26776.00        27651.00        875.00         
  21       2               离散机1            27651.00        29242.00        1591.00        
  21       3               离散机6            29242.00        30384.00        1142.00        
  21       4               离散机2            30384.00        32132.00        1748.00        
  21       5               离散机7            32389.34        34085.34        1696.00        
  21       6               离散机3            35872.34        37055.34        1183.00        

工件 22:
  22       0               打印机3            0.00            13996.75        13996.75       
  22       1               批处理机1           13996.75        14871.75        875.00         
  22       2               离散机2            14871.75        16102.75        1231.00        
  22       3               离散机6            16473.75        17482.75        1009.00        
  22       4               离散机4            17482.75        18569.75        1087.00        
  22       5               离散机1            20593.75        21624.75        1031.00        
  22       6               离散机5            30235.00        31362.00        1127.00        

工件 23:
  23       0               打印机1            0.00            26776.00        26776.00       
  23       1               批处理机1           26776.00        27651.00        875.00         
  23       2               离散机4            27651.00        28831.00        1180.00        
  23       3               离散机8            31794.34        32764.34        970.00         
  23       4               离散机6            34962.00        35906.00        944.00         
  23       5               离散机1            37525.00        38766.00        1241.00        

工件 24:
  24       0               打印机3            13996.75        32620.00        18623.25       
  24       1               批处理机1           32620.00        33495.00        875.00         
  24       2               离散机4            33495.00        34692.00        1197.00        
  24       3               离散机5            34692.00        35756.00        1064.00        
  24       4               离散机3            37055.34        38682.34        1627.00        
  24       5               离散机8            38913.00        40250.00        1337.00        

工件 25:
  25       0               打印机3            13996.75        32620.00        18623.25       
  25       1               批处理机1           32620.00        33495.00        875.00         
  25       2               离散机2            33495.00        34665.00        1170.00        
  25       3               离散机3            34946.34        35872.34        926.00         

工件 26:
  26       0               打印机4            0.00            38146.06        38146.06       
  26       1               批处理机1           38146.06        39021.06        875.00         
  26       2               离散机4            39484.86        41124.86        1640.00        
  26       3               离散机3            42669.06        44275.06        1606.00        
  26       4               离散机3            50419.06        52216.06        1797.00        
  26       5               离散机4            52462.86        53786.86        1324.00        

工件 27:
  27       0               打印机1            26776.00        37094.86        10318.86       
  27       1               批处理机1           37094.86        37969.86        875.00         
  27       2               离散机4            37969.86        39484.86        1515.00        
  27       3               离散机4            42224.86        43419.86        1195.00        
  27       4               离散机3            46736.06        48410.06        1674.00        
  27       5               离散机6            49039.86        50706.86        1667.00        
  27       6               离散机2            51584.86        52519.86        935.00         
  27       7               离散机8            53204.06        54187.06        983.00         

工件 28:
  28       0               打印机1            0.00            26776.00        26776.00       
  28       1               批处理机1           26776.00        27651.00        875.00         
  28       2               离散机7            27651.00        28677.00        1026.00        
  28       3               离散机6            31288.00        32356.00        1068.00        
  28       4               离散机5            33206.34        34234.34        1028.00        
  28       5               离散机2            48992.86        49902.86        910.00         
  28       6               离散机2            52519.86        53681.86        1162.00        

工件 29:
  29       0               打印机1            0.00            26776.00        26776.00       
  29       1               批处理机1           26776.00        27651.00        875.00         
  29       2               离散机8            27651.00        28673.00        1022.00        
  29       3               离散机3            30050.00        31105.00        1055.00        
  29       4               离散机8            32764.34        33921.34        1157.00        
  29       5               离散机8            36082.00        37124.00        1042.00        
  29       6               离散机6            41781.06        43462.06        1681.00        
  29       7               离散机6            43462.06        44800.06        1338.00        
  29       8               离散机3            52216.06        53303.06        1087.00        

工件 30:
  30       0               打印机4            0.00            38146.06        38146.06       
  30       1               批处理机1           38146.06        39021.06        875.00         
  30       2               离散机7            39021.06        40253.06        1232.00        
  30       3               离散机6            40253.06        41781.06        1528.00        
  30       4               离散机8            41781.06        43070.06        1289.00        
  30       5               离散机5            43070.06        44634.06        1564.00        
  30       6               离散机5            44634.06        46103.06        1469.00        
  30       7               离散机7            46990.06        47928.06        938.00         

工件 31:
  31       0               打印机4            0.00            38146.06        38146.06       
  31       1               批处理机1           38146.06        39021.06        875.00         
  31       2               离散机3            44275.06        45539.06        1264.00        
  31       3               离散机6            47026.86        48080.86        1054.00        
  31       4               离散机4            49999.86        51442.86        1443.00        

工件 32:
  32       0               打印机4            0.00            38146.06        38146.06       
  32       1               批处理机1           38146.06        39021.06        875.00         
  32       2               离散机8            47635.86        48537.86        902.00         
  32       3               离散机2            49902.86        51584.86        1682.00        

工件 33:
  33       0               打印机3            0.00            13996.75        13996.75       
  33       1               批处理机1           13996.75        14871.75        875.00         
  33       2               离散机1            14871.75        15960.75        1089.00        
  33       3               离散机2            17555.75        18458.75        903.00         
  33       4               离散机6            18458.75        19812.75        1354.00        
  33       5               离散机7            19812.75        21136.75        1324.00        
  33       6               离散机1            22555.75        23670.75        1115.00        
  33       7               离散机2            23670.75        25076.75        1406.00        
  33       8               离散机5            35756.00        37349.00        1593.00        
  33       9               离散机8            40250.00        41573.00        1323.00        

工件 34:
  34       0               打印机4            0.00            38146.06        38146.06       
  34       1               批处理机1           38146.06        39021.06        875.00         

工件 35:
  35       0               打印机3            0.00            13996.75        13996.75       
  35       1               批处理机1           13996.75        14871.75        875.00         
  35       2               离散机8            14871.75        16597.75        1726.00        
  35       3               离散机3            16597.75        17997.75        1400.00        
  35       4               离散机2            18458.75        19972.75        1514.00        
  35       5               离散机3            19972.75        21637.75        1665.00        
  35       6               离散机1            21637.75        22555.75        918.00         
  35       7               离散机8            22555.75        24148.75        1593.00        
  35       8               离散机5            24148.75        25624.75        1476.00        
  35       9               离散机2            27755.75        28846.75        1091.00        

工件 36:
  36       0               打印机2            18246.03        29940.34        11694.31       
  36       1               批处理机1           29940.34        30815.34        875.00         

工件 37:
  37       0               打印机1            26776.00        37094.86        10318.86       
  37       1               批处理机1           37094.86        37969.86        875.00         

工件 38:
  38       0               打印机4            0.00            38146.06        38146.06       
  38       1               批处理机1           38146.06        39021.06        875.00         
  38       2               离散机1            39021.06        40181.06        1160.00        
  38       3               离散机3            41562.06        42669.06        1107.00        
  38       4               离散机8            45503.86        46570.86        1067.00        
  38       5               离散机8            46570.86        47635.86        1065.00        
  38       6               离散机5            48381.06        50088.06        1707.00        

工件 39:
  39       0               打印机3            0.00            13996.75        13996.75       
  39       1               批处理机1           13996.75        14871.75        875.00         
  39       2               离散机7            14871.75        15905.75        1034.00        
  39       3               离散机4            15905.75        17277.75        1372.00        
  39       4               离散机3            17997.75        19078.75        1081.00        
  39       5               离散机1            19078.75        20593.75        1515.00        
  39       6               离散机4            22791.75        24242.75        1451.00        
  39       7               离散机1            24773.75        26000.75        1227.00        
  39       8               离散机1            26000.75        27577.75        1577.00        
  39       9               离散机3            38682.34        39818.34        1136.00        

工件 40:
  40       0               打印机3            0.00            13996.75        13996.75       
  40       1               批处理机1           13996.75        14871.75        875.00         
  40       2               离散机2            19972.75        21086.75        1114.00        
  40       3               离散机4            21086.75        22791.75        1705.00        

工件 41:
  41       0               打印机3            0.00            13996.75        13996.75       
  41       1               批处理机1           13996.75        14871.75        875.00         

工件 42:
  42       0               打印机3            0.00            13996.75        13996.75       
  42       1               批处理机1           13996.75        14871.75        875.00         
  42       2               离散机6            14871.75        16473.75        1602.00        
  42       3               离散机3            22751.75        23940.75        1189.00        
  42       4               离散机3            23940.75        25133.75        1193.00        

工件 43:
  43       0               打印机2            0.00            18246.03        18246.03       
  43       1               批处理机1           18246.03        19121.03        875.00         
  43       2               离散机3            21637.75        22751.75        1114.00        

工件 44:
  44       0               打印机3            0.00            13996.75        13996.75       
  44       1               批处理机1           13996.75        14871.75        875.00         
  44       2               离散机5            17147.75        18528.75        1381.00        
  44       3               离散机8            24148.75        25926.75        1778.00        
  44       4               离散机4            26440.75        27422.75        982.00         

工件 45:
  45       0               打印机1            0.00            26776.00        26776.00       
  45       1               批处理机1           26776.00        27651.00        875.00         

工件 46:
  46       0               打印机1            26776.00        37094.86        10318.86       
  46       1               批处理机1           37094.86        37969.86        875.00         
  46       2               离散机1            42991.06        44578.06        1587.00        
  46       3               离散机3            45539.06        46736.06        1197.00        
  46       4               离散机4            47560.86        49085.86        1525.00        
  46       5               离散机8            50297.06        51490.06        1193.00        

工件 47:
  47       0               打印机3            13996.75        32620.00        18623.25       
  47       1               批处理机1           32620.00        33495.00        875.00         
  47       2               离散机6            33495.00        34962.00        1467.00        
  47       3               离散机8            34962.00        36082.00        1120.00        
  47       4               离散机6            36082.00        37330.00        1248.00        
  47       5               离散机1            40181.06        41899.06        1718.00        
  47       6               离散机5            41899.06        42930.06        1031.00        
  47       7               离散机1            44578.06        46185.06        1607.00        
  47       8               离散机6            50706.86        52029.86        1323.00        
  47       9               离散机6            52029.86        53192.86        1163.00        

工件 48:
  48       0               打印机3            0.00            13996.75        13996.75       
  48       1               批处理机1           13996.75        14871.75        875.00         
  48       2               离散机3            14871.75        16126.75        1255.00        
  48       3               离散机2            16126.75        17555.75        1429.00        
  48       4               离散机1            17555.75        18730.75        1175.00        
  48       5               离散机8            20027.03        21167.03        1140.00        
  48       6               离散机2            22281.75        23277.75        996.00         
  48       7               离散机4            24242.75        25454.75        1212.00        
  48       8               离散机1            36235.00        37525.00        1290.00        

工件 49:
  49       0               打印机3            13996.75        32620.00        18623.25       
  49       1               批处理机1           32620.00        33495.00        875.00         
  49       2               离散机1            33495.00        35071.00        1576.00        
  49       3               离散机2            35071.00        36490.00        1419.00        
  49       4               离散机2            36490.00        38157.00        1667.00        
  49       5               离散机1            46185.06        47561.06        1376.00        
  49       6               离散机3            48410.06        49496.06        1086.00        
  49       7               离散机3            49496.06        50419.06        923.00         
  49       8               离散机5            51836.06        53079.06        1243.00        

【机器加工顺序记录】
----------------------------------------------------------------------------------------------------

打印机1:
工件号      工序号             开始时间            结束时间            加工时长           
--------------------------------------------------------------------------------
  0        0               0.00            26776.00        26776.00       
  2        0               0.00            26776.00        26776.00       
  3        0               0.00            26776.00        26776.00       
  8        0               0.00            26776.00        26776.00       
  12       0               0.00            26776.00        26776.00       
  15       0               0.00            26776.00        26776.00       
  17       0               0.00            26776.00        26776.00       
  21       0               0.00            26776.00        26776.00       
  23       0               0.00            26776.00        26776.00       
  28       0               0.00            26776.00        26776.00       
  29       0               0.00            26776.00        26776.00       
  45       0               0.00            26776.00        26776.00       
  4        0               26776.00        37094.86        10318.86       
  27       0               26776.00        37094.86        10318.86       
  37       0               26776.00        37094.86        10318.86       
  46       0               26776.00        37094.86        10318.86       

  机器利用率: 665.41% (忙碌时间: 362587.43 / 总时间: 54491.06)

打印机2:
工件号      工序号             开始时间            结束时间            加工时长           
--------------------------------------------------------------------------------
  7        0               0.00            18246.03        18246.03       
  10       0               0.00            18246.03        18246.03       
  13       0               0.00            18246.03        18246.03       
  43       0               0.00            18246.03        18246.03       
  11       0               18246.03        29940.34        11694.31       
  14       0               18246.03        29940.34        11694.31       
  18       0               18246.03        29940.34        11694.31       
  36       0               18246.03        29940.34        11694.31       

  机器利用率: 219.78% (忙碌时间: 119761.38 / 总时间: 54491.06)

打印机3:
工件号      工序号             开始时间            结束时间            加工时长           
--------------------------------------------------------------------------------
  6        0               0.00            13996.75        13996.75       
  9        0               0.00            13996.75        13996.75       
  22       0               0.00            13996.75        13996.75       
  33       0               0.00            13996.75        13996.75       
  35       0               0.00            13996.75        13996.75       
  39       0               0.00            13996.75        13996.75       
  40       0               0.00            13996.75        13996.75       
  41       0               0.00            13996.75        13996.75       
  42       0               0.00            13996.75        13996.75       
  44       0               0.00            13996.75        13996.75       
  48       0               0.00            13996.75        13996.75       
  24       0               13996.75        32620.00        18623.25       
  25       0               13996.75        32620.00        18623.25       
  47       0               13996.75        32620.00        18623.25       
  49       0               13996.75        32620.00        18623.25       

  机器利用率: 419.26% (忙碌时间: 228457.23 / 总时间: 54491.06)

打印机4:
工件号      工序号             开始时间            结束时间            加工时长           
--------------------------------------------------------------------------------
  1        0               0.00            38146.06        38146.06       
  5        0               0.00            38146.06        38146.06       
  16       0               0.00            38146.06        38146.06       
  19       0               0.00            38146.06        38146.06       
  20       0               0.00            38146.06        38146.06       
  26       0               0.00            38146.06        38146.06       
  30       0               0.00            38146.06        38146.06       
  31       0               0.00            38146.06        38146.06       
  32       0               0.00            38146.06        38146.06       
  34       0               0.00            38146.06        38146.06       
  38       0               0.00            38146.06        38146.06       

  机器利用率: 770.05% (忙碌时间: 419606.65 / 总时间: 54491.06)

批处理机1:
工件号      工序号             开始时间            结束时间            加工时长           
--------------------------------------------------------------------------------
  6        1               13996.75        14871.75        875.00         
  9        1               13996.75        14871.75        875.00         
  22       1               13996.75        14871.75        875.00         
  33       1               13996.75        14871.75        875.00         
  35       1               13996.75        14871.75        875.00         
  39       1               13996.75        14871.75        875.00         
  40       1               13996.75        14871.75        875.00         
  41       1               13996.75        14871.75        875.00         
  42       1               13996.75        14871.75        875.00         
  44       1               13996.75        14871.75        875.00         
  48       1               13996.75        14871.75        875.00         
  7        1               18246.03        19121.03        875.00         
  10       1               18246.03        19121.03        875.00         
  13       1               18246.03        19121.03        875.00         
  43       1               18246.03        19121.03        875.00         
  0        1               26776.00        27651.00        875.00         
  2        1               26776.00        27651.00        875.00         
  3        1               26776.00        27651.00        875.00         
  8        1               26776.00        27651.00        875.00         
  12       1               26776.00        27651.00        875.00         
  15       1               26776.00        27651.00        875.00         
  17       1               26776.00        27651.00        875.00         
  21       1               26776.00        27651.00        875.00         
  23       1               26776.00        27651.00        875.00         
  28       1               26776.00        27651.00        875.00         
  29       1               26776.00        27651.00        875.00         
  45       1               26776.00        27651.00        875.00         
  11       1               29940.34        30815.34        875.00         
  14       1               29940.34        30815.34        875.00         
  18       1               29940.34        30815.34        875.00         
  36       1               29940.34        30815.34        875.00         
  24       1               32620.00        33495.00        875.00         
  25       1               32620.00        33495.00        875.00         
  47       1               32620.00        33495.00        875.00         
  49       1               32620.00        33495.00        875.00         
  4        1               37094.86        37969.86        875.00         
  27       1               37094.86        37969.86        875.00         
  37       1               37094.86        37969.86        875.00         
  46       1               37094.86        37969.86        875.00         
  1        1               38146.06        39021.06        875.00         
  5        1               38146.06        39021.06        875.00         
  16       1               38146.06        39021.06        875.00         
  19       1               38146.06        39021.06        875.00         
  20       1               38146.06        39021.06        875.00         
  26       1               38146.06        39021.06        875.00         
  30       1               38146.06        39021.06        875.00         
  31       1               38146.06        39021.06        875.00         
  32       1               38146.06        39021.06        875.00         
  34       1               38146.06        39021.06        875.00         
  38       1               38146.06        39021.06        875.00         

  机器利用率: 80.29% (忙碌时间: 43750.00 / 总时间: 54491.06)

批处理机2:
工件号      工序号             开始时间            结束时间            加工时长           
--------------------------------------------------------------------------------

  机器利用率: 0.00% (忙碌时间: 0.00 / 总时间: 54491.06)

离散机1:
工件号      工序号             开始时间            结束时间            加工时长           
--------------------------------------------------------------------------------
  33       2               14871.75        15960.75        1089.00        
  9        3               15960.75        17376.75        1416.00        
  48       4               17555.75        18730.75        1175.00        
  39       5               19078.75        20593.75        1515.00        
  22       5               20593.75        21624.75        1031.00        
  35       6               21637.75        22555.75        918.00         
  33       6               22555.75        23670.75        1115.00        
  9        6               23670.75        24773.75        1103.00        
  39       7               24773.75        26000.75        1227.00        
  39       8               26000.75        27577.75        1577.00        
  21       2               27651.00        29242.00        1591.00        
  8        2               29242.00        30332.00        1090.00        
  0        4               30332.00        31684.00        1352.00        
  17       4               31684.00        33354.00        1670.00        
  49       2               33495.00        35071.00        1576.00        
  9        7               35071.00        36235.00        1164.00        
  48       8               36235.00        37525.00        1290.00        
  23       5               37525.00        38766.00        1241.00        
  38       2               39021.06        40181.06        1160.00        
  47       5               40181.06        41899.06        1718.00        
  1        2               41899.06        42991.06        1092.00        
  46       2               42991.06        44578.06        1587.00        
  47       7               44578.06        46185.06        1607.00        
  49       5               46185.06        47561.06        1376.00        
  16       6               47561.06        48910.06        1349.00        
  19       7               48910.06        50219.06        1309.00        
  1        5               50219.06        51194.06        975.00         
  20       5               51194.06        52459.06        1265.00        
  20       6               52459.06        53533.06        1074.00        

  机器利用率: 69.10% (忙碌时间: 37652.00 / 总时间: 54491.06)

离散机2:
工件号      工序号             开始时间            结束时间            加工时长           
--------------------------------------------------------------------------------
  22       2               14871.75        16102.75        1231.00        
  48       3               16126.75        17555.75        1429.00        
  33       3               17555.75        18458.75        903.00         
  35       4               18458.75        19972.75        1514.00        
  40       2               19972.75        21086.75        1114.00        
  10       3               21086.75        22281.75        1195.00        
  48       6               22281.75        23277.75        996.00         
  33       7               23670.75        25076.75        1406.00        
  13       4               25076.75        26741.75        1665.00        
  7        4               26741.75        27755.75        1014.00        
  35       9               27755.75        28846.75        1091.00        
  17       3               28900.00        30190.00        1290.00        
  21       4               30384.00        32132.00        1748.00        
  0        5               32132.00        33378.00        1246.00        
  25       2               33495.00        34665.00        1170.00        
  49       3               35071.00        36490.00        1419.00        
  49       4               36490.00        38157.00        1667.00        
  19       2               39021.06        39973.06        952.00         
  16       2               39973.06        41154.06        1181.00        
  0        6               41154.06        42209.06        1055.00        
  4        4               42224.86        43953.86        1729.00        
  20       3               43953.86        45024.86        1071.00        
  5        3               45024.86        46686.86        1662.00        
  5        4               46686.86        47932.86        1246.00        
  1        4               47932.86        48992.86        1060.00        
  28       5               48992.86        49902.86        910.00         
  32       3               49902.86        51584.86        1682.00        
  27       6               51584.86        52519.86        935.00         
  28       6               52519.86        53681.86        1162.00        

  机器利用率: 67.43% (忙碌时间: 36743.00 / 总时间: 54491.06)

离散机3:
工件号      工序号             开始时间            结束时间            加工时长           
--------------------------------------------------------------------------------
  48       2               14871.75        16126.75        1255.00        
  35       3               16597.75        17997.75        1400.00        
  39       4               17997.75        19078.75        1081.00        
  35       5               19972.75        21637.75        1665.00        
  43       2               21637.75        22751.75        1114.00        
  42       3               22751.75        23940.75        1189.00        
  42       4               23940.75        25133.75        1193.00        
  0        2               27651.00        28761.00        1110.00        
  2        2               28761.00        30050.00        1289.00        
  29       3               30050.00        31105.00        1055.00        
  3        3               31105.00        32142.00        1037.00        
  11       3               32389.34        33302.34        913.00         
  11       4               33302.34        34946.34        1644.00        
  25       3               34946.34        35872.34        926.00         
  21       6               35872.34        37055.34        1183.00        
  24       4               37055.34        38682.34        1627.00        
  39       9               38682.34        39818.34        1136.00        
  19       3               39973.06        41562.06        1589.00        
  38       3               41562.06        42669.06        1107.00        
  26       3               42669.06        44275.06        1606.00        
  31       2               44275.06        45539.06        1264.00        
  46       3               45539.06        46736.06        1197.00        
  27       4               46736.06        48410.06        1674.00        
  49       6               48410.06        49496.06        1086.00        
  49       7               49496.06        50419.06        923.00         
  26       4               50419.06        52216.06        1797.00        
  29       8               52216.06        53303.06        1087.00        
  5        7               53303.06        54491.06        1188.00        

  机器利用率: 64.85% (忙碌时间: 35335.00 / 总时间: 54491.06)

离散机4:
工件号      工序号             开始时间            结束时间            加工时长           
--------------------------------------------------------------------------------
  39       3               15905.75        17277.75        1372.00        
  22       4               17482.75        18569.75        1087.00        
  13       2               19121.03        20788.03        1667.00        
  40       3               21086.75        22791.75        1705.00        
  39       6               22791.75        24242.75        1451.00        
  48       7               24242.75        25454.75        1212.00        
  6        7               25454.75        26440.75        986.00         
  44       4               26440.75        27422.75        982.00         
  23       2               27651.00        28831.00        1180.00        
  3        2               28831.00        30433.00        1602.00        
  2        3               30433.00        32137.00        1704.00        
  3        4               32142.00        33166.00        1024.00        
  24       2               33495.00        34692.00        1197.00        
  15       3               34692.00        35652.00        960.00         
  3        5               35652.00        36725.00        1073.00        
  14       5               36725.00        37653.00        928.00         
  27       2               37969.86        39484.86        1515.00        
  26       2               39484.86        41124.86        1640.00        
  4        3               41124.86        42224.86        1100.00        
  27       3               42224.86        43419.86        1195.00        
  5        2               43419.86        44504.86        1085.00        
  19       5               44504.86        46156.86        1652.00        
  16       5               46156.86        47560.86        1404.00        
  46       4               47560.86        49085.86        1525.00        
  4        8               49085.86        49999.86        914.00         
  31       4               49999.86        51442.86        1443.00        
  19       8               51442.86        52462.86        1020.00        
  26       5               52462.86        53786.86        1324.00        

  机器利用率: 65.97% (忙碌时间: 35947.00 / 总时间: 54491.06)

离散机5:
工件号      工序号             开始时间            结束时间            加工时长           
--------------------------------------------------------------------------------
  9        2               14871.75        15789.75        918.00         
  6        2               15789.75        17147.75        1358.00        
  44       2               17147.75        18528.75        1381.00        
  9        5               18691.75        20287.75        1596.00        
  13       3               20788.03        21783.03        995.00         
  7        2               21783.03        22848.03        1065.00        
  6        6               22848.03        24104.03        1256.00        
  35       8               24148.75        25624.75        1476.00        
  10       4               25624.75        27407.75        1783.00        
  12       2               27651.00        28667.00        1016.00        
  0        3               28761.00        30235.00        1474.00        
  22       6               30235.00        31362.00        1127.00        
  14       3               31794.34        33206.34        1412.00        
  28       4               33206.34        34234.34        1028.00        
  24       3               34692.00        35756.00        1064.00        
  33       8               35756.00        37349.00        1593.00        
  11       5               37349.00        38738.00        1389.00        
  20       2               39021.06        40519.06        1498.00        
  17       7               40519.06        41544.06        1025.00        
  47       6               41899.06        42930.06        1031.00        
  30       5               43070.06        44634.06        1564.00        
  30       6               44634.06        46103.06        1469.00        
  1        3               46103.06        47449.06        1346.00        
  19       6               47449.06        48381.06        932.00         
  38       6               48381.06        50088.06        1707.00        
  4        9               50088.06        51836.06        1748.00        
  49       8               51836.06        53079.06        1243.00        
  0        7               53079.06        54316.06        1237.00        

  机器利用率: 67.41% (忙碌时间: 36731.00 / 总时间: 54491.06)

离散机6:
工件号      工序号             开始时间            结束时间            加工时长           
--------------------------------------------------------------------------------
  42       2               14871.75        16473.75        1602.00        
  22       3               16473.75        17482.75        1009.00        
  33       4               18458.75        19812.75        1354.00        
  6        5               19812.75        21384.75        1572.00        
  7        3               22848.03        24027.03        1179.00        
  17       2               27651.00        28900.00        1249.00        
  21       3               29242.00        30384.00        1142.00        
  15       2               30384.00        31288.00        904.00         
  28       3               31288.00        32356.00        1068.00        
  47       2               33495.00        34962.00        1467.00        
  23       4               34962.00        35906.00        944.00         
  47       4               36082.00        37330.00        1248.00        
  4        2               37969.86        39107.86        1138.00        
  30       3               40253.06        41781.06        1528.00        
  29       6               41781.06        43462.06        1681.00        
  29       7               43462.06        44800.06        1338.00        
  4        6               45503.86        47026.86        1523.00        
  31       3               47026.86        48080.86        1054.00        
  4        7               48080.86        49039.86        959.00         
  27       5               49039.86        50706.86        1667.00        
  47       8               50706.86        52029.86        1323.00        
  47       9               52029.86        53192.86        1163.00        
  19       9               53192.86        54157.86        965.00         

  机器利用率: 53.36% (忙碌时间: 29077.00 / 总时间: 54491.06)

离散机7:
工件号      工序号             开始时间            结束时间            加工时长           
--------------------------------------------------------------------------------
  39       2               14871.75        15905.75        1034.00        
  9        4               17376.75        18691.75        1315.00        
  6        4               18752.75        19677.75        925.00         
  33       5               19812.75        21136.75        1324.00        
  28       2               27651.00        28677.00        1026.00        
  11       2               30815.34        32389.34        1574.00        
  21       5               32389.34        34085.34        1696.00        
  17       5               34085.34        35773.34        1688.00        
  8        3               35773.34        37130.34        1357.00        
  30       2               39021.06        40253.06        1232.00        
  16       3               41154.06        42572.06        1418.00        
  19       4               42572.06        44180.06        1608.00        
  16       4               44180.06        45808.06        1628.00        
  20       4               45808.06        46990.06        1182.00        
  30       7               46990.06        47928.06        938.00         
  5        5               47932.86        49280.86        1348.00        
  5        6               49280.86        50877.86        1597.00        
  17       8               50877.86        52330.86        1453.00        
  17       9               52330.86        53965.86        1635.00        

  机器利用率: 47.67% (忙碌时间: 25978.00 / 总时间: 54491.06)

离散机8:
工件号      工序号             开始时间            结束时间            加工时长           
--------------------------------------------------------------------------------
  35       2               14871.75        16597.75        1726.00        
  6        3               17147.75        18752.75        1605.00        
  10       2               19121.03        20027.03        906.00         
  48       5               20027.03        21167.03        1140.00        
  35       7               22555.75        24148.75        1593.00        
  44       3               24148.75        25926.75        1778.00        
  29       2               27651.00        28673.00        1022.00        
  12       3               28673.00        30155.00        1482.00        
  14       2               30815.34        31794.34        979.00         
  23       3               31794.34        32764.34        970.00         
  29       4               32764.34        33921.34        1157.00        
  14       4               33921.34        34868.34        947.00         
  47       3               34962.00        36082.00        1120.00        
  29       5               36082.00        37124.00        1042.00        
  17       6               37124.00        38913.00        1789.00        
  24       5               38913.00        40250.00        1337.00        
  33       9               40250.00        41573.00        1323.00        
  30       4               41781.06        43070.06        1289.00        
  4        5               43953.86        45503.86        1550.00        
  38       4               45503.86        46570.86        1067.00        
  38       5               46570.86        47635.86        1065.00        
  32       2               47635.86        48537.86        902.00         
  16       7               48910.06        50297.06        1387.00        
  46       5               50297.06        51490.06        1193.00        
  1        6               51490.06        53204.06        1714.00        
  27       7               53204.06        54187.06        983.00         

  机器利用率: 60.68% (忙碌时间: 33066.00 / 总时间: 54491.06)

【打印批次详细信息】
----------------------------------------------------------------------------------------------------

打印机 1 (尺寸: 1036.0 x 572.0 x 693.0):
--------------------------------------------------------------------------------
  批次 1: 零件数=12, 占用率=81.23%
    - 23: 尺寸 200.0 x 248.0 x 148.0
    - 45: 尺寸 535.0 x 250.0 x 65.0
    - 12: 尺寸 284.0 x 250.0 x 43.0
    - 17: 尺寸 199.0 x 228.0 x 153.0
    - 21: 尺寸 150.0 x 124.0 x 154.0
    - 3: 尺寸 130.0 x 246.0 x 62.0
    - 29: 尺寸 354.0 x 131.0 x 34.0
    - 2: 尺寸 191.0 x 165.0 x 40.0
    - 15: 尺寸 134.0 x 96.0 x 19.0
    - 0: 尺寸 105.0 x 120.0 x 57.0
    - 8: 尺寸 81.0 x 61.0 x 46.0
    - 28: 尺寸 125.0 x 182.0 x 15.0
  批次 2: 零件数=4, 占用率=66.52%
    - 27: 尺寸 426.0 x 351.0 x 52.0
    - 37: 尺寸 419.0 x 128.0 x 58.0
    - 4: 尺寸 191.0 x 466.0 x 35.0
    - 46: 尺寸 233.0 x 438.0 x 56.0

打印机 2 (尺寸: 1105.0 x 427.0 x 530.0):
--------------------------------------------------------------------------------
  批次 1: 零件数=4, 占用率=80.02%
    - 13: 尺寸 540.0 x 352.0 x 52.0
    - 43: 尺寸 565.0 x 245.0 x 29.0
    - 10: 尺寸 396.0 x 110.0 x 31.0
    - 7: 尺寸 87.0 x 63.0 x 17.0
  批次 2: 零件数=4, 占用率=61.99%
    - 14: 尺寸 401.0 x 244.0 x 33.0
    - 11: 尺寸 353.0 x 250.0 x 26.0
    - 36: 尺寸 330.0 x 241.0 x 21.0
    - 18: 尺寸 184.0 x 146.0 x 14.0

打印机 3 (尺寸: 910.0 x 565.0 x 578.0):
--------------------------------------------------------------------------------
  批次 1: 零件数=11, 占用率=86.83%
    - 33: 尺寸 97.0 x 92.0 x 31.0
    - 42: 尺寸 374.0 x 104.0 x 45.0
    - 44: 尺寸 415.0 x 192.0 x 36.0
    - 39: 尺寸 74.0 x 133.0 x 67.0
    - 35: 尺寸 237.0 x 135.0 x 18.0
    - 41: 尺寸 149.0 x 241.0 x 28.0
    - 48: 尺寸 427.0 x 121.0 x 12.0
    - 6: 尺寸 52.0 x 119.0 x 71.0
    - 9: 尺寸 175.0 x 131.0 x 37.0
    - 40: 尺寸 407.0 x 226.0 x 66.0
    - 22: 尺寸 351.0 x 195.0 x 49.0
  批次 2: 零件数=4, 占用率=71.69%
    - 47: 尺寸 469.0 x 174.0 x 85.0
    - 25: 尺寸 353.0 x 234.0 x 80.0
    - 24: 尺寸 280.0 x 106.0 x 89.0
    - 49: 尺寸 716.0 x 244.0 x 95.0

打印机 4 (尺寸: 966.0 x 498.0 x 666.0):
--------------------------------------------------------------------------------
  批次 1: 零件数=11, 占用率=67.62%
    - 20: 尺寸 276.0 x 261.0 x 192.0
    - 5: 尺寸 122.0 x 107.0 x 86.0
    - 31: 尺寸 155.0 x 63.0 x 53.0
    - 32: 尺寸 211.0 x 136.0 x 100.0
    - 38: 尺寸 198.0 x 151.0 x 55.0
    - 16: 尺寸 150.0 x 106.0 x 169.0
    - 30: 尺寸 108.0 x 160.0 x 85.0
    - 26: 尺寸 172.0 x 69.0 x 170.0
    - 34: 尺寸 250.0 x 345.0 x 69.0
    - 1: 尺寸 101.0 x 189.0 x 88.0
    - 19: 尺寸 169.0 x 127.0 x 192.0

════════════════════════════════════════════════════════════════
