════════════════════════════════════════════════════════════════
              最优Cmax解的详细调度记录
════════════════════════════════════════════════════════════════

【基本信息】
----------------------------------------------------------------------------------------------------
Cmax (最大完工时间): 48041.22
能耗: 440.10 kWh
装箱质量: 0.6220
批次总数: 5
工件数量: 50
机器数量: 14 (打印机:4, 批处理机:2, 离散机:8)

【染色体编码】
----------------------------------------------------------------------------------------------------
工序序列 (OS): [15, 13, 43, 35, 14, 1, 44, 6, 32, 12, 24, 48, 2, 18, 21, 9, 42, 22, 49, 20, 25, 8, 10, 16, 5, 39, 45, 46, 34, 38, 19, 23, 31, 17, 29, 40, 11, 28, 36, 47, 0, 3, 4, 7, 33, 37, 26, 41, 27, 30, 11, 43, 37, 1, 16, 38, 41, 11, 14, 44, 34, 26, 18, 34, 14, 32, 44, 43, 37, 43, 38, 33, 26, 47, 41, 41, 8, 13, 1, 32, 27, 41, 33, 35, 14, 19, 31, 41, 4, 26, 1, 7, 32, 37, 10, 16, 27, 48, 46, 27, 21, 13, 44, 24, 45, 27, 44, 16, 18, 46, 43, 17, 6, 17, 46, 1, 17, 10, 26, 1, 11, 33, 14, 37, 9, 10, 37, 38, 32, 27, 42, 32, 18, 20, 34, 7, 35, 38, 26, 47, 25, 19, 26, 41, 33, 12, 22, 6, 27, 19, 7, 16, 7, 5, 43, 14, 13, 40, 46, 19, 46, 46, 3, 37, 24, 37, 16, 1, 41, 26, 3, 26, 31, 27, 2, 47, 35, 5, 38, 10, 47, 17, 45, 17, 14, 40, 39, 6, 32, 19, 11, 34, 47, 37, 22, 13, 12, 9, 43, 25, 49, 14, 16, 4, 24, 30, 1, 46, 17, 7, 16, 22, 41, 1, 32, 31, 8, 46, 14, 38, 18, 15, 47, 24]
机器选择 (MS): [2, 4, 2, 4, 2, 4, 4, 2, 4, 1, 2, 1, 2, 4, 1, 1, 4, 3, 4, 1, 1, 4, 1, 3, 2, 4, 1, 3, 2, 3, 2, 4, 3, 4, 3, 3, 2, 2, 3, 2, 2, 3, 4, 4, 4, 4, 2, 4, 4, 3, 1, 1, 3, 3, 1, 2, 1, 1, 1, 3, 2, 1, 1, 1, 1, 1, 2, 1, 2, 1, 1, 3, 3, 1, 1, 2, 1, 2, 1, 2, 3, 1, 1, 1, 1, 2, 2, 3, 2, 1, 1, 1, 2, 1, 1, 1, 3, 2, 2, 2, 1, 1, 1, 3, 1, 2, 1, 2, 1, 1, 1, 3, 2, 1, 2, 3, 2, 1, 3, 2, 1, 1, 2, 2, 1, 1, 2, 3, 1, 1, 2, 2, 1, 2, 2, 2, 2, 1, 2, 1, 1, 3, 1, 1, 3, 3, 1, 1, 1, 2, 1, 2, 3, 2, 1, 1, 1, 2, 1, 1, 1, 1, 1, 2, 1, 2, 1, 2, 1, 2, 2, 1, 1, 3, 1, 3, 2, 2, 1, 1, 1, 2, 3, 1, 1, 2, 1, 3, 2, 1, 1, 1, 2, 1, 1, 2, 1, 1, 1, 2, 1, 2, 1, 3, 3, 1, 1, 2, 2, 1, 1, 1, 2, 1, 1, 1, 2, 2, 1, 1, 1, 1, 2, 1]

【零件加工顺序记录】
----------------------------------------------------------------------------------------------------
工件号      工序号             机器号             开始时间            结束时间            加工时长           
----------------------------------------------------------------------------------------------------

工件 0:
  0        0               打印机2            0.00            24496.71        24496.71       
  0        1               批处理机2           24496.71        25297.71        801.00         

工件 1:
  1        0               打印机4            0.00            19333.00        19333.00       
  1        1               批处理机2           19333.00        20134.00        801.00         
  1        2               离散机1            20134.00        21462.00        1328.00        
  1        3               离散机7            21462.00        23022.00        1560.00        
  1        4               离散机7            23022.00        23972.00        950.00         
  1        5               离散机8            27014.00        27928.00        914.00         
  1        6               离散机5            32468.71        33663.71        1195.00        
  1        7               离散机7            39268.71        40392.71        1124.00        
  1        8               离散机5            43037.71        44659.71        1622.00        
  1        9               离散机3            46376.22        47743.22        1367.00        

工件 2:
  2        0               打印机2            0.00            24496.71        24496.71       
  2        1               批处理机2           24496.71        25297.71        801.00         
  2        2               离散机2            40641.22        41819.22        1178.00        

工件 3:
  3        0               打印机3            0.00            30020.22        30020.22       
  3        1               批处理机2           30020.22        30821.22        801.00         
  3        2               离散机8            32060.00        33014.00        954.00         
  3        3               离散机8            35012.00        36244.00        1232.00        

工件 4:
  4        0               打印机4            19333.00        40299.33        20966.33       
  4        1               批处理机2           40299.33        41100.33        801.00         
  4        2               离散机4            41100.33        42008.33        908.00         
  4        3               离散机8            42427.00        43937.00        1510.00        

工件 5:
  5        0               打印机2            0.00            24496.71        24496.71       
  5        1               批处理机2           24496.71        25297.71        801.00         
  5        2               离散机3            37625.22        38754.22        1129.00        
  5        3               离散机5            41467.71        43037.71        1570.00        

工件 6:
  6        0               打印机2            0.00            24496.71        24496.71       
  6        1               批处理机2           24496.71        25297.71        801.00         
  6        2               离散机7            31260.71        32858.71        1598.00        
  6        3               离散机7            35613.71        36748.71        1135.00        
  6        4               离散机1            41380.22        42670.22        1290.00        

工件 7:
  7        0               打印机4            0.00            19333.00        19333.00       
  7        1               批处理机2           19333.00        20134.00        801.00         
  7        2               离散机8            21100.00        22842.00        1742.00        
  7        3               离散机8            30832.00        32060.00        1228.00        
  7        4               离散机5            36390.71        37451.71        1061.00        
  7        5               离散机5            37451.71        38579.71        1128.00        
  7        6               离散机4            44502.33        45951.33        1449.00        

工件 8:
  8        0               打印机4            0.00            19333.00        19333.00       
  8        1               批处理机2           19333.00        20134.00        801.00         
  8        2               离散机3            21446.00        22421.00        975.00         
  8        3               离散机5            22668.00        24404.00        1736.00        

工件 9:
  9        0               打印机1            0.00            14804.00        14804.00       
  9        1               批处理机2           14804.00        15605.00        801.00         
  9        2               离散机8            15605.00        16799.00        1194.00        
  9        3               离散机6            16799.00        17714.00        915.00         

工件 10:
  10       0               打印机1            0.00            14804.00        14804.00       
  10       1               批处理机2           14804.00        15605.00        801.00         
  10       2               离散机3            15605.00        16796.00        1191.00        
  10       3               离散机5            16796.00        18240.00        1444.00        
  10       4               离散机8            18240.00        19838.00        1598.00        
  10       5               离散机5            19856.00        21426.00        1570.00        

工件 11:
  11       0               打印机2            0.00            24496.71        24496.71       
  11       1               批处理机2           24496.71        25297.71        801.00         
  11       2               离散机5            25297.71        26223.71        926.00         
  11       3               离散机1            26223.71        27156.71        933.00         
  11       4               离散机5            33663.71        35227.71        1564.00        
  11       5               离散机1            42670.22        43688.22        1018.00        

工件 12:
  12       0               打印机1            0.00            14804.00        14804.00       
  12       1               批处理机2           14804.00        15605.00        801.00         
  12       2               离散机5            18240.00        19856.00        1616.00        
  12       3               离散机5            21426.00        22668.00        1242.00        

工件 13:
  13       0               打印机4            0.00            19333.00        19333.00       
  13       1               批处理机2           19333.00        20134.00        801.00         
  13       2               离散机6            20134.00        21532.00        1398.00        
  13       3               离散机8            24294.00        25435.00        1141.00        
  13       4               离散机3            38754.22        39790.22        1036.00        
  13       5               离散机3            44969.22        46376.22        1407.00        

工件 14:
  14       0               打印机2            0.00            24496.71        24496.71       
  14       1               批处理机2           24496.71        25297.71        801.00         
  14       2               离散机1            27156.71        28169.71        1013.00        
  14       3               离散机4            28169.71        29684.71        1515.00        
  14       4               离散机3            31918.22        33127.22        1209.00        
  14       5               离散机5            35227.71        36390.71        1163.00        
  14       6               离散机7            38249.71        39268.71        1019.00        
  14       7               离散机8            39971.00        41238.00        1267.00        
  14       8               离散机6            42264.22        43485.22        1221.00        
  14       9               离散机7            45422.71        46455.71        1033.00        

工件 15:
  15       0               打印机2            0.00            24496.71        24496.71       
  15       1               批处理机2           24496.71        25297.71        801.00         
  15       2               离散机4            26923.71        28003.71        1080.00        

工件 16:
  16       0               打印机3            0.00            30020.22        30020.22       
  16       1               批处理机2           30020.22        30821.22        801.00         
  16       2               离散机3            30821.22        31918.22        1097.00        
  16       3               离散机6            31918.22        33560.22        1642.00        
  16       4               离散机3            34121.22        35056.22        935.00         
  16       5               离散机7            36748.71        38249.71        1501.00        
  16       6               离散机5            39697.71        41467.71        1770.00        
  16       7               离散机7            43108.71        44038.71        930.00         
  16       8               离散机8            44850.00        45979.00        1129.00        

工件 17:
  17       0               打印机4            0.00            19333.00        19333.00       
  17       1               批处理机2           19333.00        20134.00        801.00         
  17       2               离散机7            29812.71        31260.71        1448.00        
  17       3               离散机2            34090.22        35065.22        975.00         
  17       4               离散机4            35065.22        36844.22        1779.00        
  17       5               离散机8            37817.00        38932.00        1115.00        
  17       6               离散机8            38932.00        39971.00        1039.00        
  17       7               离散机5            44659.71        46107.71        1448.00        

工件 18:
  18       0               打印机4            0.00            19333.00        19333.00       
  18       1               批处理机2           19333.00        20134.00        801.00         
  18       2               离散机2            20134.00        21085.00        951.00         
  18       3               离散机3            25133.00        26831.00        1698.00        
  18       4               离散机8            29377.00        30832.00        1455.00        
  18       5               离散机6            46089.22        47850.22        1761.00        

工件 19:
  19       0               打印机2            0.00            24496.71        24496.71       
  19       1               批处理机2           24496.71        25297.71        801.00         
  19       2               离散机2            26031.00        27059.00        1028.00        
  19       3               离散机6            27059.00        28183.00        1124.00        
  19       4               离散机4            34029.71        34942.71        913.00         
  19       5               离散机6            35198.22        36944.22        1746.00        
  19       6               离散机2            43522.22        45037.22        1515.00        

工件 20:
  20       0               打印机1            0.00            14804.00        14804.00       
  20       1               批处理机2           14804.00        15605.00        801.00         
  20       2               离散机4            15605.00        16984.00        1379.00        

工件 21:
  21       0               打印机1            0.00            14804.00        14804.00       
  21       1               批处理机2           14804.00        15605.00        801.00         
  21       2               离散机6            15605.00        16595.00        990.00         

工件 22:
  22       0               打印机3            0.00            30020.22        30020.22       
  22       1               批处理机2           30020.22        30821.22        801.00         
  22       2               离散机1            35830.22        36975.22        1145.00        
  22       3               离散机6            40768.22        42264.22        1496.00        
  22       4               离散机6            44865.22        46089.22        1224.00        

工件 23:
  23       0               打印机4            0.00            19333.00        19333.00       
  23       1               批处理机2           19333.00        20134.00        801.00         

工件 24:
  24       0               打印机2            0.00            24496.71        24496.71       
  24       1               批处理机2           24496.71        25297.71        801.00         
  24       2               离散机8            25435.00        27014.00        1579.00        
  24       3               离散机4            38282.22        39784.22        1502.00        
  24       4               离散机4            39784.22        41087.22        1303.00        
  24       5               离散机4            45951.33        47061.33        1110.00        

工件 25:
  25       0               打印机1            0.00            14804.00        14804.00       
  25       1               批处理机2           14804.00        15605.00        801.00         
  25       2               离散机8            16799.00        18103.00        1304.00        
  25       3               离散机3            18103.00        19100.00        997.00         

工件 26:
  26       0               打印机2            0.00            24496.71        24496.71       
  26       1               批处理机2           24496.71        25297.71        801.00         
  26       2               离散机7            25297.71        26810.71        1513.00        
  26       3               离散机5            28810.71        29714.71        904.00         
  26       4               离散机4            29714.71        30975.71        1261.00        
  26       5               离散机5            31352.71        32468.71        1116.00        
  26       6               离散机1            34724.22        35830.22        1106.00        
  26       7               离散机2            36794.22        38279.22        1485.00        
  26       8               离散机6            38279.22        39464.22        1185.00        
  26       9               离散机2            39674.22        40641.22        967.00         

工件 27:
  27       0               打印机4            0.00            19333.00        19333.00       
  27       1               批处理机2           19333.00        20134.00        801.00         
  27       2               离散机8            20134.00        21100.00        966.00         
  27       3               离散机3            22421.00        23501.00        1080.00        
  27       4               离散机3            23501.00        25133.00        1632.00        
  27       5               离散机5            29714.71        31352.71        1638.00        
  27       6               离散机7            32858.71        33990.71        1132.00        
  27       7               离散机2            38279.22        39674.22        1395.00        
  27       8               离散机7            40392.71        41385.71        993.00         

工件 28:
  28       0               打印机2            0.00            24496.71        24496.71       
  28       1               批处理机2           24496.71        25297.71        801.00         

工件 29:
  29       0               打印机3            0.00            30020.22        30020.22       
  29       1               批处理机2           30020.22        30821.22        801.00         

工件 30:
  30       0               打印机3            0.00            30020.22        30020.22       
  30       1               批处理机2           30020.22        30821.22        801.00         
  30       2               离散机8            43937.00        44850.00        913.00         

工件 31:
  31       0               打印机3            0.00            30020.22        30020.22       
  31       1               批处理机2           30020.22        30821.22        801.00         
  31       2               离散机3            33127.22        34121.22        994.00         
  31       3               离散机1            39658.22        41380.22        1722.00        
  31       4               离散机7            44038.71        45422.71        1384.00        

工件 32:
  32       0               打印机4            0.00            19333.00        19333.00       
  32       1               批处理机2           19333.00        20134.00        801.00         
  32       2               离散机7            20134.00        21348.00        1214.00        
  32       3               离散机4            21837.00        23209.00        1372.00        
  32       4               离散机7            28089.71        29812.71        1723.00        
  32       5               离散机1            30530.71        32194.71        1664.00        
  32       6               离散机3            35056.22        36476.22        1420.00        
  32       7               离散机6            36944.22        38190.22        1246.00        
  32       8               离散机5            46107.71        47178.71        1071.00        

工件 33:
  33       0               打印机4            0.00            19333.00        19333.00       
  33       1               批处理机2           19333.00        20134.00        801.00         
  33       2               离散机1            22940.00        24214.00        1274.00        
  33       3               离散机1            24214.00        25468.00        1254.00        
  33       4               离散机2            27059.00        28812.00        1753.00        
  33       5               离散机6            28812.00        30137.00        1325.00        

工件 34:
  34       0               打印机2            0.00            24496.71        24496.71       
  34       1               批处理机2           24496.71        25297.71        801.00         
  34       2               离散机5            26223.71        27413.71        1190.00        
  34       3               离散机5            27413.71        28810.71        1397.00        
  34       4               离散机2            28812.00        30417.00        1605.00        
  34       5               离散机1            43688.22        44629.22        941.00         

工件 35:
  35       0               打印机4            0.00            19333.00        19333.00       
  35       1               批处理机2           19333.00        20134.00        801.00         
  35       2               离散机4            23209.00        24578.00        1369.00        
  35       3               离散机3            28043.71        29357.71        1314.00        
  35       4               离散机8            36244.00        37817.00        1573.00        

工件 36:
  36       0               打印机3            0.00            30020.22        30020.22       
  36       1               批处理机2           30020.22        30821.22        801.00         

工件 37:
  37       0               打印机4            0.00            19333.00        19333.00       
  37       1               批处理机2           19333.00        20134.00        801.00         
  37       2               离散机3            20134.00        21446.00        1312.00        
  37       3               离散机2            21446.00        23237.00        1791.00        
  37       4               离散机7            23972.00        24949.00        977.00         
  37       5               离散机8            27928.00        29377.00        1449.00        
  37       6               离散机3            29377.00        30741.00        1364.00        
  37       7               离散机8            33014.00        33997.00        983.00         
  37       8               离散机8            33997.00        35012.00        1015.00        
  37       9               离散机6            39464.22        40768.22        1304.00        

工件 38:
  38       0               打印机3            0.00            30020.22        30020.22       
  38       1               批处理机2           30020.22        30821.22        801.00         
  38       2               离散机2            30821.22        32476.22        1655.00        
  38       3               离散机1            32476.22        33409.22        933.00         
  38       4               离散机1            33409.22        34724.22        1315.00        
  38       5               离散机4            36844.22        38282.22        1438.00        
  38       6               离散机7            41385.71        43108.71        1723.00        
  38       7               离散机8            45979.00        47243.00        1264.00        

工件 39:
  39       0               打印机4            0.00            19333.00        19333.00       
  39       1               批处理机2           19333.00        20134.00        801.00         
  39       2               离散机3            43343.22        44969.22        1626.00        

工件 40:
  40       0               打印机3            0.00            30020.22        30020.22       
  40       1               批处理机2           30020.22        30821.22        801.00         
  40       2               离散机3            39790.22        40710.22        920.00         
  40       3               离散机4            43226.33        44502.33        1276.00        

工件 41:
  41       0               打印机4            0.00            19333.00        19333.00       
  41       1               批处理机2           19333.00        20134.00        801.00         
  41       2               离散机4            20134.00        21837.00        1703.00        
  41       3               离散机6            21837.00        23307.00        1470.00        
  41       4               离散机2            23307.00        25103.00        1796.00        
  41       5               离散机2            25103.00        26031.00        928.00         
  41       6               离散机1            29515.71        30530.71        1015.00        
  41       7               离散机7            33990.71        35613.71        1623.00        
  41       8               离散机1            37882.22        39658.22        1776.00        
  41       9               离散机1            45748.22        47065.22        1317.00        

工件 42:
  42       0               打印机4            19333.00        40299.33        20966.33       
  42       1               批处理机2           40299.33        41100.33        801.00         
  42       2               离散机4            42008.33        43226.33        1218.00        

工件 43:
  43       0               打印机2            0.00            24496.71        24496.71       
  43       1               批处理机2           24496.71        25297.71        801.00         
  43       2               离散机4            25297.71        26923.71        1626.00        
  43       3               离散机3            26923.71        28043.71        1120.00        
  43       4               离散机1            28169.71        29515.71        1346.00        
  43       5               离散机6            33560.22        35198.22        1638.00        
  43       6               离散机5            38579.71        39697.71        1118.00        
  43       7               离散机8            41238.00        42427.00        1189.00        

工件 44:
  44       0               打印机4            0.00            19333.00        19333.00       
  44       1               批处理机2           19333.00        20134.00        801.00         
  44       2               离散机1            21462.00        22940.00        1478.00        
  44       3               离散机8            22940.00        24294.00        1354.00        
  44       4               离散机4            30975.71        32285.71        1310.00        
  44       5               离散机2            32476.22        34090.22        1614.00        

工件 45:
  45       0               打印机1            0.00            14804.00        14804.00       
  45       1               批处理机2           14804.00        15605.00        801.00         
  45       2               离散机3            16796.00        18048.00        1252.00        
  45       3               离散机4            18048.00        19700.00        1652.00        

工件 46:
  46       0               打印机3            0.00            30020.22        30020.22       
  46       1               批处理机2           30020.22        30821.22        801.00         
  46       2               离散机6            30821.22        31825.22        1004.00        
  46       3               离散机4            32285.71        34029.71        1744.00        
  46       4               离散机2            35065.22        36794.22        1729.00        
  46       5               离散机1            36975.22        37882.22        907.00         
  46       6               离散机3            40710.22        41985.22        1275.00        
  46       7               离散机3            41985.22        43343.22        1358.00        
  46       8               离散机1            44629.22        45748.22        1119.00        
  46       9               离散机1            47065.22        48041.22        976.00         

工件 47:
  47       0               打印机2            0.00            24496.71        24496.71       
  47       1               批处理机2           24496.71        25297.71        801.00         
  47       2               离散机7            26810.71        28089.71        1279.00        
  47       3               离散机3            36476.22        37625.22        1149.00        
  47       4               离散机2            41819.22        43522.22        1703.00        
  47       5               离散机6            43522.22        44865.22        1343.00        
  47       6               离散机2            45037.22        46476.22        1439.00        
  47       7               离散机7            46476.22        47522.22        1046.00        

工件 48:
  48       0               打印机1            0.00            14804.00        14804.00       
  48       1               批处理机2           14804.00        15605.00        801.00         
  48       2               离散机5            15605.00        16604.00        999.00         

工件 49:
  49       0               打印机4            19333.00        40299.33        20966.33       
  49       1               批处理机2           40299.33        41100.33        801.00         
  49       2               离散机2            46476.22        47443.22        967.00         

【机器加工顺序记录】
----------------------------------------------------------------------------------------------------

打印机1:
工件号      工序号             开始时间            结束时间            加工时长           
--------------------------------------------------------------------------------
  9        0               0.00            14804.00        14804.00       
  10       0               0.00            14804.00        14804.00       
  12       0               0.00            14804.00        14804.00       
  20       0               0.00            14804.00        14804.00       
  21       0               0.00            14804.00        14804.00       
  25       0               0.00            14804.00        14804.00       
  45       0               0.00            14804.00        14804.00       
  48       0               0.00            14804.00        14804.00       

  机器利用率: 246.52% (忙碌时间: 118432.00 / 总时间: 48041.22)

打印机2:
工件号      工序号             开始时间            结束时间            加工时长           
--------------------------------------------------------------------------------
  0        0               0.00            24496.71        24496.71       
  2        0               0.00            24496.71        24496.71       
  5        0               0.00            24496.71        24496.71       
  6        0               0.00            24496.71        24496.71       
  11       0               0.00            24496.71        24496.71       
  14       0               0.00            24496.71        24496.71       
  15       0               0.00            24496.71        24496.71       
  19       0               0.00            24496.71        24496.71       
  24       0               0.00            24496.71        24496.71       
  26       0               0.00            24496.71        24496.71       
  28       0               0.00            24496.71        24496.71       
  34       0               0.00            24496.71        24496.71       
  43       0               0.00            24496.71        24496.71       
  47       0               0.00            24496.71        24496.71       

  机器利用率: 713.87% (忙碌时间: 342954.00 / 总时间: 48041.22)

打印机3:
工件号      工序号             开始时间            结束时间            加工时长           
--------------------------------------------------------------------------------
  3        0               0.00            30020.22        30020.22       
  16       0               0.00            30020.22        30020.22       
  22       0               0.00            30020.22        30020.22       
  29       0               0.00            30020.22        30020.22       
  30       0               0.00            30020.22        30020.22       
  31       0               0.00            30020.22        30020.22       
  36       0               0.00            30020.22        30020.22       
  38       0               0.00            30020.22        30020.22       
  40       0               0.00            30020.22        30020.22       
  46       0               0.00            30020.22        30020.22       

  机器利用率: 624.88% (忙碌时间: 300202.17 / 总时间: 48041.22)

打印机4:
工件号      工序号             开始时间            结束时间            加工时长           
--------------------------------------------------------------------------------
  1        0               0.00            19333.00        19333.00       
  7        0               0.00            19333.00        19333.00       
  8        0               0.00            19333.00        19333.00       
  13       0               0.00            19333.00        19333.00       
  17       0               0.00            19333.00        19333.00       
  18       0               0.00            19333.00        19333.00       
  23       0               0.00            19333.00        19333.00       
  27       0               0.00            19333.00        19333.00       
  32       0               0.00            19333.00        19333.00       
  33       0               0.00            19333.00        19333.00       
  35       0               0.00            19333.00        19333.00       
  37       0               0.00            19333.00        19333.00       
  39       0               0.00            19333.00        19333.00       
  41       0               0.00            19333.00        19333.00       
  44       0               0.00            19333.00        19333.00       
  4        0               19333.00        40299.33        20966.33       
  42       0               19333.00        40299.33        20966.33       
  49       0               19333.00        40299.33        20966.33       

  机器利用率: 734.57% (忙碌时间: 352894.00 / 总时间: 48041.22)

批处理机1:
工件号      工序号             开始时间            结束时间            加工时长           
--------------------------------------------------------------------------------

  机器利用率: 0.00% (忙碌时间: 0.00 / 总时间: 48041.22)

批处理机2:
工件号      工序号             开始时间            结束时间            加工时长           
--------------------------------------------------------------------------------
  9        1               14804.00        15605.00        801.00         
  10       1               14804.00        15605.00        801.00         
  12       1               14804.00        15605.00        801.00         
  20       1               14804.00        15605.00        801.00         
  21       1               14804.00        15605.00        801.00         
  25       1               14804.00        15605.00        801.00         
  45       1               14804.00        15605.00        801.00         
  48       1               14804.00        15605.00        801.00         
  1        1               19333.00        20134.00        801.00         
  7        1               19333.00        20134.00        801.00         
  8        1               19333.00        20134.00        801.00         
  13       1               19333.00        20134.00        801.00         
  17       1               19333.00        20134.00        801.00         
  18       1               19333.00        20134.00        801.00         
  23       1               19333.00        20134.00        801.00         
  27       1               19333.00        20134.00        801.00         
  32       1               19333.00        20134.00        801.00         
  33       1               19333.00        20134.00        801.00         
  35       1               19333.00        20134.00        801.00         
  37       1               19333.00        20134.00        801.00         
  39       1               19333.00        20134.00        801.00         
  41       1               19333.00        20134.00        801.00         
  44       1               19333.00        20134.00        801.00         
  0        1               24496.71        25297.71        801.00         
  2        1               24496.71        25297.71        801.00         
  5        1               24496.71        25297.71        801.00         
  6        1               24496.71        25297.71        801.00         
  11       1               24496.71        25297.71        801.00         
  14       1               24496.71        25297.71        801.00         
  15       1               24496.71        25297.71        801.00         
  19       1               24496.71        25297.71        801.00         
  24       1               24496.71        25297.71        801.00         
  26       1               24496.71        25297.71        801.00         
  28       1               24496.71        25297.71        801.00         
  34       1               24496.71        25297.71        801.00         
  43       1               24496.71        25297.71        801.00         
  47       1               24496.71        25297.71        801.00         
  3        1               30020.22        30821.22        801.00         
  16       1               30020.22        30821.22        801.00         
  22       1               30020.22        30821.22        801.00         
  29       1               30020.22        30821.22        801.00         
  30       1               30020.22        30821.22        801.00         
  31       1               30020.22        30821.22        801.00         
  36       1               30020.22        30821.22        801.00         
  38       1               30020.22        30821.22        801.00         
  40       1               30020.22        30821.22        801.00         
  46       1               30020.22        30821.22        801.00         
  4        1               40299.33        41100.33        801.00         
  42       1               40299.33        41100.33        801.00         
  49       1               40299.33        41100.33        801.00         

  机器利用率: 83.37% (忙碌时间: 40050.00 / 总时间: 48041.22)

离散机1:
工件号      工序号             开始时间            结束时间            加工时长           
--------------------------------------------------------------------------------
  1        2               20134.00        21462.00        1328.00        
  44       2               21462.00        22940.00        1478.00        
  33       2               22940.00        24214.00        1274.00        
  33       3               24214.00        25468.00        1254.00        
  11       3               26223.71        27156.71        933.00         
  14       2               27156.71        28169.71        1013.00        
  43       4               28169.71        29515.71        1346.00        
  41       6               29515.71        30530.71        1015.00        
  32       5               30530.71        32194.71        1664.00        
  38       3               32476.22        33409.22        933.00         
  38       4               33409.22        34724.22        1315.00        
  26       6               34724.22        35830.22        1106.00        
  22       2               35830.22        36975.22        1145.00        
  46       5               36975.22        37882.22        907.00         
  41       8               37882.22        39658.22        1776.00        
  31       3               39658.22        41380.22        1722.00        
  6        4               41380.22        42670.22        1290.00        
  11       5               42670.22        43688.22        1018.00        
  34       5               43688.22        44629.22        941.00         
  46       8               44629.22        45748.22        1119.00        
  41       9               45748.22        47065.22        1317.00        
  46       9               47065.22        48041.22        976.00         

  机器利用率: 55.93% (忙碌时间: 26870.00 / 总时间: 48041.22)

离散机2:
工件号      工序号             开始时间            结束时间            加工时长           
--------------------------------------------------------------------------------
  18       2               20134.00        21085.00        951.00         
  37       3               21446.00        23237.00        1791.00        
  41       4               23307.00        25103.00        1796.00        
  41       5               25103.00        26031.00        928.00         
  19       2               26031.00        27059.00        1028.00        
  33       4               27059.00        28812.00        1753.00        
  34       4               28812.00        30417.00        1605.00        
  38       2               30821.22        32476.22        1655.00        
  44       5               32476.22        34090.22        1614.00        
  17       3               34090.22        35065.22        975.00         
  46       4               35065.22        36794.22        1729.00        
  26       7               36794.22        38279.22        1485.00        
  27       7               38279.22        39674.22        1395.00        
  26       9               39674.22        40641.22        967.00         
  2        2               40641.22        41819.22        1178.00        
  47       4               41819.22        43522.22        1703.00        
  19       6               43522.22        45037.22        1515.00        
  47       6               45037.22        46476.22        1439.00        
  49       2               46476.22        47443.22        967.00         

  机器利用率: 55.11% (忙碌时间: 26474.00 / 总时间: 48041.22)

离散机3:
工件号      工序号             开始时间            结束时间            加工时长           
--------------------------------------------------------------------------------
  10       2               15605.00        16796.00        1191.00        
  45       2               16796.00        18048.00        1252.00        
  25       3               18103.00        19100.00        997.00         
  37       2               20134.00        21446.00        1312.00        
  8        2               21446.00        22421.00        975.00         
  27       3               22421.00        23501.00        1080.00        
  27       4               23501.00        25133.00        1632.00        
  18       3               25133.00        26831.00        1698.00        
  43       3               26923.71        28043.71        1120.00        
  35       3               28043.71        29357.71        1314.00        
  37       6               29377.00        30741.00        1364.00        
  16       2               30821.22        31918.22        1097.00        
  14       4               31918.22        33127.22        1209.00        
  31       2               33127.22        34121.22        994.00         
  16       4               34121.22        35056.22        935.00         
  32       6               35056.22        36476.22        1420.00        
  47       3               36476.22        37625.22        1149.00        
  5        2               37625.22        38754.22        1129.00        
  13       4               38754.22        39790.22        1036.00        
  40       2               39790.22        40710.22        920.00         
  46       6               40710.22        41985.22        1275.00        
  46       7               41985.22        43343.22        1358.00        
  39       2               43343.22        44969.22        1626.00        
  13       5               44969.22        46376.22        1407.00        
  1        9               46376.22        47743.22        1367.00        

  机器利用率: 64.23% (忙碌时间: 30857.00 / 总时间: 48041.22)

离散机4:
工件号      工序号             开始时间            结束时间            加工时长           
--------------------------------------------------------------------------------
  20       2               15605.00        16984.00        1379.00        
  45       3               18048.00        19700.00        1652.00        
  41       2               20134.00        21837.00        1703.00        
  32       3               21837.00        23209.00        1372.00        
  35       2               23209.00        24578.00        1369.00        
  43       2               25297.71        26923.71        1626.00        
  15       2               26923.71        28003.71        1080.00        
  14       3               28169.71        29684.71        1515.00        
  26       4               29714.71        30975.71        1261.00        
  44       4               30975.71        32285.71        1310.00        
  46       3               32285.71        34029.71        1744.00        
  19       4               34029.71        34942.71        913.00         
  17       4               35065.22        36844.22        1779.00        
  38       5               36844.22        38282.22        1438.00        
  24       3               38282.22        39784.22        1502.00        
  24       4               39784.22        41087.22        1303.00        
  4        2               41100.33        42008.33        908.00         
  42       2               42008.33        43226.33        1218.00        
  40       3               43226.33        44502.33        1276.00        
  7        6               44502.33        45951.33        1449.00        
  24       5               45951.33        47061.33        1110.00        

  机器利用率: 60.17% (忙碌时间: 28907.00 / 总时间: 48041.22)

离散机5:
工件号      工序号             开始时间            结束时间            加工时长           
--------------------------------------------------------------------------------
  48       2               15605.00        16604.00        999.00         
  10       3               16796.00        18240.00        1444.00        
  12       2               18240.00        19856.00        1616.00        
  10       5               19856.00        21426.00        1570.00        
  12       3               21426.00        22668.00        1242.00        
  8        3               22668.00        24404.00        1736.00        
  11       2               25297.71        26223.71        926.00         
  34       2               26223.71        27413.71        1190.00        
  34       3               27413.71        28810.71        1397.00        
  26       3               28810.71        29714.71        904.00         
  27       5               29714.71        31352.71        1638.00        
  26       5               31352.71        32468.71        1116.00        
  1        6               32468.71        33663.71        1195.00        
  11       4               33663.71        35227.71        1564.00        
  14       5               35227.71        36390.71        1163.00        
  7        4               36390.71        37451.71        1061.00        
  7        5               37451.71        38579.71        1128.00        
  43       6               38579.71        39697.71        1118.00        
  16       6               39697.71        41467.71        1770.00        
  5        3               41467.71        43037.71        1570.00        
  1        8               43037.71        44659.71        1622.00        
  17       7               44659.71        46107.71        1448.00        
  32       8               46107.71        47178.71        1071.00        

  机器利用率: 63.46% (忙碌时间: 30488.00 / 总时间: 48041.22)

离散机6:
工件号      工序号             开始时间            结束时间            加工时长           
--------------------------------------------------------------------------------
  21       2               15605.00        16595.00        990.00         
  9        3               16799.00        17714.00        915.00         
  13       2               20134.00        21532.00        1398.00        
  41       3               21837.00        23307.00        1470.00        
  19       3               27059.00        28183.00        1124.00        
  33       5               28812.00        30137.00        1325.00        
  46       2               30821.22        31825.22        1004.00        
  16       3               31918.22        33560.22        1642.00        
  43       5               33560.22        35198.22        1638.00        
  19       5               35198.22        36944.22        1746.00        
  32       7               36944.22        38190.22        1246.00        
  26       8               38279.22        39464.22        1185.00        
  37       9               39464.22        40768.22        1304.00        
  22       3               40768.22        42264.22        1496.00        
  14       8               42264.22        43485.22        1221.00        
  47       5               43522.22        44865.22        1343.00        
  22       4               44865.22        46089.22        1224.00        
  18       5               46089.22        47850.22        1761.00        

  机器利用率: 50.02% (忙碌时间: 24032.00 / 总时间: 48041.22)

离散机7:
工件号      工序号             开始时间            结束时间            加工时长           
--------------------------------------------------------------------------------
  32       2               20134.00        21348.00        1214.00        
  1        3               21462.00        23022.00        1560.00        
  1        4               23022.00        23972.00        950.00         
  37       4               23972.00        24949.00        977.00         
  26       2               25297.71        26810.71        1513.00        
  47       2               26810.71        28089.71        1279.00        
  32       4               28089.71        29812.71        1723.00        
  17       2               29812.71        31260.71        1448.00        
  6        2               31260.71        32858.71        1598.00        
  27       6               32858.71        33990.71        1132.00        
  41       7               33990.71        35613.71        1623.00        
  6        3               35613.71        36748.71        1135.00        
  16       5               36748.71        38249.71        1501.00        
  14       6               38249.71        39268.71        1019.00        
  1        7               39268.71        40392.71        1124.00        
  27       8               40392.71        41385.71        993.00         
  38       6               41385.71        43108.71        1723.00        
  16       7               43108.71        44038.71        930.00         
  31       4               44038.71        45422.71        1384.00        
  14       9               45422.71        46455.71        1033.00        
  47       7               46476.22        47522.22        1046.00        

  机器利用率: 56.00% (忙碌时间: 26905.00 / 总时间: 48041.22)

离散机8:
工件号      工序号             开始时间            结束时间            加工时长           
--------------------------------------------------------------------------------
  9        2               15605.00        16799.00        1194.00        
  25       2               16799.00        18103.00        1304.00        
  10       4               18240.00        19838.00        1598.00        
  27       2               20134.00        21100.00        966.00         
  7        2               21100.00        22842.00        1742.00        
  44       3               22940.00        24294.00        1354.00        
  13       3               24294.00        25435.00        1141.00        
  24       2               25435.00        27014.00        1579.00        
  1        5               27014.00        27928.00        914.00         
  37       5               27928.00        29377.00        1449.00        
  18       4               29377.00        30832.00        1455.00        
  7        3               30832.00        32060.00        1228.00        
  3        2               32060.00        33014.00        954.00         
  37       7               33014.00        33997.00        983.00         
  37       8               33997.00        35012.00        1015.00        
  3        3               35012.00        36244.00        1232.00        
  35       4               36244.00        37817.00        1573.00        
  17       5               37817.00        38932.00        1115.00        
  17       6               38932.00        39971.00        1039.00        
  14       7               39971.00        41238.00        1267.00        
  43       7               41238.00        42427.00        1189.00        
  4        3               42427.00        43937.00        1510.00        
  30       2               43937.00        44850.00        913.00         
  16       8               44850.00        45979.00        1129.00        
  38       7               45979.00        47243.00        1264.00        

  机器利用率: 64.75% (忙碌时间: 31107.00 / 总时间: 48041.22)

【打印批次详细信息】
----------------------------------------------------------------------------------------------------

打印机 1 (尺寸: 959.0 x 556.0 x 637.0):
--------------------------------------------------------------------------------
  批次 1: 零件数=8, 占用率=62.20%
    - 12: 尺寸 245.0 x 142.0 x 18.0
    - 48: 尺寸 102.0 x 126.0 x 18.0
    - 21: 尺寸 410.0 x 160.0 x 16.0
    - 10: 尺寸 194.0 x 138.0 x 15.0
    - 20: 尺寸 101.0 x 163.0 x 15.0
    - 45: 尺寸 180.0 x 148.0 x 18.0
    - 25: 尺寸 151.0 x 172.0 x 12.0
    - 9: 尺寸 414.0 x 296.0 x 23.0

打印机 2 (尺寸: 1065.0 x 543.0 x 602.0):
--------------------------------------------------------------------------------
  批次 1: 零件数=14, 占用率=82.31%
    - 15: 尺寸 124.0 x 241.0 x 103.0
    - 43: 尺寸 463.0 x 105.0 x 80.0
    - 14: 尺寸 219.0 x 111.0 x 57.0
    - 5: 尺寸 240.0 x 502.0 x 99.0
    - 6: 尺寸 108.0 x 111.0 x 38.0
    - 24: 尺寸 230.0 x 386.0 x 28.0
    - 26: 尺寸 134.0 x 125.0 x 33.0
    - 28: 尺寸 219.0 x 284.0 x 95.0
    - 2: 尺寸 101.0 x 127.0 x 90.0
    - 34: 尺寸 123.0 x 99.0 x 97.0
    - 47: 尺寸 119.0 x 192.0 x 44.0
    - 19: 尺寸 89.0 x 119.0 x 84.0
    - 0: 尺寸 52.0 x 104.0 x 52.0
    - 11: 尺寸 104.0 x 88.0 x 18.0

打印机 3 (尺寸: 1063.0 x 547.0 x 653.0):
--------------------------------------------------------------------------------
  批次 1: 零件数=10, 占用率=65.98%
    - 22: 尺寸 434.0 x 127.0 x 170.0
    - 16: 尺寸 355.0 x 156.0 x 162.0
    - 46: 尺寸 82.0 x 85.0 x 162.0
    - 30: 尺寸 186.0 x 281.0 x 147.0
    - 40: 尺寸 86.0 x 86.0 x 70.0
    - 38: 尺寸 96.0 x 138.0 x 154.0
    - 29: 尺寸 280.0 x 197.0 x 41.0
    - 36: 尺寸 101.0 x 153.0 x 109.0
    - 3: 尺寸 144.0 x 126.0 x 147.0
    - 31: 尺寸 493.0 x 212.0 x 153.0

打印机 4 (尺寸: 1129.0 x 587.0 x 561.0):
--------------------------------------------------------------------------------
  批次 1: 零件数=15, 占用率=73.87%
    - 13: 尺寸 121.0 x 152.0 x 48.0
    - 35: 尺寸 147.0 x 103.0 x 59.0
    - 1: 尺寸 156.0 x 100.0 x 15.0
    - 44: 尺寸 260.0 x 113.0 x 81.0
    - 32: 尺寸 277.0 x 302.0 x 45.0
    - 33: 尺寸 168.0 x 131.0 x 32.0
    - 17: 尺寸 142.0 x 214.0 x 63.0
    - 8: 尺寸 110.0 x 206.0 x 51.0
    - 18: 尺寸 271.0 x 316.0 x 78.0
    - 41: 尺寸 171.0 x 255.0 x 63.0
    - 27: 尺寸 119.0 x 217.0 x 31.0
    - 39: 尺寸 179.0 x 54.0 x 39.0
    - 7: 尺寸 88.0 x 70.0 x 31.0
    - 37: 尺寸 173.0 x 149.0 x 26.0
    - 23: 尺寸 350.0 x 159.0 x 46.0
  批次 2: 零件数=3, 占用率=70.74%
    - 42: 尺寸 755.0 x 256.0 x 39.0
    - 49: 尺寸 335.0 x 502.0 x 88.0
    - 4: 尺寸 756.0 x 142.0 x 77.0

════════════════════════════════════════════════════════════════
