════════════════════════════════════════════════════════════════
              Pareto前沿解集详细数据
════════════════════════════════════════════════════════════════

算例: J50P4B3D8_02
算法: NSGAII
运行次数: 4
解的数量: 13

----------------------------------------------------------------------------------------------------
序号       Cmax                 能耗(kWh)              装箱质量            批次数       
----------------------------------------------------------------------------------------------------
1        64042.34             521.77               0.4981          8         
2        61741.13             556.84               0.1005          9         
3        62691.34             523.13               0.4981          8         
4        62343.34             554.79               0.1005          9         
5        63368.34             521.78               0.4981          8         
6        61819.74             555.47               0.1005          9         
7        62341.74             554.93               0.1005          9         
8        62815.58             522.82               0.4981          8         
9        63002.34             522.30               0.4981          8         
10       63251.58             522.04               0.4981          8         
11       63125.34             522.21               0.4981          8         
12       62760.34             523.13               0.4981          8         
13       62776.34             522.99               0.4981          8         
----------------------------------------------------------------------------------------------------

统计信息:
  Cmax范围: [61741.13, 64042.34]
  能耗范围: [521.77, 556.84] kWh
  Cmax跨度: 2301.20 (3.59%)
  能耗跨度: 35.07 (6.30%)

════════════════════════════════════════════════════════════════
