════════════════════════════════════════════════════════════════
              Pareto前沿解集详细数据
════════════════════════════════════════════════════════════════

算例: J50P4B3D8_02
算法: NSGAII-Basic
运行次数: 7
解的数量: 13

----------------------------------------------------------------------------------------------------
序号       Cmax                 能耗(kWh)              装箱质量            批次数       
----------------------------------------------------------------------------------------------------
1        62080.92             610.87               0.6896          8         
2        58396.97             613.97               0.6896          8         
3        60922.92             611.14               0.6896          8         
4        59861.92             611.18               0.6896          8         
5        58614.97             612.75               0.6896          8         
6        59714.97             611.48               0.6896          8         
7        58868.92             612.37               0.6896          8         
8        59083.92             611.85               0.6896          8         
9        58589.97             613.31               0.6896          8         
10       60499.97             611.15               0.6896          8         
11       59180.97             611.83               0.6896          8         
12       58497.97             613.59               0.6896          8         
13       58560.92             613.52               0.6896          8         
----------------------------------------------------------------------------------------------------

统计信息:
  Cmax范围: [58396.97, 62080.92]
  能耗范围: [610.87, 613.97] kWh
  Cmax跨度: 3683.95 (5.93%)
  能耗跨度: 3.10 (0.51%)

════════════════════════════════════════════════════════════════
