════════════════════════════════════════════════════════════════
              最优Cmax解的详细调度记录
════════════════════════════════════════════════════════════════

【基本信息】
----------------------------------------------------------------------------------------------------
Cmax (最大完工时间): 36816.06
能耗: 115.96 kWh
装箱质量: 0.6185
批次总数: 3
工件数量: 10
机器数量: 5 (打印机:2, 批处理机:1, 离散机:2)

【染色体编码】
----------------------------------------------------------------------------------------------------
工序序列 (OS): [1, 2, 8, 7, 0, 3, 4, 6, 5, 9, 2, 1, 4, 7, 8, 9, 8, 8, 0, 8, 3, 5, 0, 7, 0, 9, 5, 1, 4, 4, 9, 2, 7, 0, 0, 2, 2, 9, 8, 8, 7, 4, 9, 2, 0, 1, 4, 9, 9, 2]
机器选择 (MS): [2, 2, 2, 1, 1, 2, 1, 2, 1, 1, 1, 2, 1, 2, 1, 2, 1, 1, 1, 1, 2, 1, 1, 1, 1, 1, 1, 1, 1, 2, 1, 1, 1, 2, 1, 2, 1, 1, 1, 1, 1, 1, 1, 1, 2, 2, 2, 1, 2, 1]

【零件加工顺序记录】
----------------------------------------------------------------------------------------------------
工件号      工序号             机器号             开始时间            结束时间            加工时长           
----------------------------------------------------------------------------------------------------

工件 0:
  0        0               打印机1            0.00            4716.41         4716.41        
  0        1               批处理机1           4716.41         5754.41         1038.00        
  0        2               离散机1            5754.41         6699.41         945.00         
  0        3               离散机2            8679.41         10130.41        1451.00        
  0        4               离散机2            10130.41        11337.41        1207.00        
  0        5               离散机2            14173.41        15182.41        1009.00        
  0        6               离散机1            15182.41        16520.41        1338.00        
  0        7               离散机2            16520.41        17547.41        1027.00        

工件 1:
  1        0               打印机2            0.00            18097.06        18097.06       
  1        1               批处理机1           18097.06        19135.06        1038.00        
  1        2               离散机1            20760.06        21668.06        908.00         
  1        3               离散机1            28641.06        30006.06        1365.00        
  1        4               离散机1            33144.06        34527.06        1383.00        

工件 2:
  2        0               打印机2            0.00            18097.06        18097.06       
  2        1               批处理机1           18097.06        19135.06        1038.00        
  2        2               离散机1            19135.06        20760.06        1625.00        
  2        3               离散机2            25479.06        26601.06        1122.00        
  2        4               离散机2            26601.06        28032.06        1431.00        
  2        5               离散机1            30997.06        32206.06        1209.00        
  2        6               离散机2            32787.06        34433.06        1646.00        
  2        7               离散机1            35708.06        36816.06        1108.00        

工件 3:
  3        0               打印机2            0.00            18097.06        18097.06       
  3        1               批处理机1           18097.06        19135.06        1038.00        
  3        2               离散机2            19135.06        20173.06        1038.00        

工件 4:
  4        0               打印机1            4716.41         19041.51        14325.10       
  4        1               批处理机1           19135.06        20173.06        1038.00        
  4        2               离散机1            21668.06        22913.06        1245.00        
  4        3               离散机2            23000.06        24418.06        1418.00        
  4        4               离散机1            30006.06        30997.06        991.00         
  4        5               离散机2            31197.06        32787.06        1590.00        
  4        6               离散机1            34527.06        35708.06        1181.00        

工件 5:
  5        0               打印机1            0.00            4716.41         4716.41        
  5        1               批处理机1           4716.41         5754.41         1038.00        
  5        2               离散机2            7294.41         8679.41         1385.00        
  5        3               离散机2            11337.41        13023.41        1686.00        

工件 6:
  6        0               打印机2            0.00            18097.06        18097.06       
  6        1               批处理机1           18097.06        19135.06        1038.00        

工件 7:
  7        0               打印机1            0.00            4716.41         4716.41        
  7        1               批处理机1           4716.41         5754.41         1038.00        
  7        2               离散机2            5754.41         7294.41         1540.00        
  7        3               离散机1            7294.41         8406.41         1112.00        
  7        4               离散机2            13023.41        14173.41        1150.00        
  7        5               离散机1            16520.41        17715.41        1195.00        

工件 8:
  8        0               打印机2            0.00            18097.06        18097.06       
  8        1               批处理机1           18097.06        19135.06        1038.00        
  8        2               离散机1            22913.06        24270.06        1357.00        
  8        3               离散机1            24270.06        25998.06        1728.00        
  8        4               离散机1            25998.06        27646.06        1648.00        
  8        5               离散机1            27646.06        28641.06        995.00         
  8        6               离散机2            28988.06        30086.06        1098.00        
  8        7               离散机2            30086.06        31197.06        1111.00        

工件 9:
  9        0               打印机1            4716.41         19041.51        14325.10       
  9        1               批处理机1           19135.06        20173.06        1038.00        
  9        2               离散机2            20173.06        21433.06        1260.00        
  9        3               离散机2            21433.06        23000.06        1567.00        
  9        4               离散机2            24418.06        25479.06        1061.00        
  9        5               离散机2            28032.06        28988.06        956.00         
  9        6               离散机1            32206.06        33144.06        938.00         
  9        7               离散机2            34433.06        35346.06        913.00         
  9        8               离散机2            35346.06        36781.06        1435.00        

【机器加工顺序记录】
----------------------------------------------------------------------------------------------------

打印机1:
工件号      工序号             开始时间            结束时间            加工时长           
--------------------------------------------------------------------------------
  0        0               0.00            4716.41         4716.41        
  5        0               0.00            4716.41         4716.41        
  7        0               0.00            4716.41         4716.41        
  4        0               4716.41         19041.51        14325.10       
  9        0               4716.41         19041.51        14325.10       

  机器利用率: 116.25% (忙碌时间: 42799.42 / 总时间: 36816.06)

打印机2:
工件号      工序号             开始时间            结束时间            加工时长           
--------------------------------------------------------------------------------
  1        0               0.00            18097.06        18097.06       
  2        0               0.00            18097.06        18097.06       
  3        0               0.00            18097.06        18097.06       
  6        0               0.00            18097.06        18097.06       
  8        0               0.00            18097.06        18097.06       

  机器利用率: 245.78% (忙碌时间: 90485.29 / 总时间: 36816.06)

批处理机1:
工件号      工序号             开始时间            结束时间            加工时长           
--------------------------------------------------------------------------------
  0        1               4716.41         5754.41         1038.00        
  5        1               4716.41         5754.41         1038.00        
  7        1               4716.41         5754.41         1038.00        
  1        1               18097.06        19135.06        1038.00        
  2        1               18097.06        19135.06        1038.00        
  3        1               18097.06        19135.06        1038.00        
  6        1               18097.06        19135.06        1038.00        
  8        1               18097.06        19135.06        1038.00        
  4        1               19135.06        20173.06        1038.00        
  9        1               19135.06        20173.06        1038.00        

  机器利用率: 28.19% (忙碌时间: 10380.00 / 总时间: 36816.06)

离散机1:
工件号      工序号             开始时间            结束时间            加工时长           
--------------------------------------------------------------------------------
  0        2               5754.41         6699.41         945.00         
  7        3               7294.41         8406.41         1112.00        
  0        6               15182.41        16520.41        1338.00        
  7        5               16520.41        17715.41        1195.00        
  2        2               19135.06        20760.06        1625.00        
  1        2               20760.06        21668.06        908.00         
  4        2               21668.06        22913.06        1245.00        
  8        2               22913.06        24270.06        1357.00        
  8        3               24270.06        25998.06        1728.00        
  8        4               25998.06        27646.06        1648.00        
  8        5               27646.06        28641.06        995.00         
  1        3               28641.06        30006.06        1365.00        
  4        4               30006.06        30997.06        991.00         
  2        5               30997.06        32206.06        1209.00        
  9        6               32206.06        33144.06        938.00         
  1        4               33144.06        34527.06        1383.00        
  4        6               34527.06        35708.06        1181.00        
  2        7               35708.06        36816.06        1108.00        

  机器利用率: 60.49% (忙碌时间: 22271.00 / 总时间: 36816.06)

离散机2:
工件号      工序号             开始时间            结束时间            加工时长           
--------------------------------------------------------------------------------
  7        2               5754.41         7294.41         1540.00        
  5        2               7294.41         8679.41         1385.00        
  0        3               8679.41         10130.41        1451.00        
  0        4               10130.41        11337.41        1207.00        
  5        3               11337.41        13023.41        1686.00        
  7        4               13023.41        14173.41        1150.00        
  0        5               14173.41        15182.41        1009.00        
  0        7               16520.41        17547.41        1027.00        
  3        2               19135.06        20173.06        1038.00        
  9        2               20173.06        21433.06        1260.00        
  9        3               21433.06        23000.06        1567.00        
  4        3               23000.06        24418.06        1418.00        
  9        4               24418.06        25479.06        1061.00        
  2        3               25479.06        26601.06        1122.00        
  2        4               26601.06        28032.06        1431.00        
  9        5               28032.06        28988.06        956.00         
  8        6               28988.06        30086.06        1098.00        
  8        7               30086.06        31197.06        1111.00        
  4        5               31197.06        32787.06        1590.00        
  2        6               32787.06        34433.06        1646.00        
  9        7               34433.06        35346.06        913.00         
  9        8               35346.06        36781.06        1435.00        

  机器利用率: 76.33% (忙碌时间: 28101.00 / 总时间: 36816.06)

【打印批次详细信息】
----------------------------------------------------------------------------------------------------

打印机 1 (尺寸: 1015.0 x 527.0 x 621.0):
--------------------------------------------------------------------------------
  批次 1: 零件数=3, 占用率=45.43%
    - 7: 尺寸 147.0 x 156.0 x 14.0
    - 0: 尺寸 436.0 x 338.0 x 13.0
    - 5: 尺寸 391.0 x 186.0 x 17.0
  批次 2: 零件数=2, 占用率=61.85%
    - 4: 尺寸 611.0 x 222.0 x 56.0
    - 9: 尺寸 673.0 x 290.0 x 47.0

打印机 2 (尺寸: 1127.0 x 467.0 x 616.0):
--------------------------------------------------------------------------------
  批次 1: 零件数=5, 占用率=67.92%
    - 1: 尺寸 98.0 x 158.0 x 90.0
    - 2: 尺寸 638.0 x 269.0 x 56.0
    - 8: 尺寸 303.0 x 96.0 x 59.0
    - 6: 尺寸 329.0 x 123.0 x 60.0
    - 3: 尺寸 444.0 x 227.0 x 68.0

════════════════════════════════════════════════════════════════
