════════════════════════════════════════════════════════════════
              Pareto前沿解集详细数据
════════════════════════════════════════════════════════════════

算例: J100P5B4D10_01
算法: NSGAII
运行次数: 10
解的数量: 11

----------------------------------------------------------------------------------------------------
序号       Cmax                 能耗(kWh)              装箱质量            批次数       
----------------------------------------------------------------------------------------------------
1        73210.32             887.69               0.2172          14        
2        77133.00             849.72               0.2172          14        
3        73448.00             871.87               0.2313          14        
4        73415.29             886.88               0.2172          14        
5        75969.00             857.66               0.2313          14        
6        74936.00             861.38               0.2313          14        
7        74914.82             863.23               0.2313          14        
8        73917.00             869.47               0.2172          14        
9        76573.00             851.63               0.2172          14        
10       76431.54             853.03               0.2172          14        
11       73794.00             869.77               0.2172          14        
----------------------------------------------------------------------------------------------------

统计信息:
  Cmax范围: [73210.32, 77133.00]
  能耗范围: [849.72, 887.69] kWh
  Cmax跨度: 3922.68 (5.09%)
  能耗跨度: 37.97 (4.28%)

════════════════════════════════════════════════════════════════
