════════════════════════════════════════════════════════════════
              最优Cmax解的详细调度记录
════════════════════════════════════════════════════════════════

【基本信息】
----------------------------------------------------------------------------------------------------
Cmax (最大完工时间): 52903.00
能耗: 492.72 kWh
装箱质量: 0.3589
批次总数: 5
工件数量: 50
机器数量: 14 (打印机:4, 批处理机:2, 离散机:8)

【染色体编码】
----------------------------------------------------------------------------------------------------
工序序列 (OS): [16, 18, 34, 35, 22, 46, 42, 26, 19, 32, 24, 23, 45, 31, 44, 14, 12, 30, 1, 3, 25, 5, 9, 39, 15, 21, 10, 43, 11, 36, 4, 20, 8, 2, 0, 27, 37, 49, 47, 6, 38, 40, 17, 48, 13, 33, 41, 29, 7, 28, 46, 6, 10, 24, 26, 17, 47, 27, 34, 38, 11, 14, 17, 1, 16, 41, 19, 37, 14, 31, 25, 27, 13, 27, 16, 22, 35, 13, 10, 32, 24, 26, 47, 46, 9, 44, 37, 13, 7, 14, 11, 2, 46, 35, 12, 43, 17, 47, 7, 6, 26, 14, 38, 20, 1, 34, 19, 18, 43, 3, 37, 18, 6, 31, 41, 32, 37, 38, 3, 17, 26, 38, 44, 38, 45, 7, 41, 10, 9, 19, 47, 37, 16, 4, 27, 41, 32, 21, 12, 37, 26, 46, 37, 43, 5, 41, 46, 11, 37, 27, 14, 22, 35, 27, 33, 24, 1, 17, 19, 26, 32, 16, 18, 33, 24, 14, 43, 32, 32, 1, 25, 26, 1, 39, 44, 34, 45, 34, 33, 16, 42, 15, 27, 30, 48, 43, 17, 32, 1, 46, 18, 4, 7, 38, 11, 10, 1, 1, 41, 47, 22, 40, 13, 5, 14, 44, 31, 8, 8, 33, 41, 46, 16, 26, 49, 16, 19, 47, 14, 7, 40, 43, 46, 41]
机器选择 (MS): [3, 2, 4, 4, 3, 4, 4, 2, 4, 1, 2, 1, 2, 3, 2, 2, 2, 4, 1, 4, 3, 2, 3, 1, 3, 2, 1, 4, 3, 3, 2, 3, 4, 4, 2, 2, 2, 2, 3, 2, 3, 2, 3, 4, 3, 2, 4, 2, 2, 4, 1, 1, 1, 2, 1, 2, 1, 2, 2, 3, 1, 1, 1, 1, 1, 1, 2, 2, 1, 1, 1, 3, 2, 1, 1, 2, 1, 2, 1, 1, 1, 1, 1, 1, 1, 3, 3, 2, 1, 1, 2, 1, 2, 1, 2, 1, 3, 1, 2, 3, 1, 1, 1, 3, 1, 2, 1, 2, 1, 1, 1, 1, 1, 1, 1, 3, 3, 1, 2, 2, 1, 1, 1, 2, 1, 1, 2, 3, 1, 1, 2, 2, 1, 2, 1, 1, 2, 1, 2, 1, 1, 2, 1, 1, 3, 2, 3, 1, 1, 2, 2, 3, 3, 1, 1, 1, 2, 2, 3, 3, 1, 3, 1, 1, 1, 3, 1, 2, 1, 1, 3, 2, 1, 3, 1, 3, 1, 2, 3, 1, 1, 1, 2, 1, 2, 1, 1, 2, 3, 3, 1, 1, 2, 2, 2, 1, 1, 1, 1, 2, 2, 2, 2, 2, 3, 1, 1, 2, 2, 1, 1, 1, 2, 1, 1, 1, 2, 1, 2, 1, 1, 1, 2, 1]

【零件加工顺序记录】
----------------------------------------------------------------------------------------------------
工件号      工序号             机器号             开始时间            结束时间            加工时长           
----------------------------------------------------------------------------------------------------

工件 0:
  0        0               打印机2            0.00            19389.57        19389.57       
  0        1               批处理机2           19389.57        20190.57        801.00         

工件 1:
  1        0               打印机1            0.00            29179.00        29179.00       
  1        1               批处理机2           29179.00        29980.00        801.00         
  1        2               离散机1            29980.00        31308.00        1328.00        
  1        3               离散机7            36345.22        37905.22        1560.00        
  1        4               离散机3            37988.00        38996.00        1008.00        
  1        5               离散机2            43989.00        44952.00        963.00         
  1        6               离散机5            45010.00        46205.00        1195.00        
  1        7               离散机7            46205.00        47329.00        1124.00        
  1        8               离散机5            47975.00        49597.00        1622.00        
  1        9               离散机4            49597.00        51265.00        1668.00        

工件 2:
  2        0               打印机4            0.00            38233.00        38233.00       
  2        1               批处理机2           38233.00        39034.00        801.00         
  2        2               离散机8            39034.00        39999.00        965.00         

工件 3:
  3        0               打印机4            0.00            38233.00        38233.00       
  3        1               批处理机2           38233.00        39034.00        801.00         
  3        2               离散机8            39999.00        40953.00        954.00         
  3        3               离散机5            41570.00        42602.00        1032.00        

工件 4:
  4        0               打印机2            19389.57        42957.71        23568.14       
  4        1               批处理机2           42957.71        43758.71        801.00         
  4        2               离散机4            46423.00        47331.00        908.00         
  4        3               离散机8            47381.00        48891.00        1510.00        

工件 5:
  5        0               打印机2            19389.57        42957.71        23568.14       
  5        1               批处理机2           42957.71        43758.71        801.00         
  5        2               离散机3            44893.00        46022.00        1129.00        
  5        3               离散机5            49597.00        51167.00        1570.00        

工件 6:
  6        0               打印机2            0.00            19389.57        19389.57       
  6        1               批处理机2           19389.57        20190.57        801.00         
  6        2               离散机7            20190.57        21788.57        1598.00        
  6        3               离散机7            24413.57        25548.57        1135.00        
  6        4               离散机4            25720.57        27064.57        1344.00        

工件 7:
  7        0               打印机2            0.00            19389.57        19389.57       
  7        1               批处理机2           19389.57        20190.57        801.00         
  7        2               离散机3            20190.57        21681.57        1491.00        
  7        3               离散机8            21769.57        22997.57        1228.00        
  7        4               离散机5            23160.57        24221.57        1061.00        
  7        5               离散机5            29028.57        30156.57        1128.00        
  7        6               离散机3            51340.00        52668.00        1328.00        

工件 8:
  8        0               打印机4            0.00            38233.00        38233.00       
  8        1               批处理机2           38233.00        39034.00        801.00         
  8        2               离散机3            48655.00        49630.00        975.00         
  8        3               离散机5            51167.00        52903.00        1736.00        

工件 9:
  9        0               打印机3            0.00            30020.22        30020.22       
  9        1               批处理机2           30020.22        30821.22        801.00         
  9        2               离散机8            32125.22        33319.22        1194.00        
  9        3               离散机6            33910.00        34825.00        915.00         

工件 10:
  10       0               打印机1            0.00            29179.00        29179.00       
  10       1               批处理机2           29179.00        29980.00        801.00         
  10       2               离散机3            29980.00        31171.00        1191.00        
  10       3               离散机5            32819.22        34263.22        1444.00        
  10       4               离散机4            36106.22        37617.22        1511.00        
  10       5               离散机1            48198.00        49126.00        928.00         

工件 11:
  11       0               打印机3            0.00            30020.22        30020.22       
  11       1               批处理机2           30020.22        30821.22        801.00         
  11       2               离散机5            30821.22        31747.22        926.00         
  11       3               离散机1            32453.00        33386.00        933.00         
  11       4               离散机5            35399.22        36963.22        1564.00        
  11       5               离散机1            42834.22        43852.22        1018.00        

工件 12:
  12       0               打印机2            0.00            19389.57        19389.57       
  12       1               批处理机2           19389.57        20190.57        801.00         
  12       2               离散机6            21724.57        23043.57        1319.00        
  12       3               离散机7            26697.57        28003.57        1306.00        

工件 13:
  13       0               打印机3            0.00            30020.22        30020.22       
  13       1               批处理机2           30020.22        30821.22        801.00         
  13       2               离散机5            31747.22        32819.22        1072.00        
  13       3               离散机3            33262.00        34389.00        1127.00        
  13       4               离散机3            34389.00        35425.00        1036.00        
  13       5               离散机8            36138.22        37641.22        1503.00        

工件 14:
  14       0               打印机2            0.00            19389.57        19389.57       
  14       1               批处理机2           19389.57        20190.57        801.00         
  14       2               离散机1            20190.57        21203.57        1013.00        
  14       3               离散机4            21203.57        22718.57        1515.00        
  14       4               离散机3            25732.57        26941.57        1209.00        
  14       5               离散机6            26941.57        28443.57        1502.00        
  14       6               离散机7            28443.57        29462.57        1019.00        
  14       7               离散机8            33319.22        34586.22        1267.00        
  14       8               离散机5            36963.22        38698.22        1735.00        
  14       9               离散机7            44243.22        45276.22        1033.00        

工件 15:
  15       0               打印机3            0.00            30020.22        30020.22       
  15       1               批处理机2           30020.22        30821.22        801.00         
  15       2               离散机6            34825.00        35970.00        1145.00        

工件 16:
  16       0               打印机3            0.00            30020.22        30020.22       
  16       1               批处理机2           30020.22        30821.22        801.00         
  16       2               离散机3            31171.00        32268.00        1097.00        
  16       3               离散机6            32268.00        33910.00        1642.00        
  16       4               离散机3            35425.00        36360.00        935.00         
  16       5               离散机7            39628.22        41129.22        1501.00        
  16       6               离散机5            46205.00        47975.00        1770.00        
  16       7               离散机7            48952.00        49882.00        930.00         
  16       8               离散机8            50155.00        51284.00        1129.00        

工件 17:
  17       0               打印机3            0.00            30020.22        30020.22       
  17       1               批处理机2           30020.22        30821.22        801.00         
  17       2               离散机7            30821.22        32269.22        1448.00        
  17       3               离散机2            32269.22        33244.22        975.00         
  17       4               离散机4            33244.22        35023.22        1779.00        
  17       5               离散机8            35023.22        36138.22        1115.00        
  17       6               离散机6            41342.00        43056.00        1714.00        
  17       7               离散机4            47331.00        48717.00        1386.00        

工件 18:
  18       0               打印机2            0.00            19389.57        19389.57       
  18       1               批处理机2           19389.57        20190.57        801.00         
  18       2               离散机2            21408.57        22359.57        951.00         
  18       3               离散机1            22359.57        24055.57        1696.00        
  18       4               离散机8            24055.57        25510.57        1455.00        
  18       5               离散机7            42865.22        44243.22        1378.00        

工件 19:
  19       0               打印机4            0.00            38233.00        38233.00       
  19       1               批处理机2           38233.00        39034.00        801.00         
  19       2               离散机2            41232.00        42260.00        1028.00        
  19       3               离散机4            43773.00        45510.00        1737.00        
  19       4               离散机4            45510.00        46423.00        913.00         
  19       5               离散机6            46423.00        48169.00        1746.00        
  19       6               离散机2            48344.00        49859.00        1515.00        

工件 20:
  20       0               打印机3            0.00            30020.22        30020.22       
  20       1               批处理机2           30020.22        30821.22        801.00         
  20       2               离散机2            30821.22        32141.22        1320.00        

工件 21:
  21       0               打印机2            0.00            19389.57        19389.57       
  21       1               批处理机2           19389.57        20190.57        801.00         
  21       2               离散机6            23043.57        24033.57        990.00         

工件 22:
  22       0               打印机3            0.00            30020.22        30020.22       
  22       1               批处理机2           30020.22        30821.22        801.00         
  22       2               离散机1            31308.00        32453.00        1145.00        
  22       3               离散机6            37449.22        38945.22        1496.00        
  22       4               离散机6            44600.00        45824.00        1224.00        

工件 23:
  23       0               打印机1            0.00            29179.00        29179.00       
  23       1               批处理机2           29179.00        29980.00        801.00         

工件 24:
  24       0               打印机2            0.00            19389.57        19389.57       
  24       1               批处理机2           19389.57        20190.57        801.00         
  24       2               离散机8            20190.57        21769.57        1579.00        
  24       3               离散机4            22718.57        24220.57        1502.00        
  24       4               离散机4            27064.57        28367.57        1303.00        
  24       5               离散机4            28367.57        29477.57        1110.00        

工件 25:
  25       0               打印机3            0.00            30020.22        30020.22       
  25       1               批处理机2           30020.22        30821.22        801.00         
  25       2               离散机8            30821.22        32125.22        1304.00        
  25       3               离散机3            38996.00        39993.00        997.00         

工件 26:
  26       0               打印机2            0.00            19389.57        19389.57       
  26       1               批处理机2           19389.57        20190.57        801.00         
  26       2               离散机7            21788.57        23301.57        1513.00        
  26       3               离散机3            24436.57        25732.57        1296.00        
  26       4               离散机1            25732.57        26817.57        1085.00        
  26       5               离散机5            26817.57        27933.57        1116.00        
  26       6               离散机1            27933.57        29039.57        1106.00        
  26       7               离散机2            29039.57        30524.57        1485.00        
  26       8               离散机6            30524.57        31709.57        1185.00        
  26       9               离散机2            34858.22        35825.22        967.00         

工件 27:
  27       0               打印机2            0.00            19389.57        19389.57       
  27       1               批处理机2           19389.57        20190.57        801.00         
  27       2               离散机6            20190.57        21724.57        1534.00        
  27       3               离散机3            21724.57        22804.57        1080.00        
  27       4               离散机3            22804.57        24436.57        1632.00        
  27       5               离散机5            24436.57        26074.57        1638.00        
  27       6               离散机2            26074.57        27620.57        1546.00        
  27       7               离散机8            28146.57        29491.57        1345.00        
  27       8               离散机7            29491.57        30484.57        993.00         

工件 28:
  28       0               打印机4            0.00            38233.00        38233.00       
  28       1               批处理机2           38233.00        39034.00        801.00         

工件 29:
  29       0               打印机2            19389.57        42957.71        23568.14       
  29       1               批处理机2           42957.71        43758.71        801.00         

工件 30:
  30       0               打印机4            0.00            38233.00        38233.00       
  30       1               批处理机2           38233.00        39034.00        801.00         
  30       2               离散机8            44670.00        45583.00        913.00         

工件 31:
  31       0               打印机3            0.00            30020.22        30020.22       
  31       1               批处理机2           30020.22        30821.22        801.00         
  31       2               离散机3            32268.00        33262.00        994.00         
  31       3               离散机5            34263.22        35399.22        1136.00        
  31       4               离散机8            37641.22        38936.22        1295.00        

工件 32:
  32       0               打印机1            0.00            29179.00        29179.00       
  32       1               批处理机2           29179.00        29980.00        801.00         
  32       2               离散机7            35131.22        36345.22        1214.00        
  32       3               离散机2            36345.22        37704.22        1359.00        
  32       4               离散机7            37905.22        39628.22        1723.00        
  32       5               离散机1            39628.22        41292.22        1664.00        
  32       6               离散机8            42405.00        43354.00        949.00         
  32       7               离散机6            43354.00        44600.00        1246.00        
  32       8               离散机8            45583.00        47381.00        1798.00        

工件 33:
  33       0               打印机2            0.00            19389.57        19389.57       
  33       1               批处理机2           19389.57        20190.57        801.00         
  33       2               离散机8            22997.57        23905.57        908.00         
  33       3               离散机1            24055.57        25309.57        1254.00        
  33       4               离散机5            27933.57        29028.57        1095.00        
  33       5               离散机6            29028.57        30353.57        1325.00        

工件 34:
  34       0               打印机4            0.00            38233.00        38233.00       
  34       1               批处理机2           38233.00        39034.00        801.00         
  34       2               离散机2            39034.00        40173.00        1139.00        
  34       3               离散机5            40173.00        41570.00        1397.00        
  34       4               离散机8            43354.00        44670.00        1316.00        
  34       5               离散机1            47257.00        48198.00        941.00         

工件 35:
  35       0               打印机4            0.00            38233.00        38233.00       
  35       1               批处理机2           38233.00        39034.00        801.00         
  35       2               离散机4            39034.00        40403.00        1369.00        
  35       3               离散机3            40403.00        41717.00        1314.00        
  35       4               离散机3            41717.00        43333.00        1616.00        

工件 36:
  36       0               打印机3            0.00            30020.22        30020.22       
  36       1               批处理机2           30020.22        30821.22        801.00         

工件 37:
  37       0               打印机2            0.00            19389.57        19389.57       
  37       1               批处理机2           19389.57        20190.57        801.00         
  37       2               离散机7            23301.57        24413.57        1112.00        
  37       3               离散机4            24413.57        25720.57        1307.00        
  37       4               离散机7            25720.57        26697.57        977.00         
  37       5               离散机8            26697.57        28146.57        1449.00        
  37       6               离散机3            28193.57        29557.57        1364.00        
  37       7               离散机8            29557.57        30540.57        983.00         
  37       8               离散机3            36360.00        37988.00        1628.00        
  37       9               离散机6            40038.00        41342.00        1304.00        

工件 38:
  38       0               打印机3            0.00            30020.22        30020.22       
  38       1               批处理机2           30020.22        30821.22        801.00         
  38       2               离散机7            33548.22        35131.22        1583.00        
  38       3               离散机1            35131.22        36064.22        933.00         
  38       4               离散机1            36064.22        37379.22        1315.00        
  38       5               离散机1            37379.22        39116.22        1737.00        
  38       6               离散机5            42602.00        43926.00        1324.00        
  38       7               离散机8            48891.00        50155.00        1264.00        

工件 39:
  39       0               打印机1            0.00            29179.00        29179.00       
  39       1               批处理机2           29179.00        29980.00        801.00         
  39       2               离散机7            41129.22        42865.22        1736.00        

工件 40:
  40       0               打印机2            0.00            19389.57        19389.57       
  40       1               批处理机2           19389.57        20190.57        801.00         
  40       2               离散机2            22359.57        23916.57        1557.00        
  40       3               离散机4            37617.22        38893.22        1276.00        

工件 41:
  41       0               打印机4            0.00            38233.00        38233.00       
  41       1               批处理机2           38233.00        39034.00        801.00         
  41       2               离散机2            40173.00        41232.00        1059.00        
  41       3               离散机8            41232.00        42405.00        1173.00        
  41       4               离散机5            43926.00        45010.00        1084.00        
  41       5               离散机2            45010.00        45938.00        928.00         
  41       6               离散机1            46242.00        47257.00        1015.00        
  41       7               离散机7            47329.00        48952.00        1623.00        
  41       8               离散机3            49630.00        51340.00        1710.00        
  41       9               离散机7            51340.00        52761.00        1421.00        

工件 42:
  42       0               打印机4            0.00            38233.00        38233.00       
  42       1               批处理机2           38233.00        39034.00        801.00         
  42       2               离散机1            41292.22        42834.22        1542.00        

工件 43:
  43       0               打印机4            0.00            38233.00        38233.00       
  43       1               批处理机2           38233.00        39034.00        801.00         
  43       2               离散机4            42147.00        43773.00        1626.00        
  43       3               离散机3            43773.00        44893.00        1120.00        
  43       4               离散机1            44896.00        46242.00        1346.00        
  43       5               离散机6            48169.00        49807.00        1638.00        
  43       6               离散机6            49807.00        50771.00        964.00         
  43       7               离散机8            51284.00        52473.00        1189.00        

工件 44:
  44       0               打印机2            0.00            19389.57        19389.57       
  44       1               批处理机2           19389.57        20190.57        801.00         
  44       2               离散机2            20190.57        21408.57        1218.00        
  44       3               离散机5            21408.57        23160.57        1752.00        
  44       4               离散机4            29477.57        30787.57        1310.00        
  44       5               离散机2            33244.22        34858.22        1614.00        

工件 45:
  45       0               打印机2            0.00            19389.57        19389.57       
  45       1               批处理机2           19389.57        20190.57        801.00         
  45       2               离散机3            26941.57        28193.57        1252.00        
  45       3               离散机4            30787.57        32439.57        1652.00        

工件 46:
  46       0               打印机4            0.00            38233.00        38233.00       
  46       1               批处理机2           38233.00        39034.00        801.00         
  46       2               离散机6            39034.00        40038.00        1004.00        
  46       3               离散机4            40403.00        42147.00        1744.00        
  46       4               离散机2            42260.00        43989.00        1729.00        
  46       5               离散机1            43989.00        44896.00        907.00         
  46       6               离散机3            46022.00        47297.00        1275.00        
  46       7               离散机3            47297.00        48655.00        1358.00        
  46       8               离散机1            49126.00        50245.00        1119.00        
  46       9               离散机1            50245.00        51221.00        976.00         

工件 47:
  47       0               打印机3            0.00            30020.22        30020.22       
  47       1               批处理机2           30020.22        30821.22        801.00         
  47       2               离散机7            32269.22        33548.22        1279.00        
  47       3               离散机1            33548.22        34852.22        1304.00        
  47       4               离散机4            35023.22        36106.22        1083.00        
  47       5               离散机6            36106.22        37449.22        1343.00        
  47       6               离散机2            45938.00        47377.00        1439.00        
  47       7               离散机7            49882.00        50928.00        1046.00        

工件 48:
  48       0               打印机4            0.00            38233.00        38233.00       
  48       1               批处理机2           38233.00        39034.00        801.00         
  48       2               离散机5            39034.00        40033.00        999.00         

工件 49:
  49       0               打印机2            19389.57        42957.71        23568.14       
  49       1               批处理机2           42957.71        43758.71        801.00         
  49       2               离散机2            47377.00        48344.00        967.00         

【机器加工顺序记录】
----------------------------------------------------------------------------------------------------

打印机1:
工件号      工序号             开始时间            结束时间            加工时长           
--------------------------------------------------------------------------------
  1        0               0.00            29179.00        29179.00       
  10       0               0.00            29179.00        29179.00       
  23       0               0.00            29179.00        29179.00       
  32       0               0.00            29179.00        29179.00       
  39       0               0.00            29179.00        29179.00       

  机器利用率: 275.78% (忙碌时间: 145895.00 / 总时间: 52903.00)

打印机2:
工件号      工序号             开始时间            结束时间            加工时长           
--------------------------------------------------------------------------------
  0        0               0.00            19389.57        19389.57       
  6        0               0.00            19389.57        19389.57       
  7        0               0.00            19389.57        19389.57       
  12       0               0.00            19389.57        19389.57       
  14       0               0.00            19389.57        19389.57       
  18       0               0.00            19389.57        19389.57       
  21       0               0.00            19389.57        19389.57       
  24       0               0.00            19389.57        19389.57       
  26       0               0.00            19389.57        19389.57       
  27       0               0.00            19389.57        19389.57       
  33       0               0.00            19389.57        19389.57       
  37       0               0.00            19389.57        19389.57       
  40       0               0.00            19389.57        19389.57       
  44       0               0.00            19389.57        19389.57       
  45       0               0.00            19389.57        19389.57       
  4        0               19389.57        42957.71        23568.14       
  5        0               19389.57        42957.71        23568.14       
  29       0               19389.57        42957.71        23568.14       
  49       0               19389.57        42957.71        23568.14       

  机器利用率: 727.97% (忙碌时间: 385116.14 / 总时间: 52903.00)

打印机3:
工件号      工序号             开始时间            结束时间            加工时长           
--------------------------------------------------------------------------------
  9        0               0.00            30020.22        30020.22       
  11       0               0.00            30020.22        30020.22       
  13       0               0.00            30020.22        30020.22       
  15       0               0.00            30020.22        30020.22       
  16       0               0.00            30020.22        30020.22       
  17       0               0.00            30020.22        30020.22       
  20       0               0.00            30020.22        30020.22       
  22       0               0.00            30020.22        30020.22       
  25       0               0.00            30020.22        30020.22       
  31       0               0.00            30020.22        30020.22       
  36       0               0.00            30020.22        30020.22       
  38       0               0.00            30020.22        30020.22       
  47       0               0.00            30020.22        30020.22       

  机器利用率: 737.70% (忙碌时间: 390262.83 / 总时间: 52903.00)

打印机4:
工件号      工序号             开始时间            结束时间            加工时长           
--------------------------------------------------------------------------------
  2        0               0.00            38233.00        38233.00       
  3        0               0.00            38233.00        38233.00       
  8        0               0.00            38233.00        38233.00       
  19       0               0.00            38233.00        38233.00       
  28       0               0.00            38233.00        38233.00       
  30       0               0.00            38233.00        38233.00       
  34       0               0.00            38233.00        38233.00       
  35       0               0.00            38233.00        38233.00       
  41       0               0.00            38233.00        38233.00       
  42       0               0.00            38233.00        38233.00       
  43       0               0.00            38233.00        38233.00       
  46       0               0.00            38233.00        38233.00       
  48       0               0.00            38233.00        38233.00       

  机器利用率: 939.51% (忙碌时间: 497029.00 / 总时间: 52903.00)

批处理机1:
工件号      工序号             开始时间            结束时间            加工时长           
--------------------------------------------------------------------------------

  机器利用率: 0.00% (忙碌时间: 0.00 / 总时间: 52903.00)

批处理机2:
工件号      工序号             开始时间            结束时间            加工时长           
--------------------------------------------------------------------------------
  0        1               19389.57        20190.57        801.00         
  6        1               19389.57        20190.57        801.00         
  7        1               19389.57        20190.57        801.00         
  12       1               19389.57        20190.57        801.00         
  14       1               19389.57        20190.57        801.00         
  18       1               19389.57        20190.57        801.00         
  21       1               19389.57        20190.57        801.00         
  24       1               19389.57        20190.57        801.00         
  26       1               19389.57        20190.57        801.00         
  27       1               19389.57        20190.57        801.00         
  33       1               19389.57        20190.57        801.00         
  37       1               19389.57        20190.57        801.00         
  40       1               19389.57        20190.57        801.00         
  44       1               19389.57        20190.57        801.00         
  45       1               19389.57        20190.57        801.00         
  1        1               29179.00        29980.00        801.00         
  10       1               29179.00        29980.00        801.00         
  23       1               29179.00        29980.00        801.00         
  32       1               29179.00        29980.00        801.00         
  39       1               29179.00        29980.00        801.00         
  9        1               30020.22        30821.22        801.00         
  11       1               30020.22        30821.22        801.00         
  13       1               30020.22        30821.22        801.00         
  15       1               30020.22        30821.22        801.00         
  16       1               30020.22        30821.22        801.00         
  17       1               30020.22        30821.22        801.00         
  20       1               30020.22        30821.22        801.00         
  22       1               30020.22        30821.22        801.00         
  25       1               30020.22        30821.22        801.00         
  31       1               30020.22        30821.22        801.00         
  36       1               30020.22        30821.22        801.00         
  38       1               30020.22        30821.22        801.00         
  47       1               30020.22        30821.22        801.00         
  2        1               38233.00        39034.00        801.00         
  3        1               38233.00        39034.00        801.00         
  8        1               38233.00        39034.00        801.00         
  19       1               38233.00        39034.00        801.00         
  28       1               38233.00        39034.00        801.00         
  30       1               38233.00        39034.00        801.00         
  34       1               38233.00        39034.00        801.00         
  35       1               38233.00        39034.00        801.00         
  41       1               38233.00        39034.00        801.00         
  42       1               38233.00        39034.00        801.00         
  43       1               38233.00        39034.00        801.00         
  46       1               38233.00        39034.00        801.00         
  48       1               38233.00        39034.00        801.00         
  4        1               42957.71        43758.71        801.00         
  5        1               42957.71        43758.71        801.00         
  29       1               42957.71        43758.71        801.00         
  49       1               42957.71        43758.71        801.00         

  机器利用率: 75.70% (忙碌时间: 40050.00 / 总时间: 52903.00)

离散机1:
工件号      工序号             开始时间            结束时间            加工时长           
--------------------------------------------------------------------------------
  14       2               20190.57        21203.57        1013.00        
  18       3               22359.57        24055.57        1696.00        
  33       3               24055.57        25309.57        1254.00        
  26       4               25732.57        26817.57        1085.00        
  26       6               27933.57        29039.57        1106.00        
  1        2               29980.00        31308.00        1328.00        
  22       2               31308.00        32453.00        1145.00        
  11       3               32453.00        33386.00        933.00         
  47       3               33548.22        34852.22        1304.00        
  38       3               35131.22        36064.22        933.00         
  38       4               36064.22        37379.22        1315.00        
  38       5               37379.22        39116.22        1737.00        
  32       5               39628.22        41292.22        1664.00        
  42       2               41292.22        42834.22        1542.00        
  11       5               42834.22        43852.22        1018.00        
  46       5               43989.00        44896.00        907.00         
  43       4               44896.00        46242.00        1346.00        
  41       6               46242.00        47257.00        1015.00        
  34       5               47257.00        48198.00        941.00         
  10       5               48198.00        49126.00        928.00         
  46       8               49126.00        50245.00        1119.00        
  46       9               50245.00        51221.00        976.00         

  机器利用率: 49.72% (忙碌时间: 26305.00 / 总时间: 52903.00)

离散机2:
工件号      工序号             开始时间            结束时间            加工时长           
--------------------------------------------------------------------------------
  44       2               20190.57        21408.57        1218.00        
  18       2               21408.57        22359.57        951.00         
  40       2               22359.57        23916.57        1557.00        
  27       6               26074.57        27620.57        1546.00        
  26       7               29039.57        30524.57        1485.00        
  20       2               30821.22        32141.22        1320.00        
  17       3               32269.22        33244.22        975.00         
  44       5               33244.22        34858.22        1614.00        
  26       9               34858.22        35825.22        967.00         
  32       3               36345.22        37704.22        1359.00        
  34       2               39034.00        40173.00        1139.00        
  41       2               40173.00        41232.00        1059.00        
  19       2               41232.00        42260.00        1028.00        
  46       4               42260.00        43989.00        1729.00        
  1        5               43989.00        44952.00        963.00         
  41       5               45010.00        45938.00        928.00         
  47       6               45938.00        47377.00        1439.00        
  49       2               47377.00        48344.00        967.00         
  19       6               48344.00        49859.00        1515.00        

  机器利用率: 44.91% (忙碌时间: 23759.00 / 总时间: 52903.00)

离散机3:
工件号      工序号             开始时间            结束时间            加工时长           
--------------------------------------------------------------------------------
  7        2               20190.57        21681.57        1491.00        
  27       3               21724.57        22804.57        1080.00        
  27       4               22804.57        24436.57        1632.00        
  26       3               24436.57        25732.57        1296.00        
  14       4               25732.57        26941.57        1209.00        
  45       2               26941.57        28193.57        1252.00        
  37       6               28193.57        29557.57        1364.00        
  10       2               29980.00        31171.00        1191.00        
  16       2               31171.00        32268.00        1097.00        
  31       2               32268.00        33262.00        994.00         
  13       3               33262.00        34389.00        1127.00        
  13       4               34389.00        35425.00        1036.00        
  16       4               35425.00        36360.00        935.00         
  37       8               36360.00        37988.00        1628.00        
  1        4               37988.00        38996.00        1008.00        
  25       3               38996.00        39993.00        997.00         
  35       3               40403.00        41717.00        1314.00        
  35       4               41717.00        43333.00        1616.00        
  43       3               43773.00        44893.00        1120.00        
  5        2               44893.00        46022.00        1129.00        
  46       6               46022.00        47297.00        1275.00        
  46       7               47297.00        48655.00        1358.00        
  8        2               48655.00        49630.00        975.00         
  41       8               49630.00        51340.00        1710.00        
  7        6               51340.00        52668.00        1328.00        

  机器利用率: 58.90% (忙碌时间: 31162.00 / 总时间: 52903.00)

离散机4:
工件号      工序号             开始时间            结束时间            加工时长           
--------------------------------------------------------------------------------
  14       3               21203.57        22718.57        1515.00        
  24       3               22718.57        24220.57        1502.00        
  37       3               24413.57        25720.57        1307.00        
  6        4               25720.57        27064.57        1344.00        
  24       4               27064.57        28367.57        1303.00        
  24       5               28367.57        29477.57        1110.00        
  44       4               29477.57        30787.57        1310.00        
  45       3               30787.57        32439.57        1652.00        
  17       4               33244.22        35023.22        1779.00        
  47       4               35023.22        36106.22        1083.00        
  10       4               36106.22        37617.22        1511.00        
  40       3               37617.22        38893.22        1276.00        
  35       2               39034.00        40403.00        1369.00        
  46       3               40403.00        42147.00        1744.00        
  43       2               42147.00        43773.00        1626.00        
  19       3               43773.00        45510.00        1737.00        
  19       4               45510.00        46423.00        913.00         
  4        2               46423.00        47331.00        908.00         
  17       7               47331.00        48717.00        1386.00        
  1        9               49597.00        51265.00        1668.00        

  机器利用率: 53.01% (忙碌时间: 28043.00 / 总时间: 52903.00)

离散机5:
工件号      工序号             开始时间            结束时间            加工时长           
--------------------------------------------------------------------------------
  44       3               21408.57        23160.57        1752.00        
  7        4               23160.57        24221.57        1061.00        
  27       5               24436.57        26074.57        1638.00        
  26       5               26817.57        27933.57        1116.00        
  33       4               27933.57        29028.57        1095.00        
  7        5               29028.57        30156.57        1128.00        
  11       2               30821.22        31747.22        926.00         
  13       2               31747.22        32819.22        1072.00        
  10       3               32819.22        34263.22        1444.00        
  31       3               34263.22        35399.22        1136.00        
  11       4               35399.22        36963.22        1564.00        
  14       8               36963.22        38698.22        1735.00        
  48       2               39034.00        40033.00        999.00         
  34       3               40173.00        41570.00        1397.00        
  3        3               41570.00        42602.00        1032.00        
  38       6               42602.00        43926.00        1324.00        
  41       4               43926.00        45010.00        1084.00        
  1        6               45010.00        46205.00        1195.00        
  16       6               46205.00        47975.00        1770.00        
  1        8               47975.00        49597.00        1622.00        
  5        3               49597.00        51167.00        1570.00        
  8        3               51167.00        52903.00        1736.00        

  机器利用率: 55.57% (忙碌时间: 29396.00 / 总时间: 52903.00)

离散机6:
工件号      工序号             开始时间            结束时间            加工时长           
--------------------------------------------------------------------------------
  27       2               20190.57        21724.57        1534.00        
  12       2               21724.57        23043.57        1319.00        
  21       2               23043.57        24033.57        990.00         
  14       5               26941.57        28443.57        1502.00        
  33       5               29028.57        30353.57        1325.00        
  26       8               30524.57        31709.57        1185.00        
  16       3               32268.00        33910.00        1642.00        
  9        3               33910.00        34825.00        915.00         
  15       2               34825.00        35970.00        1145.00        
  47       5               36106.22        37449.22        1343.00        
  22       3               37449.22        38945.22        1496.00        
  46       2               39034.00        40038.00        1004.00        
  37       9               40038.00        41342.00        1304.00        
  17       6               41342.00        43056.00        1714.00        
  32       7               43354.00        44600.00        1246.00        
  22       4               44600.00        45824.00        1224.00        
  19       5               46423.00        48169.00        1746.00        
  43       5               48169.00        49807.00        1638.00        
  43       6               49807.00        50771.00        964.00         

  机器利用率: 47.70% (忙碌时间: 25236.00 / 总时间: 52903.00)

离散机7:
工件号      工序号             开始时间            结束时间            加工时长           
--------------------------------------------------------------------------------
  6        2               20190.57        21788.57        1598.00        
  26       2               21788.57        23301.57        1513.00        
  37       2               23301.57        24413.57        1112.00        
  6        3               24413.57        25548.57        1135.00        
  37       4               25720.57        26697.57        977.00         
  12       3               26697.57        28003.57        1306.00        
  14       6               28443.57        29462.57        1019.00        
  27       8               29491.57        30484.57        993.00         
  17       2               30821.22        32269.22        1448.00        
  47       2               32269.22        33548.22        1279.00        
  38       2               33548.22        35131.22        1583.00        
  32       2               35131.22        36345.22        1214.00        
  1        3               36345.22        37905.22        1560.00        
  32       4               37905.22        39628.22        1723.00        
  16       5               39628.22        41129.22        1501.00        
  39       2               41129.22        42865.22        1736.00        
  18       5               42865.22        44243.22        1378.00        
  14       9               44243.22        45276.22        1033.00        
  1        7               46205.00        47329.00        1124.00        
  41       7               47329.00        48952.00        1623.00        
  16       7               48952.00        49882.00        930.00         
  47       7               49882.00        50928.00        1046.00        
  41       9               51340.00        52761.00        1421.00        

  机器利用率: 57.18% (忙碌时间: 30252.00 / 总时间: 52903.00)

离散机8:
工件号      工序号             开始时间            结束时间            加工时长           
--------------------------------------------------------------------------------
  24       2               20190.57        21769.57        1579.00        
  7        3               21769.57        22997.57        1228.00        
  33       2               22997.57        23905.57        908.00         
  18       4               24055.57        25510.57        1455.00        
  37       5               26697.57        28146.57        1449.00        
  27       7               28146.57        29491.57        1345.00        
  37       7               29557.57        30540.57        983.00         
  25       2               30821.22        32125.22        1304.00        
  9        2               32125.22        33319.22        1194.00        
  14       7               33319.22        34586.22        1267.00        
  17       5               35023.22        36138.22        1115.00        
  13       5               36138.22        37641.22        1503.00        
  31       4               37641.22        38936.22        1295.00        
  2        2               39034.00        39999.00        965.00         
  3        2               39999.00        40953.00        954.00         
  41       3               41232.00        42405.00        1173.00        
  32       6               42405.00        43354.00        949.00         
  34       4               43354.00        44670.00        1316.00        
  30       2               44670.00        45583.00        913.00         
  32       8               45583.00        47381.00        1798.00        
  4        3               47381.00        48891.00        1510.00        
  38       7               48891.00        50155.00        1264.00        
  16       8               50155.00        51284.00        1129.00        
  43       7               51284.00        52473.00        1189.00        

  机器利用率: 56.30% (忙碌时间: 29785.00 / 总时间: 52903.00)

【打印批次详细信息】
----------------------------------------------------------------------------------------------------

打印机 1 (尺寸: 959.0 x 556.0 x 637.0):
--------------------------------------------------------------------------------
  批次 1: 零件数=5, 占用率=35.89%
    - 32: 尺寸 277.0 x 302.0 x 45.0
    - 23: 尺寸 350.0 x 159.0 x 46.0
    - 1: 尺寸 156.0 x 100.0 x 15.0
    - 39: 尺寸 54.0 x 179.0 x 39.0
    - 10: 尺寸 194.0 x 138.0 x 15.0

打印机 2 (尺寸: 1065.0 x 543.0 x 602.0):
--------------------------------------------------------------------------------
  批次 1: 零件数=15, 占用率=82.39%
    - 18: 尺寸 316.0 x 271.0 x 78.0
    - 26: 尺寸 125.0 x 134.0 x 33.0
    - 24: 尺寸 386.0 x 230.0 x 28.0
    - 14: 尺寸 219.0 x 111.0 x 57.0
    - 27: 尺寸 217.0 x 119.0 x 31.0
    - 12: 尺寸 142.0 x 245.0 x 18.0
    - 45: 尺寸 148.0 x 180.0 x 18.0
    - 44: 尺寸 113.0 x 260.0 x 81.0
    - 0: 尺寸 52.0 x 104.0 x 52.0
    - 7: 尺寸 70.0 x 88.0 x 31.0
    - 37: 尺寸 173.0 x 149.0 x 26.0
    - 6: 尺寸 108.0 x 111.0 x 38.0
    - 40: 尺寸 86.0 x 86.0 x 70.0
    - 33: 尺寸 168.0 x 131.0 x 32.0
    - 21: 尺寸 410.0 x 160.0 x 16.0
  批次 2: 零件数=4, 占用率=78.02%
    - 5: 尺寸 502.0 x 240.0 x 99.0
    - 49: 尺寸 502.0 x 335.0 x 88.0
    - 29: 尺寸 280.0 x 197.0 x 41.0
    - 4: 尺寸 756.0 x 142.0 x 77.0

打印机 3 (尺寸: 1063.0 x 547.0 x 653.0):
--------------------------------------------------------------------------------
  批次 1: 零件数=13, 占用率=89.32%
    - 16: 尺寸 355.0 x 156.0 x 162.0
    - 22: 尺寸 434.0 x 127.0 x 170.0
    - 31: 尺寸 212.0 x 493.0 x 153.0
    - 25: 尺寸 151.0 x 172.0 x 12.0
    - 9: 尺寸 296.0 x 414.0 x 23.0
    - 15: 尺寸 124.0 x 241.0 x 103.0
    - 17: 尺寸 214.0 x 142.0 x 63.0
    - 11: 尺寸 88.0 x 104.0 x 18.0
    - 38: 尺寸 138.0 x 96.0 x 154.0
    - 47: 尺寸 192.0 x 119.0 x 44.0
    - 36: 尺寸 101.0 x 153.0 x 109.0
    - 20: 尺寸 163.0 x 101.0 x 15.0
    - 13: 尺寸 152.0 x 121.0 x 48.0

打印机 4 (尺寸: 1129.0 x 587.0 x 561.0):
--------------------------------------------------------------------------------
  批次 1: 零件数=13, 占用率=77.16%
    - 34: 尺寸 123.0 x 99.0 x 97.0
    - 35: 尺寸 147.0 x 103.0 x 59.0
    - 46: 尺寸 82.0 x 85.0 x 162.0
    - 42: 尺寸 755.0 x 256.0 x 39.0
    - 2: 尺寸 101.0 x 127.0 x 90.0
    - 19: 尺寸 119.0 x 89.0 x 84.0
    - 3: 尺寸 144.0 x 126.0 x 147.0
    - 8: 尺寸 110.0 x 206.0 x 51.0
    - 30: 尺寸 186.0 x 281.0 x 147.0
    - 43: 尺寸 463.0 x 105.0 x 80.0
    - 48: 尺寸 102.0 x 126.0 x 18.0
    - 41: 尺寸 255.0 x 171.0 x 63.0
    - 28: 尺寸 284.0 x 219.0 x 95.0

════════════════════════════════════════════════════════════════
