════════════════════════════════════════════════════════════════
              最优Cmax解的详细调度记录
════════════════════════════════════════════════════════════════

【基本信息】
----------------------------------------------------------------------------------------------------
Cmax (最大完工时间): 55851.08
能耗: 321.31 kWh
装箱质量: 0.4037
批次总数: 3
工件数量: 20
机器数量: 10 (打印机:3, 批处理机:2, 离散机:5)

【染色体编码】
----------------------------------------------------------------------------------------------------
工序序列 (OS): [5, 4, 13, 19, 3, 6, 17, 12, 2, 14, 8, 10, 0, 15, 1, 18, 9, 11, 16, 7, 3, 19, 19, 10, 11, 2, 17, 0, 3, 7, 7, 16, 15, 3, 7, 7, 16, 18, 14, 17, 3, 9, 1, 0, 5, 10, 9, 13, 1, 0, 9, 9, 3, 10, 11, 15, 11, 7, 17, 2, 0, 1, 16, 9, 10, 5, 11, 0, 4, 18, 5, 19, 16, 2, 16, 12, 19, 18, 1, 5, 2, 12, 10, 7, 11, 0, 9, 19, 10, 0, 14, 1, 4, 8, 9, 5, 4, 13, 8, 2, 2, 11, 19, 1, 8, 5, 5, 4, 18, 14, 8, 11, 18, 17, 15, 2, 11, 0, 10, 1, 9, 17, 4, 1]
机器选择 (MS): [1, 3, 1, 1, 3, 2, 2, 1, 2, 1, 3, 1, 1, 2, 3, 2, 1, 1, 3, 3, 1, 1, 3, 1, 1, 1, 2, 3, 2, 2, 2, 3, 1, 1, 1, 2, 1, 2, 2, 2, 1, 1, 2, 1, 1, 2, 1, 1, 1, 1, 1, 1, 3, 2, 2, 2, 1, 1, 2, 1, 3, 1, 1, 2, 1, 1, 1, 1, 1, 1, 1, 1, 2, 2, 1, 1, 2, 1, 1, 2, 1, 1, 1, 1, 1, 2, 3, 1, 3, 1, 3, 1, 1, 1, 3, 1, 1, 1, 1, 1, 1, 1, 3, 2, 2, 2, 1, 1, 1, 3, 1, 1, 1, 1, 1, 2, 3, 1, 1, 2, 2, 3, 1, 3]

【零件加工顺序记录】
----------------------------------------------------------------------------------------------------
工件号      工序号             机器号             开始时间            结束时间            加工时长           
----------------------------------------------------------------------------------------------------

工件 0:
  0        0               打印机1            0.00            16260.96        16260.96       
  0        1               批处理机2           16260.96        17360.96        1100.00        
  0        2               离散机1            18511.96        19626.96        1115.00        
  0        3               离散机1            21961.96        23655.96        1694.00        
  0        4               离散机5            23655.96        25386.96        1731.00        
  0        5               离散机1            25386.96        26558.96        1172.00        
  0        6               离散机1            26558.96        27531.96        973.00         
  0        7               离散机4            27531.96        28992.96        1461.00        
  0        8               离散机4            32697.58        33921.58        1224.00        
  0        9               离散机5            40575.58        41881.58        1306.00        

工件 1:
  1        0               打印机3            0.00            28859.58        28859.58       
  1        1               批处理机2           28859.58        29959.58        1100.00        
  1        2               离散机4            29959.58        31408.58        1449.00        
  1        3               离散机4            31408.58        32697.58        1289.00        
  1        4               离散机3            32697.58        33650.58        953.00         
  1        5               离散机5            33759.58        34772.58        1013.00        
  1        6               离散机2            35099.58        36616.58        1517.00        
  1        7               离散机5            37753.58        39085.58        1332.00        
  1        8               离散机3            41511.58        43257.58        1746.00        
  1        9               离散机5            45463.58        46544.58        1081.00        

工件 2:
  2        0               打印机2            0.00            45465.08        45465.08       
  2        1               批处理机2           45465.08        46565.08        1100.00        
  2        2               离散机1            46565.08        48132.08        1567.00        
  2        3               离散机4            48132.08        49430.08        1298.00        
  2        4               离散机3            49430.08        50671.08        1241.00        
  2        5               离散机3            50671.08        51810.08        1139.00        
  2        6               离散机5            51810.08        52965.08        1155.00        
  2        7               离散机3            52965.08        54428.08        1463.00        
  2        8               离散机5            54428.08        55851.08        1423.00        

工件 3:
  3        0               打印机3            0.00            28859.58        28859.58       
  3        1               批处理机2           28859.58        29959.58        1100.00        
  3        2               离散机1            29959.58        31050.58        1091.00        
  3        3               离散机2            31050.58        32653.58        1603.00        
  3        4               离散机5            32679.58        33759.58        1080.00        
  3        5               离散机4            36277.58        37603.58        1326.00        
  3        6               离散机1            37603.58        39194.58        1591.00        

工件 4:
  4        0               打印机3            0.00            28859.58        28859.58       
  4        1               批处理机2           28859.58        29959.58        1100.00        
  4        2               离散机2            33954.58        35099.58        1145.00        
  4        3               离散机1            35170.58        36864.58        1694.00        
  4        4               离散机3            38763.58        39821.58        1058.00        
  4        5               离散机2            40175.58        41334.58        1159.00        
  4        6               离散机5            44389.58        45463.58        1074.00        

工件 5:
  5        0               打印机1            0.00            16260.96        16260.96       
  5        1               批处理机2           16260.96        17360.96        1100.00        
  5        2               离散机4            18404.96        19321.96        917.00         
  5        3               离散机4            19321.96        20335.96        1014.00        
  5        4               离散机5            20923.96        21909.96        986.00         
  5        5               离散机4            23932.96        25087.96        1155.00        
  5        6               离散机1            39194.58        40305.58        1111.00        
  5        7               离散机3            40305.58        41511.58        1206.00        
  5        8               离散机1            42012.58        42994.58        982.00         

工件 6:
  6        0               打印机2            0.00            45465.08        45465.08       
  6        1               批处理机2           45465.08        46565.08        1100.00        

工件 7:
  7        0               打印机3            0.00            28859.58        28859.58       
  7        1               批处理机2           28859.58        29959.58        1100.00        
  7        2               离散机5            29959.58        31235.58        1276.00        
  7        3               离散机1            31235.58        32344.58        1109.00        
  7        4               离散机2            32653.58        33954.58        1301.00        
  7        5               离散机4            33954.58        34957.58        1003.00        
  7        6               离散机4            37603.58        39270.58        1667.00        
  7        7               离散机5            39270.58        40575.58        1305.00        

工件 8:
  8        0               打印机3            0.00            28859.58        28859.58       
  8        1               批处理机2           28859.58        29959.58        1100.00        
  8        2               离散机4            39270.58        40957.58        1687.00        
  8        3               离散机1            40957.58        42012.58        1055.00        
  8        4               离散机5            42012.58        43209.58        1197.00        
  8        5               离散机1            43209.58        44749.58        1540.00        

工件 9:
  9        0               打印机1            0.00            16260.96        16260.96       
  9        1               批处理机2           16260.96        17360.96        1100.00        
  9        2               离散机1            20692.96        21961.96        1269.00        
  9        3               离散机3            21961.96        22916.96        955.00         
  9        4               离散机4            22916.96        23932.96        1016.00        
  9        5               离散机5            25386.96        26598.96        1212.00        
  9        6               离散机2            26598.96        27623.96        1025.00        
  9        7               离散机3            27623.96        28965.96        1342.00        
  9        8               离散机2            28965.96        30299.96        1334.00        
  9        9               离散机1            44749.58        45655.58        906.00         

工件 10:
  10       0               打印机1            0.00            16260.96        16260.96       
  10       1               批处理机2           16260.96        17360.96        1100.00        
  10       2               离散机4            17360.96        18404.96        1044.00        
  10       3               离散机3            18404.96        19544.96        1140.00        
  10       4               离散机3            19544.96        20924.96        1380.00        
  10       5               离散机1            23655.96        24875.96        1220.00        
  10       6               离散机1            27531.96        28955.96        1424.00        
  10       7               离散机1            34122.58        35170.58        1048.00        
  10       8               离散机5            43209.58        44389.58        1180.00        

工件 11:
  11       0               打印机1            0.00            16260.96        16260.96       
  11       1               批处理机2           16260.96        17360.96        1100.00        
  11       2               离散机2            17360.96        18833.96        1473.00        
  11       3               离散机5            19532.96        20923.96        1391.00        
  11       4               离散机2            20923.96        22242.96        1319.00        
  11       5               离散机5            22242.96        23358.96        1116.00        
  11       6               离散机1            28955.96        29874.96        919.00         
  11       7               离散机5            34772.58        35898.58        1126.00        
  11       8               离散机2            36616.58        37664.58        1048.00        
  11       9               离散机4            42432.58        43941.58        1509.00        

工件 12:
  12       0               打印机1            0.00            16260.96        16260.96       
  12       1               批处理机2           16260.96        17360.96        1100.00        
  12       2               离散机2            22242.96        23937.96        1695.00        
  12       3               离散机4            25087.96        26400.96        1313.00        

工件 13:
  13       0               打印机1            0.00            16260.96        16260.96       
  13       1               批处理机2           16260.96        17360.96        1100.00        
  13       2               离散机2            18833.96        19958.96        1125.00        
  13       3               离散机5            27709.96        29369.96        1660.00        

工件 14:
  14       0               打印机1            0.00            16260.96        16260.96       
  14       1               批处理机2           16260.96        17360.96        1100.00        
  14       2               离散机1            19626.96        20692.96        1066.00        
  14       3               离散机3            22916.96        24284.96        1368.00        
  14       4               离散机3            24284.96        25498.96        1214.00        

工件 15:
  15       0               打印机2            0.00            45465.08        45465.08       
  15       1               批处理机2           45465.08        46565.08        1100.00        
  15       2               离散机1            48132.08        49536.08        1404.00        
  15       3               离散机2            49536.08        50766.08        1230.00        
  15       4               离散机4            50812.08        52143.08        1331.00        

工件 16:
  16       0               打印机3            0.00            28859.58        28859.58       
  16       1               批处理机2           28859.58        29959.58        1100.00        
  16       2               离散机5            31235.58        32679.58        1444.00        
  16       3               离散机4            34957.58        36277.58        1320.00        
  16       4               离散机5            36277.58        37753.58        1476.00        
  16       5               离散机3            37753.58        38763.58        1010.00        
  16       6               离散机2            38763.58        40175.58        1412.00        

工件 17:
  17       0               打印机2            0.00            45465.08        45465.08       
  17       1               批处理机2           45465.08        46565.08        1100.00        
  17       2               离散机2            46565.08        48031.08        1466.00        
  17       3               离散机5            48142.08        49499.08        1357.00        
  17       4               离散机5            49499.08        51100.08        1601.00        
  17       5               离散机2            51853.08        53173.08        1320.00        
  17       6               离散机3            54428.08        55683.08        1255.00        

工件 18:
  18       0               打印机2            0.00            45465.08        45465.08       
  18       1               批处理机2           45465.08        46565.08        1100.00        
  18       2               离散机5            46565.08        48142.08        1577.00        
  18       3               离散机4            49430.08        50812.08        1382.00        
  18       4               离散机2            50812.08        51853.08        1041.00        
  18       5               离散机5            52965.08        54061.08        1096.00        
  18       6               离散机4            54061.08        55651.08        1590.00        

工件 19:
  19       0               打印机1            0.00            16260.96        16260.96       
  19       1               批处理机2           16260.96        17360.96        1100.00        
  19       2               离散机1            17360.96        18511.96        1151.00        
  19       3               离散机5            18511.96        19532.96        1021.00        
  19       4               离散机2            19958.96        20916.96        958.00         
  19       5               离散机5            26598.96        27709.96        1111.00        
  19       6               离散机1            32344.58        34122.58        1778.00        
  19       7               离散机4            40957.58        42432.58        1475.00        

【机器加工顺序记录】
----------------------------------------------------------------------------------------------------

打印机1:
工件号      工序号             开始时间            结束时间            加工时长           
--------------------------------------------------------------------------------
  0        0               0.00            16260.96        16260.96       
  5        0               0.00            16260.96        16260.96       
  9        0               0.00            16260.96        16260.96       
  10       0               0.00            16260.96        16260.96       
  11       0               0.00            16260.96        16260.96       
  12       0               0.00            16260.96        16260.96       
  13       0               0.00            16260.96        16260.96       
  14       0               0.00            16260.96        16260.96       
  19       0               0.00            16260.96        16260.96       

  机器利用率: 262.03% (忙碌时间: 146348.61 / 总时间: 55851.08)

打印机2:
工件号      工序号             开始时间            结束时间            加工时长           
--------------------------------------------------------------------------------
  2        0               0.00            45465.08        45465.08       
  6        0               0.00            45465.08        45465.08       
  15       0               0.00            45465.08        45465.08       
  17       0               0.00            45465.08        45465.08       
  18       0               0.00            45465.08        45465.08       

  机器利用率: 407.02% (忙碌时间: 227325.42 / 总时间: 55851.08)

打印机3:
工件号      工序号             开始时间            结束时间            加工时长           
--------------------------------------------------------------------------------
  1        0               0.00            28859.58        28859.58       
  3        0               0.00            28859.58        28859.58       
  4        0               0.00            28859.58        28859.58       
  7        0               0.00            28859.58        28859.58       
  8        0               0.00            28859.58        28859.58       
  16       0               0.00            28859.58        28859.58       

  机器利用率: 310.03% (忙碌时间: 173157.46 / 总时间: 55851.08)

批处理机1:
工件号      工序号             开始时间            结束时间            加工时长           
--------------------------------------------------------------------------------

  机器利用率: 0.00% (忙碌时间: 0.00 / 总时间: 55851.08)

批处理机2:
工件号      工序号             开始时间            结束时间            加工时长           
--------------------------------------------------------------------------------
  0        1               16260.96        17360.96        1100.00        
  5        1               16260.96        17360.96        1100.00        
  9        1               16260.96        17360.96        1100.00        
  10       1               16260.96        17360.96        1100.00        
  11       1               16260.96        17360.96        1100.00        
  12       1               16260.96        17360.96        1100.00        
  13       1               16260.96        17360.96        1100.00        
  14       1               16260.96        17360.96        1100.00        
  19       1               16260.96        17360.96        1100.00        
  1        1               28859.58        29959.58        1100.00        
  3        1               28859.58        29959.58        1100.00        
  4        1               28859.58        29959.58        1100.00        
  7        1               28859.58        29959.58        1100.00        
  8        1               28859.58        29959.58        1100.00        
  16       1               28859.58        29959.58        1100.00        
  2        1               45465.08        46565.08        1100.00        
  6        1               45465.08        46565.08        1100.00        
  15       1               45465.08        46565.08        1100.00        
  17       1               45465.08        46565.08        1100.00        
  18       1               45465.08        46565.08        1100.00        

  机器利用率: 39.39% (忙碌时间: 22000.00 / 总时间: 55851.08)

离散机1:
工件号      工序号             开始时间            结束时间            加工时长           
--------------------------------------------------------------------------------
  19       2               17360.96        18511.96        1151.00        
  0        2               18511.96        19626.96        1115.00        
  14       2               19626.96        20692.96        1066.00        
  9        2               20692.96        21961.96        1269.00        
  0        3               21961.96        23655.96        1694.00        
  10       5               23655.96        24875.96        1220.00        
  0        5               25386.96        26558.96        1172.00        
  0        6               26558.96        27531.96        973.00         
  10       6               27531.96        28955.96        1424.00        
  11       6               28955.96        29874.96        919.00         
  3        2               29959.58        31050.58        1091.00        
  7        3               31235.58        32344.58        1109.00        
  19       6               32344.58        34122.58        1778.00        
  10       7               34122.58        35170.58        1048.00        
  4        3               35170.58        36864.58        1694.00        
  3        6               37603.58        39194.58        1591.00        
  5        6               39194.58        40305.58        1111.00        
  8        3               40957.58        42012.58        1055.00        
  5        8               42012.58        42994.58        982.00         
  8        5               43209.58        44749.58        1540.00        
  9        9               44749.58        45655.58        906.00         
  2        2               46565.08        48132.08        1567.00        
  15       2               48132.08        49536.08        1404.00        

  机器利用率: 51.71% (忙碌时间: 28879.00 / 总时间: 55851.08)

离散机2:
工件号      工序号             开始时间            结束时间            加工时长           
--------------------------------------------------------------------------------
  11       2               17360.96        18833.96        1473.00        
  13       2               18833.96        19958.96        1125.00        
  19       4               19958.96        20916.96        958.00         
  11       4               20923.96        22242.96        1319.00        
  12       2               22242.96        23937.96        1695.00        
  9        6               26598.96        27623.96        1025.00        
  9        8               28965.96        30299.96        1334.00        
  3        3               31050.58        32653.58        1603.00        
  7        4               32653.58        33954.58        1301.00        
  4        2               33954.58        35099.58        1145.00        
  1        6               35099.58        36616.58        1517.00        
  11       8               36616.58        37664.58        1048.00        
  16       6               38763.58        40175.58        1412.00        
  4        5               40175.58        41334.58        1159.00        
  17       2               46565.08        48031.08        1466.00        
  15       3               49536.08        50766.08        1230.00        
  18       4               50812.08        51853.08        1041.00        
  17       5               51853.08        53173.08        1320.00        

  机器利用率: 41.49% (忙碌时间: 23171.00 / 总时间: 55851.08)

离散机3:
工件号      工序号             开始时间            结束时间            加工时长           
--------------------------------------------------------------------------------
  10       3               18404.96        19544.96        1140.00        
  10       4               19544.96        20924.96        1380.00        
  9        3               21961.96        22916.96        955.00         
  14       3               22916.96        24284.96        1368.00        
  14       4               24284.96        25498.96        1214.00        
  9        7               27623.96        28965.96        1342.00        
  1        4               32697.58        33650.58        953.00         
  16       5               37753.58        38763.58        1010.00        
  4        4               38763.58        39821.58        1058.00        
  5        7               40305.58        41511.58        1206.00        
  1        8               41511.58        43257.58        1746.00        
  2        4               49430.08        50671.08        1241.00        
  2        5               50671.08        51810.08        1139.00        
  2        7               52965.08        54428.08        1463.00        
  17       6               54428.08        55683.08        1255.00        

  机器利用率: 33.07% (忙碌时间: 18470.00 / 总时间: 55851.08)

离散机4:
工件号      工序号             开始时间            结束时间            加工时长           
--------------------------------------------------------------------------------
  10       2               17360.96        18404.96        1044.00        
  5        2               18404.96        19321.96        917.00         
  5        3               19321.96        20335.96        1014.00        
  9        4               22916.96        23932.96        1016.00        
  5        5               23932.96        25087.96        1155.00        
  12       3               25087.96        26400.96        1313.00        
  0        7               27531.96        28992.96        1461.00        
  1        2               29959.58        31408.58        1449.00        
  1        3               31408.58        32697.58        1289.00        
  0        8               32697.58        33921.58        1224.00        
  7        5               33954.58        34957.58        1003.00        
  16       3               34957.58        36277.58        1320.00        
  3        5               36277.58        37603.58        1326.00        
  7        6               37603.58        39270.58        1667.00        
  8        2               39270.58        40957.58        1687.00        
  19       7               40957.58        42432.58        1475.00        
  11       9               42432.58        43941.58        1509.00        
  2        3               48132.08        49430.08        1298.00        
  18       3               49430.08        50812.08        1382.00        
  15       4               50812.08        52143.08        1331.00        
  18       6               54061.08        55651.08        1590.00        

  机器利用率: 49.18% (忙碌时间: 27470.00 / 总时间: 55851.08)

离散机5:
工件号      工序号             开始时间            结束时间            加工时长           
--------------------------------------------------------------------------------
  19       3               18511.96        19532.96        1021.00        
  11       3               19532.96        20923.96        1391.00        
  5        4               20923.96        21909.96        986.00         
  11       5               22242.96        23358.96        1116.00        
  0        4               23655.96        25386.96        1731.00        
  9        5               25386.96        26598.96        1212.00        
  19       5               26598.96        27709.96        1111.00        
  13       3               27709.96        29369.96        1660.00        
  7        2               29959.58        31235.58        1276.00        
  16       2               31235.58        32679.58        1444.00        
  3        4               32679.58        33759.58        1080.00        
  1        5               33759.58        34772.58        1013.00        
  11       7               34772.58        35898.58        1126.00        
  16       4               36277.58        37753.58        1476.00        
  1        7               37753.58        39085.58        1332.00        
  7        7               39270.58        40575.58        1305.00        
  0        9               40575.58        41881.58        1306.00        
  8        4               42012.58        43209.58        1197.00        
  10       8               43209.58        44389.58        1180.00        
  4        6               44389.58        45463.58        1074.00        
  1        9               45463.58        46544.58        1081.00        
  18       2               46565.08        48142.08        1577.00        
  17       3               48142.08        49499.08        1357.00        
  17       4               49499.08        51100.08        1601.00        
  2        6               51810.08        52965.08        1155.00        
  18       5               52965.08        54061.08        1096.00        
  2        8               54428.08        55851.08        1423.00        

  机器利用率: 61.46% (忙碌时间: 34327.00 / 总时间: 55851.08)

【打印批次详细信息】
----------------------------------------------------------------------------------------------------

打印机 1 (尺寸: 845.0 x 507.0 x 542.0):
--------------------------------------------------------------------------------
  批次 1: 零件数=9, 占用率=72.61%
    - 5: 尺寸 100.0 x 89.0 x 64.0
    - 0: 尺寸 676.0 x 234.0 x 22.0
    - 13: 尺寸 73.0 x 78.0 x 24.0
    - 14: 尺寸 81.0 x 159.0 x 15.0
    - 19: 尺寸 212.0 x 119.0 x 92.0
    - 12: 尺寸 110.0 x 136.0 x 21.0
    - 10: 尺寸 107.0 x 71.0 x 13.0
    - 11: 尺寸 322.0 x 179.0 x 91.0
    - 9: 尺寸 111.0 x 180.0 x 90.0

打印机 2 (尺寸: 833.0 x 577.0 x 594.0):
--------------------------------------------------------------------------------
  批次 1: 零件数=5, 占用率=40.37%
    - 6: 尺寸 57.0 x 141.0 x 46.0
    - 15: 尺寸 742.0 x 140.0 x 188.0
    - 17: 尺寸 184.0 x 118.0 x 187.0
    - 2: 尺寸 347.0 x 98.0 x 140.0
    - 18: 尺寸 197.0 x 134.0 x 133.0

打印机 3 (尺寸: 926.0 x 501.0 x 541.0):
--------------------------------------------------------------------------------
  批次 1: 零件数=6, 占用率=53.39%
    - 4: 尺寸 170.0 x 137.0 x 29.0
    - 3: 尺寸 547.0 x 155.0 x 80.0
    - 8: 尺寸 85.0 x 119.0 x 26.0
    - 7: 尺寸 56.0 x 109.0 x 47.0
    - 16: 尺寸 183.0 x 317.0 x 84.0
    - 1: 尺寸 268.0 x 244.0 x 21.0

════════════════════════════════════════════════════════════════
