════════════════════════════════════════════════════════════════
              最优Cmax解的详细调度记录
════════════════════════════════════════════════════════════════

【基本信息】
----------------------------------------------------------------------------------------------------
Cmax (最大完工时间): 38399.86
能耗: 227.66 kWh
装箱质量: 0.5846
批次总数: 3
工件数量: 20
机器数量: 10 (打印机:3, 批处理机:2, 离散机:5)

【染色体编码】
----------------------------------------------------------------------------------------------------
工序序列 (OS): [5, 16, 19, 2, 14, 1, 11, 0, 18, 3, 6, 17, 15, 10, 4, 7, 8, 13, 9, 12, 11, 6, 3, 14, 19, 0, 9, 7, 0, 14, 17, 4, 8, 1, 8, 0, 13, 13, 14, 6, 16, 11, 16, 6, 18, 1, 17, 9, 4, 7, 10, 1, 17, 3, 11, 17, 14, 4, 2, 14, 18, 6, 6, 8, 0, 17, 11, 9, 0, 1, 3, 11, 1, 16, 0, 14, 13, 4, 8, 4, 14, 13, 11, 0, 3, 3, 17, 4, 2, 16, 11, 4, 3, 2, 7, 4, 8, 0, 13]
机器选择 (MS): [3, 3, 2, 3, 1, 1, 1, 1, 3, 1, 2, 3, 2, 3, 2, 1, 2, 2, 3, 3, 1, 1, 1, 1, 2, 3, 2, 1, 2, 2, 1, 2, 1, 2, 1, 1, 1, 1, 1, 1, 1, 1, 1, 2, 2, 1, 1, 1, 1, 2, 2, 2, 2, 1, 1, 2, 2, 1, 1, 1, 1, 1, 1, 2, 1, 1, 1, 1, 1, 2, 2, 3, 1, 1, 2, 1, 2, 1, 3, 2, 2, 1, 1, 2, 1, 3, 1, 2, 2, 2, 1, 3, 1, 1, 2, 2, 2, 1, 3]

【零件加工顺序记录】
----------------------------------------------------------------------------------------------------
工件号      工序号             机器号             开始时间            结束时间            加工时长           
----------------------------------------------------------------------------------------------------

工件 0:
  0        0               打印机1            0.00            20137.00        20137.00       
  0        1               批处理机2           20137.00        21232.00        1095.00        
  0        2               离散机1            21232.00        22308.00        1076.00        
  0        3               离散机4            22589.00        23733.00        1144.00        
  0        4               离散机5            23733.00        25085.00        1352.00        
  0        5               离散机4            26439.00        27377.00        938.00         
  0        6               离散机3            28184.00        29611.00        1427.00        
  0        7               离散机5            32153.86        33103.86        950.00         
  0        8               离散机4            34469.86        35521.86        1052.00        
  0        9               离散机3            36982.86        38175.86        1193.00        

工件 1:
  1        0               打印机1            0.00            20137.00        20137.00       
  1        1               批处理机2           20137.00        21232.00        1095.00        
  1        2               离散机5            21232.00        22493.00        1261.00        
  1        3               离散机5            22493.00        23419.00        926.00         
  1        4               离散机1            23703.00        25471.00        1768.00        
  1        5               离散机5            26140.00        27061.00        921.00         
  1        6               离散机1            27241.00        28369.00        1128.00        

工件 2:
  2        0               打印机3            0.00            28723.86        28723.86       
  2        1               批处理机2           28723.86        29818.86        1095.00        
  2        2               离散机4            31875.86        33448.86        1573.00        
  2        3               离散机1            35376.86        36533.86        1157.00        
  2        4               离散机2            37067.86        38038.86        971.00         

工件 3:
  3        0               打印机1            0.00            20137.00        20137.00       
  3        1               批处理机2           20137.00        21232.00        1095.00        
  3        2               离散机3            21232.00        22807.00        1575.00        
  3        3               离散机4            24639.00        26439.00        1800.00        
  3        4               离散机5            27061.00        28625.00        1564.00        
  3        5               离散机1            32565.86        33591.86        1026.00        
  3        6               离散机1            33591.86        35376.86        1785.00        
  3        7               离散机4            35521.86        37187.86        1666.00        

工件 4:
  4        0               打印机2            0.00            7029.70         7029.70        
  4        1               批处理机2           7029.70         8124.70         1095.00        
  4        2               离散机1            8124.70         9710.70         1586.00        
  4        3               离散机3            10993.70        12658.70        1665.00        
  4        4               离散机3            12658.70        14217.70        1559.00        
  4        5               离散机2            14217.70        15506.70        1289.00        
  4        6               离散机1            15506.70        17120.70        1614.00        
  4        7               离散机5            17120.70        18025.70        905.00         
  4        8               离散机1            18029.70        19431.70        1402.00        
  4        9               离散机3            19431.70        21029.70        1598.00        

工件 5:
  5        0               打印机3            0.00            28723.86        28723.86       
  5        1               批处理机2           28723.86        29818.86        1095.00        

工件 6:
  6        0               打印机2            0.00            7029.70         7029.70        
  6        1               批处理机2           7029.70         8124.70         1095.00        
  6        2               离散机5            8124.70         9171.70         1047.00        
  6        3               离散机3            9312.70         10993.70        1681.00        
  6        4               离散机4            10993.70        12437.70        1444.00        
  6        5               离散机1            12603.70        13929.70        1326.00        
  6        6               离散机3            14217.70        15495.70        1278.00        

工件 7:
  7        0               打印机1            0.00            20137.00        20137.00       
  7        1               批处理机2           20137.00        21232.00        1095.00        
  7        2               离散机3            22807.00        24503.00        1696.00        
  7        3               离散机5            25085.00        26140.00        1055.00        
  7        4               离散机5            34271.86        35708.86        1437.00        

工件 8:
  8        0               打印机2            0.00            7029.70         7029.70        
  8        1               批处理机2           7029.70         8124.70         1095.00        
  8        2               离散机1            9710.70         10939.70        1229.00        
  8        3               离散机2            10939.70        12049.70        1110.00        
  8        4               离散机5            12049.70        13677.70        1628.00        
  8        5               离散机2            15506.70        16423.70        917.00         
  8        6               离散机3            16423.70        18161.70        1738.00        

工件 9:
  9        0               打印机3            0.00            28723.86        28723.86       
  9        1               批处理机2           28723.86        29818.86        1095.00        
  9        2               离散机2            29818.86        31390.86        1572.00        
  9        3               离散机2            31390.86        32763.86        1373.00        
  9        4               离散机3            34021.86        35731.86        1710.00        

工件 10:
  10       0               打印机3            0.00            28723.86        28723.86       
  10       1               批处理机2           28723.86        29818.86        1095.00        
  10       2               离散机4            30857.86        31875.86        1018.00        

工件 11:
  11       0               打印机1            0.00            20137.00        20137.00       
  11       1               批处理机2           20137.00        21232.00        1095.00        
  11       2               离散机2            21232.00        22638.00        1406.00        
  11       3               离散机1            22638.00        23703.00        1065.00        
  11       4               离散机3            25804.00        27186.00        1382.00        
  11       5               离散机3            27186.00        28184.00        998.00         
  11       6               离散机5            28625.00        29723.00        1098.00        
  11       7               离散机1            31105.86        32565.86        1460.00        
  11       8               离散机5            33103.86        34271.86        1168.00        

工件 12:
  12       0               打印机3            0.00            28723.86        28723.86       
  12       1               批处理机2           28723.86        29818.86        1095.00        

工件 13:
  13       0               打印机2            0.00            7029.70         7029.70        
  13       1               批处理机2           7029.70         8124.70         1095.00        
  13       2               离散机3            8124.70         9312.70         1188.00        
  13       3               离散机1            10939.70        12603.70        1664.00        
  13       4               离散机5            13677.70        14987.70        1310.00        
  13       5               离散机1            17120.70        18029.70        909.00         
  13       6               离散机5            18029.70        19055.70        1026.00        

工件 14:
  14       0               打印机1            0.00            20137.00        20137.00       
  14       1               批处理机2           20137.00        21232.00        1095.00        
  14       2               离散机4            21232.00        22589.00        1357.00        
  14       3               离散机4            23733.00        24639.00        906.00         
  14       4               离散机3            24639.00        25804.00        1165.00        
  14       5               离散机1            25804.00        27241.00        1437.00        
  14       6               离散机2            27241.00        28254.00        1013.00        
  14       7               离散机1            28369.00        29590.00        1221.00        
  14       8               离散机3            29611.00        31082.00        1471.00        

工件 15:
  15       0               打印机2            0.00            7029.70         7029.70        
  15       1               批处理机2           7029.70         8124.70         1095.00        

工件 16:
  16       0               打印机3            0.00            28723.86        28723.86       
  16       1               批处理机2           28723.86        29818.86        1095.00        
  16       2               离散机1            29818.86        31105.86        1287.00        
  16       3               离散机3            31105.86        32289.86        1184.00        
  16       4               离散机4            33448.86        34469.86        1021.00        
  16       5               离散机3            35731.86        36982.86        1251.00        

工件 17:
  17       0               打印机3            0.00            28723.86        28723.86       
  17       1               批处理机2           28723.86        29818.86        1095.00        
  17       2               离散机4            29818.86        30857.86        1039.00        
  17       3               离散机5            30857.86        32153.86        1296.00        
  17       4               离散机3            32289.86        34021.86        1732.00        
  17       5               离散机2            34021.86        35806.86        1785.00        
  17       6               离散机5            35806.86        37152.86        1346.00        
  17       7               离散机5            37152.86        38399.86        1247.00        

工件 18:
  18       0               打印机3            0.00            28723.86        28723.86       
  18       1               批处理机2           28723.86        29818.86        1095.00        
  18       2               离散机5            29818.86        30752.86        934.00         
  18       3               离散机2            35806.86        37067.86        1261.00        

工件 19:
  19       0               打印机2            0.00            7029.70         7029.70        
  19       1               批处理机2           7029.70         8124.70         1095.00        
  19       2               离散机5            9171.70         10115.70        944.00         

【机器加工顺序记录】
----------------------------------------------------------------------------------------------------

打印机1:
工件号      工序号             开始时间            结束时间            加工时长           
--------------------------------------------------------------------------------
  0        0               0.00            20137.00        20137.00       
  1        0               0.00            20137.00        20137.00       
  3        0               0.00            20137.00        20137.00       
  7        0               0.00            20137.00        20137.00       
  11       0               0.00            20137.00        20137.00       
  14       0               0.00            20137.00        20137.00       

  机器利用率: 314.64% (忙碌时间: 120822.00 / 总时间: 38399.86)

打印机2:
工件号      工序号             开始时间            结束时间            加工时长           
--------------------------------------------------------------------------------
  4        0               0.00            7029.70         7029.70        
  6        0               0.00            7029.70         7029.70        
  8        0               0.00            7029.70         7029.70        
  13       0               0.00            7029.70         7029.70        
  15       0               0.00            7029.70         7029.70        
  19       0               0.00            7029.70         7029.70        

  机器利用率: 109.84% (忙碌时间: 42178.17 / 总时间: 38399.86)

打印机3:
工件号      工序号             开始时间            结束时间            加工时长           
--------------------------------------------------------------------------------
  2        0               0.00            28723.86        28723.86       
  5        0               0.00            28723.86        28723.86       
  9        0               0.00            28723.86        28723.86       
  10       0               0.00            28723.86        28723.86       
  12       0               0.00            28723.86        28723.86       
  16       0               0.00            28723.86        28723.86       
  17       0               0.00            28723.86        28723.86       
  18       0               0.00            28723.86        28723.86       

  机器利用率: 598.42% (忙碌时间: 229790.86 / 总时间: 38399.86)

批处理机1:
工件号      工序号             开始时间            结束时间            加工时长           
--------------------------------------------------------------------------------

  机器利用率: 0.00% (忙碌时间: 0.00 / 总时间: 38399.86)

批处理机2:
工件号      工序号             开始时间            结束时间            加工时长           
--------------------------------------------------------------------------------
  4        1               7029.70         8124.70         1095.00        
  6        1               7029.70         8124.70         1095.00        
  8        1               7029.70         8124.70         1095.00        
  13       1               7029.70         8124.70         1095.00        
  15       1               7029.70         8124.70         1095.00        
  19       1               7029.70         8124.70         1095.00        
  0        1               20137.00        21232.00        1095.00        
  1        1               20137.00        21232.00        1095.00        
  3        1               20137.00        21232.00        1095.00        
  7        1               20137.00        21232.00        1095.00        
  11       1               20137.00        21232.00        1095.00        
  14       1               20137.00        21232.00        1095.00        
  2        1               28723.86        29818.86        1095.00        
  5        1               28723.86        29818.86        1095.00        
  9        1               28723.86        29818.86        1095.00        
  10       1               28723.86        29818.86        1095.00        
  12       1               28723.86        29818.86        1095.00        
  16       1               28723.86        29818.86        1095.00        
  17       1               28723.86        29818.86        1095.00        
  18       1               28723.86        29818.86        1095.00        

  机器利用率: 57.03% (忙碌时间: 21900.00 / 总时间: 38399.86)

离散机1:
工件号      工序号             开始时间            结束时间            加工时长           
--------------------------------------------------------------------------------
  4        2               8124.70         9710.70         1586.00        
  8        2               9710.70         10939.70        1229.00        
  13       3               10939.70        12603.70        1664.00        
  6        5               12603.70        13929.70        1326.00        
  4        6               15506.70        17120.70        1614.00        
  13       5               17120.70        18029.70        909.00         
  4        8               18029.70        19431.70        1402.00        
  0        2               21232.00        22308.00        1076.00        
  11       3               22638.00        23703.00        1065.00        
  1        4               23703.00        25471.00        1768.00        
  14       5               25804.00        27241.00        1437.00        
  1        6               27241.00        28369.00        1128.00        
  14       7               28369.00        29590.00        1221.00        
  16       2               29818.86        31105.86        1287.00        
  11       7               31105.86        32565.86        1460.00        
  3        5               32565.86        33591.86        1026.00        
  3        6               33591.86        35376.86        1785.00        
  2        3               35376.86        36533.86        1157.00        

  机器利用率: 62.86% (忙碌时间: 24140.00 / 总时间: 38399.86)

离散机2:
工件号      工序号             开始时间            结束时间            加工时长           
--------------------------------------------------------------------------------
  8        3               10939.70        12049.70        1110.00        
  4        5               14217.70        15506.70        1289.00        
  8        5               15506.70        16423.70        917.00         
  11       2               21232.00        22638.00        1406.00        
  14       6               27241.00        28254.00        1013.00        
  9        2               29818.86        31390.86        1572.00        
  9        3               31390.86        32763.86        1373.00        
  17       5               34021.86        35806.86        1785.00        
  18       3               35806.86        37067.86        1261.00        
  2        4               37067.86        38038.86        971.00         

  机器利用率: 33.07% (忙碌时间: 12697.00 / 总时间: 38399.86)

离散机3:
工件号      工序号             开始时间            结束时间            加工时长           
--------------------------------------------------------------------------------
  13       2               8124.70         9312.70         1188.00        
  6        3               9312.70         10993.70        1681.00        
  4        3               10993.70        12658.70        1665.00        
  4        4               12658.70        14217.70        1559.00        
  6        6               14217.70        15495.70        1278.00        
  8        6               16423.70        18161.70        1738.00        
  4        9               19431.70        21029.70        1598.00        
  3        2               21232.00        22807.00        1575.00        
  7        2               22807.00        24503.00        1696.00        
  14       4               24639.00        25804.00        1165.00        
  11       4               25804.00        27186.00        1382.00        
  11       5               27186.00        28184.00        998.00         
  0        6               28184.00        29611.00        1427.00        
  14       8               29611.00        31082.00        1471.00        
  16       3               31105.86        32289.86        1184.00        
  17       4               32289.86        34021.86        1732.00        
  9        4               34021.86        35731.86        1710.00        
  16       5               35731.86        36982.86        1251.00        
  0        9               36982.86        38175.86        1193.00        

  机器利用率: 71.59% (忙碌时间: 27491.00 / 总时间: 38399.86)

离散机4:
工件号      工序号             开始时间            结束时间            加工时长           
--------------------------------------------------------------------------------
  6        4               10993.70        12437.70        1444.00        
  14       2               21232.00        22589.00        1357.00        
  0        3               22589.00        23733.00        1144.00        
  14       3               23733.00        24639.00        906.00         
  3        3               24639.00        26439.00        1800.00        
  0        5               26439.00        27377.00        938.00         
  17       2               29818.86        30857.86        1039.00        
  10       2               30857.86        31875.86        1018.00        
  2        2               31875.86        33448.86        1573.00        
  16       4               33448.86        34469.86        1021.00        
  0        8               34469.86        35521.86        1052.00        
  3        7               35521.86        37187.86        1666.00        

  机器利用率: 38.95% (忙碌时间: 14958.00 / 总时间: 38399.86)

离散机5:
工件号      工序号             开始时间            结束时间            加工时长           
--------------------------------------------------------------------------------
  6        2               8124.70         9171.70         1047.00        
  19       2               9171.70         10115.70        944.00         
  8        4               12049.70        13677.70        1628.00        
  13       4               13677.70        14987.70        1310.00        
  4        7               17120.70        18025.70        905.00         
  13       6               18029.70        19055.70        1026.00        
  1        2               21232.00        22493.00        1261.00        
  1        3               22493.00        23419.00        926.00         
  0        4               23733.00        25085.00        1352.00        
  7        3               25085.00        26140.00        1055.00        
  1        5               26140.00        27061.00        921.00         
  3        4               27061.00        28625.00        1564.00        
  11       6               28625.00        29723.00        1098.00        
  18       2               29818.86        30752.86        934.00         
  17       3               30857.86        32153.86        1296.00        
  0        7               32153.86        33103.86        950.00         
  11       8               33103.86        34271.86        1168.00        
  7        4               34271.86        35708.86        1437.00        
  17       6               35806.86        37152.86        1346.00        
  17       7               37152.86        38399.86        1247.00        

  机器利用率: 60.98% (忙碌时间: 23415.00 / 总时间: 38399.86)

【打印批次详细信息】
----------------------------------------------------------------------------------------------------

打印机 1 (尺寸: 1168.0 x 443.0 x 687.0):
--------------------------------------------------------------------------------
  批次 1: 零件数=6, 占用率=62.71%
    - 14: 尺寸 96.0 x 84.0 x 64.0
    - 1: 尺寸 385.0 x 88.0 x 77.0
    - 11: 尺寸 64.0 x 153.0 x 65.0
    - 0: 尺寸 581.0 x 352.0 x 68.0
    - 3: 尺寸 319.0 x 149.0 x 64.0
    - 7: 尺寸 102.0 x 203.0 x 55.0

打印机 2 (尺寸: 1146.0 x 446.0 x 514.0):
--------------------------------------------------------------------------------
  批次 1: 零件数=6, 占用率=58.46%
    - 19: 尺寸 169.0 x 69.0 x 37.0
    - 6: 尺寸 432.0 x 257.0 x 14.0
    - 15: 尺寸 346.0 x 168.0 x 15.0
    - 8: 尺寸 192.0 x 334.0 x 17.0
    - 4: 尺寸 136.0 x 142.0 x 38.0
    - 13: 尺寸 194.0 x 178.0 x 31.0

打印机 3 (尺寸: 1078.0 x 483.0 x 616.0):
--------------------------------------------------------------------------------
  批次 1: 零件数=8, 占用率=73.74%
    - 5: 尺寸 251.0 x 183.0 x 90.0
    - 16: 尺寸 159.0 x 143.0 x 146.0
    - 2: 尺寸 650.0 x 276.0 x 77.0
    - 18: 尺寸 88.0 x 120.0 x 106.0
    - 17: 尺寸 87.0 x 204.0 x 197.0
    - 10: 尺寸 82.0 x 148.0 x 195.0
    - 9: 尺寸 149.0 x 213.0 x 90.0
    - 12: 尺寸 411.0 x 155.0 x 43.0

════════════════════════════════════════════════════════════════
