════════════════════════════════════════════════════════════════
              最优Cmax解的详细调度记录
════════════════════════════════════════════════════════════════

【基本信息】
----------------------------------------------------------------------------------------------------
Cmax (最大完工时间): 58266.00
能耗: 534.75 kWh
装箱质量: 0.5211
批次总数: 5
工件数量: 50
机器数量: 14 (打印机:4, 批处理机:2, 离散机:8)

【染色体编码】
----------------------------------------------------------------------------------------------------
工序序列 (OS): [25, 12, 35, 2, 8, 49, 36, 30, 6, 10, 39, 41, 34, 44, 7, 15, 33, 26, 1, 47, 21, 5, 29, 22, 4, 37, 24, 23, 31, 27, 46, 13, 3, 48, 42, 17, 11, 9, 14, 16, 20, 0, 38, 18, 40, 19, 32, 43, 45, 28, 34, 10, 49, 15, 24, 49, 15, 18, 19, 34, 16, 31, 21, 47, 25, 3, 5, 30, 12, 9, 17, 32, 19, 44, 25, 32, 44, 9, 6, 33, 23, 4, 28, 30, 16, 46, 25, 22, 31, 44, 37, 6, 12, 11, 33, 2, 5, 17, 48, 26, 3, 19, 36, 32, 37, 24, 11, 25, 18, 0, 44, 40, 24, 25, 38, 24, 46, 5, 3, 30, 42, 33, 33, 1, 15, 0, 36, 3, 16, 37, 36, 10, 47, 9, 30, 22, 3, 29, 20, 28, 33, 9, 23, 26, 4, 37, 25, 38, 12, 3, 24, 23, 15, 3, 9, 20, 29, 34, 1, 42, 15, 0, 16, 0, 36, 38, 18, 21, 30, 4, 6, 0, 31, 0, 35, 24, 37, 35, 10, 38, 16, 5, 29, 38, 7, 5, 18, 33, 37, 10, 12, 4, 2, 45, 22, 18, 7, 46, 30, 19, 11, 17, 29, 26, 10, 18, 38, 42, 3, 19, 47, 8, 38, 22, 15, 15, 5, 12, 6, 46, 7, 17, 42, 19, 15, 0, 19, 4, 13, 33, 22, 35, 37, 23, 18, 44, 47, 14, 28, 49, 44, 11, 32, 29, 25, 5, 12, 20, 6]
机器选择 (MS): [2, 2, 2, 3, 1, 2, 4, 4, 4, 2, 3, 2, 3, 2, 2, 3, 2, 2, 3, 4, 3, 1, 1, 3, 3, 3, 3, 3, 2, 1, 4, 3, 3, 1, 2, 2, 1, 2, 2, 2, 1, 2, 2, 2, 3, 2, 2, 2, 2, 2, 1, 1, 2, 1, 1, 1, 2, 1, 1, 3, 2, 1, 2, 1, 1, 1, 2, 3, 2, 3, 1, 2, 1, 2, 1, 2, 1, 3, 1, 1, 2, 3, 2, 1, 1, 3, 2, 1, 1, 3, 3, 2, 3, 1, 1, 2, 1, 1, 3, 3, 1, 2, 3, 2, 1, 3, 2, 2, 1, 1, 1, 1, 1, 3, 1, 3, 1, 2, 1, 3, 1, 1, 1, 1, 3, 2, 1, 1, 3, 1, 1, 2, 3, 1, 1, 1, 1, 1, 2, 1, 1, 1, 1, 1, 2, 3, 1, 1, 2, 1, 1, 1, 1, 1, 3, 1, 2, 1, 1, 2, 2, 1, 1, 1, 1, 1, 1, 1, 2, 1, 1, 2, 1, 1, 3, 3, 2, 1, 1, 1, 1, 1, 1, 1, 1, 3, 1, 1, 1, 1, 3, 1, 1, 1, 2, 1, 1, 2, 2, 2, 1, 3, 2, 1, 2, 1, 1, 1, 2, 2, 2, 2, 1, 1, 2, 2, 1, 2, 2, 1, 1, 3, 1, 1, 2, 3, 2, 3, 1, 1, 1, 1, 2, 1, 2, 1, 1, 1, 2, 1, 2, 1, 1, 1, 1, 2, 1, 3, 1]

【零件加工顺序记录】
----------------------------------------------------------------------------------------------------
工件号      工序号             机器号             开始时间            结束时间            加工时长           
----------------------------------------------------------------------------------------------------

工件 0:
  0        0               打印机2            0.00            25009.02        25009.02       
  0        1               批处理机1           25009.02        26074.02        1065.00        
  0        2               离散机1            28940.02        30268.02        1328.00        
  0        3               离散机4            36213.62        37632.62        1419.00        
  0        4               离散机7            39351.62        40302.62        951.00         
  0        5               离散机2            40340.41        41457.41        1117.00        
  0        6               离散机2            41457.41        42539.41        1082.00        
  0        7               离散机1            42539.41        44060.41        1521.00        
  0        8               离散机7            54049.00        55640.00        1591.00        

工件 1:
  1        0               打印机3            0.00            30098.62        30098.62       
  1        1               批处理机1           30098.62        31163.62        1065.00        
  1        2               离散机3            36412.62        37388.62        976.00         
  1        3               离散机3            38380.62        39856.62        1476.00        

工件 2:
  2        0               打印机3            0.00            30098.62        30098.62       
  2        1               批处理机1           30098.62        31163.62        1065.00        
  2        2               离散机8            32161.62        33537.62        1376.00        
  2        3               离散机6            37589.62        38620.62        1031.00        

工件 3:
  3        0               打印机3            0.00            30098.62        30098.62       
  3        1               批处理机1           30098.62        31163.62        1065.00        
  3        2               离散机3            31163.62        32146.62        983.00         
  3        3               离散机6            33496.62        34529.62        1033.00        
  3        4               离散机3            34771.62        36412.62        1641.00        
  3        5               离散机8            36412.62        37610.62        1198.00        
  3        6               离散机5            38808.62        39755.62        947.00         
  3        7               离散机6            41956.41        43016.41        1060.00        
  3        8               离散机6            44335.41        45430.41        1095.00        
  3        9               离散机8            46649.41        47803.41        1154.00        

工件 4:
  4        0               打印机3            0.00            30098.62        30098.62       
  4        1               批处理机1           30098.62        31163.62        1065.00        
  4        2               离散机8            31163.62        32161.62        998.00         
  4        3               离散机3            37388.62        38380.62        992.00         
  4        4               离散机7            46544.41        47647.41        1103.00        
  4        5               离散机4            47647.41        48991.41        1344.00        
  4        6               离散机6            51937.00        53372.00        1435.00        

工件 5:
  5        0               打印机1            0.00            48398.00        48398.00       
  5        1               批处理机1           48398.00        49463.00        1065.00        
  5        2               离散机2            49463.00        51105.00        1642.00        
  5        3               离散机5            51105.00        52202.00        1097.00        
  5        4               离散机3            52202.00        53796.00        1594.00        
  5        5               离散机6            53796.00        54744.00        948.00         
  5        6               离散机1            54744.00        55793.00        1049.00        
  5        7               离散机3            55793.00        57048.00        1255.00        
  5        8               离散机3            57048.00        58266.00        1218.00        

工件 6:
  6        0               打印机4            0.00            16148.00        16148.00       
  6        1               批处理机1           16148.00        17213.00        1065.00        
  6        2               离散机8            18227.00        19192.00        965.00         
  6        3               离散机4            19192.00        20756.00        1564.00        
  6        4               离散机4            20756.00        22413.00        1657.00        
  6        5               离散机3            22477.00        24233.00        1756.00        
  6        6               离散机8            47803.41        49115.41        1312.00        

工件 7:
  7        0               打印机2            0.00            25009.02        25009.02       
  7        1               批处理机1           25009.02        26074.02        1065.00        
  7        2               离散机8            28751.02        30337.02        1586.00        
  7        3               离散机7            49329.41        50944.41        1615.00        
  7        4               离散机1            52602.00        53666.00        1064.00        

工件 8:
  8        0               打印机1            0.00            48398.00        48398.00       
  8        1               批处理机1           48398.00        49463.00        1065.00        
  8        2               离散机8            53199.00        54380.00        1181.00        

工件 9:
  9        0               打印机2            0.00            25009.02        25009.02       
  9        1               批处理机1           25009.02        26074.02        1065.00        
  9        2               离散机7            26074.02        27546.02        1472.00        
  9        3               离散机7            27546.02        28966.02        1420.00        
  9        4               离散机6            29232.02        30569.02        1337.00        
  9        5               离散机4            42759.41        43938.41        1179.00        
  9        6               离散机4            45885.41        47533.41        1648.00        

工件 10:
  10       0               打印机2            0.00            25009.02        25009.02       
  10       1               批处理机1           25009.02        26074.02        1065.00        
  10       2               离散机8            26074.02        27591.02        1517.00        
  10       3               离散机7            38000.62        39351.62        1351.00        
  10       4               离散机1            39351.62        40654.62        1303.00        
  10       5               离散机8            41107.41        42098.41        991.00         
  10       6               离散机8            42098.41        43000.41        902.00         

工件 11:
  11       0               打印机1            0.00            48398.00        48398.00       
  11       1               批处理机1           48398.00        49463.00        1065.00        
  11       2               离散机8            49463.00        51003.00        1540.00        
  11       3               离散机7            51003.00        52144.00        1141.00        
  11       4               离散机7            52144.00        53087.00        943.00         
  11       5               离散机4            55005.00        56042.00        1037.00        

工件 12:
  12       0               打印机2            0.00            25009.02        25009.02       
  12       1               批处理机1           25009.02        26074.02        1065.00        
  12       2               离散机1            26074.02        27720.02        1646.00        
  12       3               离散机6            27720.02        29232.02        1512.00        
  12       4               离散机4            44840.41        45885.41        1045.00        
  12       5               离散机3            47835.41        49044.41        1209.00        
  12       6               离散机3            49044.41        50056.41        1012.00        
  12       7               离散机7            56622.00        57829.00        1207.00        

工件 13:
  13       0               打印机3            0.00            30098.62        30098.62       
  13       1               批处理机1           30098.62        31163.62        1065.00        
  13       2               离散机4            51492.41        52587.41        1095.00        

工件 14:
  14       0               打印机2            25009.02        37560.41        12551.39       
  14       1               批处理机1           37560.41        38625.41        1065.00        
  14       2               离散机1            44060.41        45595.41        1535.00        

工件 15:
  15       0               打印机3            0.00            30098.62        30098.62       
  15       1               批处理机1           30098.62        31163.62        1065.00        
  15       2               离散机4            31163.62        32480.62        1317.00        
  15       3               离散机6            32480.62        33496.62        1016.00        
  15       4               离散机5            37748.62        38808.62        1060.00        
  15       5               离散机6            43016.41        44335.41        1319.00        
  15       6               离散机8            44335.41        45686.41        1351.00        
  15       7               离散机6            48177.41        49127.41        950.00         
  15       8               离散机2            51105.00        52618.00        1513.00        
  15       9               离散机7            53087.00        54049.00        962.00         

工件 16:
  16       0               打印机2            0.00            25009.02        25009.02       
  16       1               批处理机1           25009.02        26074.02        1065.00        
  16       2               离散机4            27119.02        28484.02        1365.00        
  16       3               离散机4            29828.02        31004.02        1176.00        
  16       4               离散机7            36487.62        38000.62        1513.00        
  16       5               离散机5            41636.41        43035.41        1399.00        
  16       6               离散机8            43035.41        44220.41        1185.00        

工件 17:
  17       0               打印机2            0.00            25009.02        25009.02       
  17       1               批处理机1           25009.02        26074.02        1065.00        
  17       2               离散机3            27588.02        28489.02        901.00         
  17       3               离散机3            28489.02        29785.02        1296.00        
  17       4               离散机3            29785.02        31124.02        1339.00        
  17       5               离散机8            33537.62        34767.62        1230.00        

工件 18:
  18       0               打印机2            0.00            25009.02        25009.02       
  18       1               批处理机1           25009.02        26074.02        1065.00        
  18       2               离散机4            26074.02        27119.02        1045.00        
  18       3               离散机1            27720.02        28940.02        1220.00        
  18       4               离散机5            43035.41        44238.41        1203.00        
  18       5               离散机8            45686.41        46649.41        963.00         
  18       6               离散机7            47647.41        49329.41        1682.00        
  18       7               离散机4            49329.41        50587.41        1258.00        
  18       8               离散机2            52618.00        53541.00        923.00         

工件 19:
  19       0               打印机2            25009.02        37560.41        12551.39       
  19       1               批处理机1           37560.41        38625.41        1065.00        
  19       2               离散机4            39761.41        41470.41        1709.00        
  19       3               离散机4            41470.41        42759.41        1289.00        
  19       4               离散机3            42976.41        43986.41        1010.00        
  19       5               离散机2            45691.41        46903.41        1212.00        
  19       6               离散机2            47977.41        48993.41        1016.00        
  19       7               离散机6            50414.00        51937.00        1523.00        
  19       8               离散机3            53796.00        54748.00        952.00         

工件 20:
  20       0               打印机1            0.00            48398.00        48398.00       
  20       1               批处理机1           48398.00        49463.00        1065.00        
  20       2               离散机6            49463.00        50414.00        951.00         
  20       3               离散机8            52143.00        53199.00        1056.00        
  20       4               离散机6            55701.00        56910.00        1209.00        

工件 21:
  21       0               打印机3            0.00            30098.62        30098.62       
  21       1               批处理机1           30098.62        31163.62        1065.00        
  21       2               离散机5            31163.62        32303.62        1140.00        
  21       3               离散机6            36122.62        37589.62        1467.00        

工件 22:
  22       0               打印机3            0.00            30098.62        30098.62       
  22       1               批处理机1           30098.62        31163.62        1065.00        
  22       2               离散机2            32403.62        33564.62        1161.00        
  22       3               离散机1            33564.62        35147.62        1583.00        
  22       4               离散机3            40834.62        41739.62        905.00         
  22       5               离散机6            46491.41        48177.41        1686.00        
  22       6               离散机1            49136.41        50483.41        1347.00        

工件 23:
  23       0               打印机3            0.00            30098.62        30098.62       
  23       1               批处理机1           30098.62        31163.62        1065.00        
  23       2               离散机1            31163.62        32357.62        1194.00        
  23       3               离散机5            33435.62        34423.62        988.00         
  23       4               离散机2            36839.62        38275.62        1436.00        
  23       5               离散机6            54744.00        55701.00        957.00         

工件 24:
  24       0               打印机3            0.00            30098.62        30098.62       
  24       1               批处理机1           30098.62        31163.62        1065.00        
  24       2               离散机2            31163.62        32403.62        1240.00        
  24       3               离散机3            33287.62        34771.62        1484.00        
  24       4               离散机8            34771.62        35853.62        1082.00        
  24       5               离散机5            36600.62        37748.62        1148.00        
  24       6               离散机7            43933.41        45450.41        1517.00        
  24       7               离散机3            45450.41        46667.41        1217.00        

工件 25:
  25       0               打印机2            0.00            25009.02        25009.02       
  25       1               批处理机1           25009.02        26074.02        1065.00        
  25       2               离散机3            26074.02        27588.02        1514.00        
  25       3               离散机5            27588.02        28918.02        1330.00        
  25       4               离散机7            32461.62        33565.62        1104.00        
  25       5               离散机4            34202.62        35308.62        1106.00        
  25       6               离散机5            35633.62        36600.62        967.00         
  25       7               离散机4            43938.41        44840.41        902.00         
  25       8               离散机1            45595.41        46529.41        934.00         

工件 26:
  26       0               打印机2            25009.02        37560.41        12551.39       
  26       1               批处理机1           37560.41        38625.41        1065.00        
  26       2               离散机8            38625.41        39966.41        1341.00        
  26       3               离散机7            42708.41        43933.41        1225.00        
  26       4               离散机5            45915.41        46979.41        1064.00        

工件 27:
  27       0               打印机1            0.00            48398.00        48398.00       
  27       1               批处理机1           48398.00        49463.00        1065.00        

工件 28:
  28       0               打印机2            25009.02        37560.41        12551.39       
  28       1               批处理机1           37560.41        38625.41        1065.00        
  28       2               离散机2            38625.41        40340.41        1715.00        
  28       3               离散机7            40340.41        41466.41        1126.00        
  28       4               离散机7            55640.00        56622.00        982.00         

工件 29:
  29       0               打印机1            0.00            48398.00        48398.00       
  29       1               批处理机1           48398.00        49463.00        1065.00        
  29       2               离散机5            49463.00        50989.00        1526.00        
  29       3               离散机1            50989.00        52602.00        1613.00        
  29       4               离散机4            52602.00        53680.00        1078.00        
  29       5               离散机4            53680.00        55005.00        1325.00        
  29       6               离散机2            55005.00        55989.00        984.00         

工件 30:
  30       0               打印机4            0.00            16148.00        16148.00       
  30       1               批处理机1           16148.00        17213.00        1065.00        
  30       2               离散机8            17213.00        18227.00        1014.00        
  30       3               离散机1            18235.00        19204.00        969.00         
  30       4               离散机2            19204.00        20600.00        1396.00        
  30       5               离散机3            21467.00        22477.00        1010.00        
  30       6               离散机8            24576.00        25906.00        1330.00        
  30       7               离散机1            40654.62        42006.62        1352.00        

工件 31:
  31       0               打印机2            0.00            25009.02        25009.02       
  31       1               批处理机1           25009.02        26074.02        1065.00        
  31       2               离散机4            28484.02        29828.02        1344.00        
  31       3               离散机2            29828.02        30790.02        962.00         
  31       4               离散机3            39856.62        40834.62        978.00         

工件 32:
  32       0               打印机2            0.00            25009.02        25009.02       
  32       1               批处理机1           25009.02        26074.02        1065.00        
  32       2               离散机8            27591.02        28751.02        1160.00        
  32       3               离散机5            28918.02        30200.02        1282.00        
  32       4               离散机4            32480.62        34202.62        1722.00        
  32       5               离散机1            38182.62        39214.62        1032.00        

工件 33:
  33       0               打印机2            0.00            25009.02        25009.02       
  33       1               批处理机1           25009.02        26074.02        1065.00        
  33       2               离散机7            28966.02        30646.02        1680.00        
  33       3               离散机3            32146.62        33287.62        1141.00        
  33       4               离散机2            33564.62        34620.62        1056.00        
  33       5               离散机6            34620.62        36122.62        1502.00        
  33       6               离散机7            41466.41        42708.41        1242.00        
  33       7               离散机3            43986.41        45184.41        1198.00        
  33       8               离散机5            46979.41        47921.41        942.00         

工件 34:
  34       0               打印机3            0.00            30098.62        30098.62       
  34       1               批处理机1           30098.62        31163.62        1065.00        
  34       2               离散机7            31163.62        32461.62        1298.00        
  34       3               离散机5            32461.62        33435.62        974.00         
  34       4               离散机5            40734.41        41636.41        902.00         

工件 35:
  35       0               打印机2            0.00            25009.02        25009.02       
  35       1               批处理机1           25009.02        26074.02        1065.00        
  35       2               离散机6            26074.02        27336.02        1262.00        
  35       3               离散机5            44238.41        45915.41        1677.00        
  35       4               离散机3            50056.41        51232.41        1176.00        

工件 36:
  36       0               打印机4            0.00            16148.00        16148.00       
  36       1               批处理机1           16148.00        17213.00        1065.00        
  36       2               离散机3            18326.00        19841.00        1515.00        
  36       3               离散机8            19841.00        21599.00        1758.00        
  36       4               离散机8            21599.00        22789.00        1190.00        
  36       5               离散机8            22789.00        24576.00        1787.00        

工件 37:
  37       0               打印机3            0.00            30098.62        30098.62       
  37       1               批处理机1           30098.62        31163.62        1065.00        
  37       2               离散机7            33565.62        34496.62        931.00         
  37       3               离散机5            34496.62        35633.62        1137.00        
  37       4               离散机1            35633.62        36893.62        1260.00        
  37       5               离散机4            37632.62        38563.62        931.00         
  37       6               离散机6            45430.41        46491.41        1061.00        
  37       7               离散机3            46667.41        47835.41        1168.00        
  37       8               离散机5            47921.41        49267.41        1346.00        

工件 38:
  38       0               打印机2            0.00            25009.02        25009.02       
  38       1               批处理机1           25009.02        26074.02        1065.00        
  38       2               离散机7            34496.62        35514.62        1018.00        
  38       3               离散机2            35514.62        36839.62        1325.00        
  38       4               离散机1            36893.62        38182.62        1289.00        
  38       5               离散机8            39966.41        41107.41        1141.00        
  38       6               离散机2            43892.41        45691.41        1799.00        
  38       7               离散机2            46903.41        47977.41        1074.00        
  38       8               离散机4            50587.41        51492.41        905.00         

工件 39:
  39       0               打印机3            0.00            30098.62        30098.62       
  39       1               批处理机1           30098.62        31163.62        1065.00        

工件 40:
  40       0               打印机3            0.00            30098.62        30098.62       
  40       1               批处理机1           30098.62        31163.62        1065.00        
  40       2               离散机4            35308.62        36213.62        905.00         

工件 41:
  41       0               打印机2            0.00            25009.02        25009.02       
  41       1               批处理机1           25009.02        26074.02        1065.00        

工件 42:
  42       0               打印机2            0.00            25009.02        25009.02       
  42       1               批处理机1           25009.02        26074.02        1065.00        
  42       2               离散机7            35514.62        36487.62        973.00         
  42       3               离散机7            45450.41        46544.41        1094.00        
  42       4               离散机1            46544.41        47962.41        1418.00        
  42       5               离散机1            47962.41        49136.41        1174.00        

工件 43:
  43       0               打印机2            25009.02        37560.41        12551.39       
  43       1               批处理机1           37560.41        38625.41        1065.00        

工件 44:
  44       0               打印机2            25009.02        37560.41        12551.39       
  44       1               批处理机1           37560.41        38625.41        1065.00        
  44       2               离散机6            38625.41        40419.41        1794.00        
  44       3               离散机6            40419.41        41956.41        1537.00        
  44       4               离散机3            41956.41        42976.41        1020.00        
  44       5               离散机2            42976.41        43892.41        916.00         
  44       6               离散机5            52202.00        53193.00        991.00         
  44       7               离散机5            53193.00        54120.00        927.00         

工件 45:
  45       0               打印机2            0.00            25009.02        25009.02       
  45       1               批处理机1           25009.02        26074.02        1065.00        
  45       2               离散机5            26074.02        27573.02        1499.00        

工件 46:
  46       0               打印机4            0.00            16148.00        16148.00       
  46       1               批处理机1           16148.00        17213.00        1065.00        
  46       2               离散机3            17213.00        18326.00        1113.00        
  46       3               离散机7            18326.00        19812.00        1486.00        
  46       4               离散机5            19812.00        21027.00        1215.00        
  46       5               离散机7            21027.00        22389.00        1362.00        

工件 47:
  47       0               打印机4            0.00            16148.00        16148.00       
  47       1               批处理机1           16148.00        17213.00        1065.00        
  47       2               离散机1            17213.00        18235.00        1022.00        
  47       3               离散机3            19841.00        21467.00        1626.00        
  47       4               离散机6            21467.00        22489.00        1022.00        
  47       5               离散机2            22489.00        23960.00        1471.00        

工件 48:
  48       0               打印机1            0.00            48398.00        48398.00       
  48       1               批处理机1           48398.00        49463.00        1065.00        
  48       2               离散机8            51003.00        52143.00        1140.00        

工件 49:
  49       0               打印机2            25009.02        37560.41        12551.39       
  49       1               批处理机1           37560.41        38625.41        1065.00        
  49       2               离散机4            38625.41        39761.41        1136.00        
  49       3               离散机5            39761.41        40734.41        973.00         
  49       4               离散机2            53541.00        54903.00        1362.00        

【机器加工顺序记录】
----------------------------------------------------------------------------------------------------

打印机1:
工件号      工序号             开始时间            结束时间            加工时长           
--------------------------------------------------------------------------------
  5        0               0.00            48398.00        48398.00       
  8        0               0.00            48398.00        48398.00       
  11       0               0.00            48398.00        48398.00       
  20       0               0.00            48398.00        48398.00       
  27       0               0.00            48398.00        48398.00       
  29       0               0.00            48398.00        48398.00       
  48       0               0.00            48398.00        48398.00       

  机器利用率: 581.45% (忙碌时间: 338786.00 / 总时间: 58266.00)

打印机2:
工件号      工序号             开始时间            结束时间            加工时长           
--------------------------------------------------------------------------------
  0        0               0.00            25009.02        25009.02       
  7        0               0.00            25009.02        25009.02       
  9        0               0.00            25009.02        25009.02       
  10       0               0.00            25009.02        25009.02       
  12       0               0.00            25009.02        25009.02       
  16       0               0.00            25009.02        25009.02       
  17       0               0.00            25009.02        25009.02       
  18       0               0.00            25009.02        25009.02       
  25       0               0.00            25009.02        25009.02       
  31       0               0.00            25009.02        25009.02       
  32       0               0.00            25009.02        25009.02       
  33       0               0.00            25009.02        25009.02       
  35       0               0.00            25009.02        25009.02       
  38       0               0.00            25009.02        25009.02       
  41       0               0.00            25009.02        25009.02       
  42       0               0.00            25009.02        25009.02       
  45       0               0.00            25009.02        25009.02       
  14       0               25009.02        37560.41        12551.39       
  19       0               25009.02        37560.41        12551.39       
  26       0               25009.02        37560.41        12551.39       
  28       0               25009.02        37560.41        12551.39       
  43       0               25009.02        37560.41        12551.39       
  44       0               25009.02        37560.41        12551.39       
  49       0               25009.02        37560.41        12551.39       

  机器利用率: 880.47% (忙碌时间: 513013.02 / 总时间: 58266.00)

打印机3:
工件号      工序号             开始时间            结束时间            加工时长           
--------------------------------------------------------------------------------
  1        0               0.00            30098.62        30098.62       
  2        0               0.00            30098.62        30098.62       
  3        0               0.00            30098.62        30098.62       
  4        0               0.00            30098.62        30098.62       
  13       0               0.00            30098.62        30098.62       
  15       0               0.00            30098.62        30098.62       
  21       0               0.00            30098.62        30098.62       
  22       0               0.00            30098.62        30098.62       
  23       0               0.00            30098.62        30098.62       
  24       0               0.00            30098.62        30098.62       
  34       0               0.00            30098.62        30098.62       
  37       0               0.00            30098.62        30098.62       
  39       0               0.00            30098.62        30098.62       
  40       0               0.00            30098.62        30098.62       

  机器利用率: 723.20% (忙碌时间: 421380.67 / 总时间: 58266.00)

打印机4:
工件号      工序号             开始时间            结束时间            加工时长           
--------------------------------------------------------------------------------
  6        0               0.00            16148.00        16148.00       
  30       0               0.00            16148.00        16148.00       
  36       0               0.00            16148.00        16148.00       
  46       0               0.00            16148.00        16148.00       
  47       0               0.00            16148.00        16148.00       

  机器利用率: 138.57% (忙碌时间: 80740.00 / 总时间: 58266.00)

批处理机1:
工件号      工序号             开始时间            结束时间            加工时长           
--------------------------------------------------------------------------------
  6        1               16148.00        17213.00        1065.00        
  30       1               16148.00        17213.00        1065.00        
  36       1               16148.00        17213.00        1065.00        
  46       1               16148.00        17213.00        1065.00        
  47       1               16148.00        17213.00        1065.00        
  0        1               25009.02        26074.02        1065.00        
  7        1               25009.02        26074.02        1065.00        
  9        1               25009.02        26074.02        1065.00        
  10       1               25009.02        26074.02        1065.00        
  12       1               25009.02        26074.02        1065.00        
  16       1               25009.02        26074.02        1065.00        
  17       1               25009.02        26074.02        1065.00        
  18       1               25009.02        26074.02        1065.00        
  25       1               25009.02        26074.02        1065.00        
  31       1               25009.02        26074.02        1065.00        
  32       1               25009.02        26074.02        1065.00        
  33       1               25009.02        26074.02        1065.00        
  35       1               25009.02        26074.02        1065.00        
  38       1               25009.02        26074.02        1065.00        
  41       1               25009.02        26074.02        1065.00        
  42       1               25009.02        26074.02        1065.00        
  45       1               25009.02        26074.02        1065.00        
  1        1               30098.62        31163.62        1065.00        
  2        1               30098.62        31163.62        1065.00        
  3        1               30098.62        31163.62        1065.00        
  4        1               30098.62        31163.62        1065.00        
  13       1               30098.62        31163.62        1065.00        
  15       1               30098.62        31163.62        1065.00        
  21       1               30098.62        31163.62        1065.00        
  22       1               30098.62        31163.62        1065.00        
  23       1               30098.62        31163.62        1065.00        
  24       1               30098.62        31163.62        1065.00        
  34       1               30098.62        31163.62        1065.00        
  37       1               30098.62        31163.62        1065.00        
  39       1               30098.62        31163.62        1065.00        
  40       1               30098.62        31163.62        1065.00        
  14       1               37560.41        38625.41        1065.00        
  19       1               37560.41        38625.41        1065.00        
  26       1               37560.41        38625.41        1065.00        
  28       1               37560.41        38625.41        1065.00        
  43       1               37560.41        38625.41        1065.00        
  44       1               37560.41        38625.41        1065.00        
  49       1               37560.41        38625.41        1065.00        
  5        1               48398.00        49463.00        1065.00        
  8        1               48398.00        49463.00        1065.00        
  11       1               48398.00        49463.00        1065.00        
  20       1               48398.00        49463.00        1065.00        
  27       1               48398.00        49463.00        1065.00        
  29       1               48398.00        49463.00        1065.00        
  48       1               48398.00        49463.00        1065.00        

  机器利用率: 91.39% (忙碌时间: 53250.00 / 总时间: 58266.00)

批处理机2:
工件号      工序号             开始时间            结束时间            加工时长           
--------------------------------------------------------------------------------

  机器利用率: 0.00% (忙碌时间: 0.00 / 总时间: 58266.00)

离散机1:
工件号      工序号             开始时间            结束时间            加工时长           
--------------------------------------------------------------------------------
  47       2               17213.00        18235.00        1022.00        
  30       3               18235.00        19204.00        969.00         
  12       2               26074.02        27720.02        1646.00        
  18       3               27720.02        28940.02        1220.00        
  0        2               28940.02        30268.02        1328.00        
  23       2               31163.62        32357.62        1194.00        
  22       3               33564.62        35147.62        1583.00        
  37       4               35633.62        36893.62        1260.00        
  38       4               36893.62        38182.62        1289.00        
  32       5               38182.62        39214.62        1032.00        
  10       4               39351.62        40654.62        1303.00        
  30       7               40654.62        42006.62        1352.00        
  0        7               42539.41        44060.41        1521.00        
  14       2               44060.41        45595.41        1535.00        
  25       8               45595.41        46529.41        934.00         
  42       4               46544.41        47962.41        1418.00        
  42       5               47962.41        49136.41        1174.00        
  22       6               49136.41        50483.41        1347.00        
  29       3               50989.00        52602.00        1613.00        
  7        4               52602.00        53666.00        1064.00        
  5        6               54744.00        55793.00        1049.00        

  机器利用率: 46.09% (忙碌时间: 26853.00 / 总时间: 58266.00)

离散机2:
工件号      工序号             开始时间            结束时间            加工时长           
--------------------------------------------------------------------------------
  30       4               19204.00        20600.00        1396.00        
  47       5               22489.00        23960.00        1471.00        
  31       3               29828.02        30790.02        962.00         
  24       2               31163.62        32403.62        1240.00        
  22       2               32403.62        33564.62        1161.00        
  33       4               33564.62        34620.62        1056.00        
  38       3               35514.62        36839.62        1325.00        
  23       4               36839.62        38275.62        1436.00        
  28       2               38625.41        40340.41        1715.00        
  0        5               40340.41        41457.41        1117.00        
  0        6               41457.41        42539.41        1082.00        
  44       5               42976.41        43892.41        916.00         
  38       6               43892.41        45691.41        1799.00        
  19       5               45691.41        46903.41        1212.00        
  38       7               46903.41        47977.41        1074.00        
  19       6               47977.41        48993.41        1016.00        
  5        2               49463.00        51105.00        1642.00        
  15       8               51105.00        52618.00        1513.00        
  18       8               52618.00        53541.00        923.00         
  49       4               53541.00        54903.00        1362.00        
  29       6               55005.00        55989.00        984.00         

  机器利用率: 45.31% (忙碌时间: 26402.00 / 总时间: 58266.00)

离散机3:
工件号      工序号             开始时间            结束时间            加工时长           
--------------------------------------------------------------------------------
  46       2               17213.00        18326.00        1113.00        
  36       2               18326.00        19841.00        1515.00        
  47       3               19841.00        21467.00        1626.00        
  30       5               21467.00        22477.00        1010.00        
  6        5               22477.00        24233.00        1756.00        
  25       2               26074.02        27588.02        1514.00        
  17       2               27588.02        28489.02        901.00         
  17       3               28489.02        29785.02        1296.00        
  17       4               29785.02        31124.02        1339.00        
  3        2               31163.62        32146.62        983.00         
  33       3               32146.62        33287.62        1141.00        
  24       3               33287.62        34771.62        1484.00        
  3        4               34771.62        36412.62        1641.00        
  1        2               36412.62        37388.62        976.00         
  4        3               37388.62        38380.62        992.00         
  1        3               38380.62        39856.62        1476.00        
  31       4               39856.62        40834.62        978.00         
  22       4               40834.62        41739.62        905.00         
  44       4               41956.41        42976.41        1020.00        
  19       4               42976.41        43986.41        1010.00        
  33       7               43986.41        45184.41        1198.00        
  24       7               45450.41        46667.41        1217.00        
  37       7               46667.41        47835.41        1168.00        
  12       5               47835.41        49044.41        1209.00        
  12       6               49044.41        50056.41        1012.00        
  35       4               50056.41        51232.41        1176.00        
  5        4               52202.00        53796.00        1594.00        
  19       8               53796.00        54748.00        952.00         
  5        7               55793.00        57048.00        1255.00        
  5        8               57048.00        58266.00        1218.00        

  机器利用率: 62.94% (忙碌时间: 36675.00 / 总时间: 58266.00)

离散机4:
工件号      工序号             开始时间            结束时间            加工时长           
--------------------------------------------------------------------------------
  6        3               19192.00        20756.00        1564.00        
  6        4               20756.00        22413.00        1657.00        
  18       2               26074.02        27119.02        1045.00        
  16       2               27119.02        28484.02        1365.00        
  31       2               28484.02        29828.02        1344.00        
  16       3               29828.02        31004.02        1176.00        
  15       2               31163.62        32480.62        1317.00        
  32       4               32480.62        34202.62        1722.00        
  25       5               34202.62        35308.62        1106.00        
  40       2               35308.62        36213.62        905.00         
  0        3               36213.62        37632.62        1419.00        
  37       5               37632.62        38563.62        931.00         
  49       2               38625.41        39761.41        1136.00        
  19       2               39761.41        41470.41        1709.00        
  19       3               41470.41        42759.41        1289.00        
  9        5               42759.41        43938.41        1179.00        
  25       7               43938.41        44840.41        902.00         
  12       4               44840.41        45885.41        1045.00        
  9        6               45885.41        47533.41        1648.00        
  4        5               47647.41        48991.41        1344.00        
  18       7               49329.41        50587.41        1258.00        
  38       8               50587.41        51492.41        905.00         
  13       2               51492.41        52587.41        1095.00        
  29       4               52602.00        53680.00        1078.00        
  29       5               53680.00        55005.00        1325.00        
  11       5               55005.00        56042.00        1037.00        

  机器利用率: 55.78% (忙碌时间: 32501.00 / 总时间: 58266.00)

离散机5:
工件号      工序号             开始时间            结束时间            加工时长           
--------------------------------------------------------------------------------
  46       4               19812.00        21027.00        1215.00        
  45       2               26074.02        27573.02        1499.00        
  25       3               27588.02        28918.02        1330.00        
  32       3               28918.02        30200.02        1282.00        
  21       2               31163.62        32303.62        1140.00        
  34       3               32461.62        33435.62        974.00         
  23       3               33435.62        34423.62        988.00         
  37       3               34496.62        35633.62        1137.00        
  25       6               35633.62        36600.62        967.00         
  24       5               36600.62        37748.62        1148.00        
  15       4               37748.62        38808.62        1060.00        
  3        6               38808.62        39755.62        947.00         
  49       3               39761.41        40734.41        973.00         
  34       4               40734.41        41636.41        902.00         
  16       5               41636.41        43035.41        1399.00        
  18       4               43035.41        44238.41        1203.00        
  35       3               44238.41        45915.41        1677.00        
  26       4               45915.41        46979.41        1064.00        
  33       8               46979.41        47921.41        942.00         
  37       8               47921.41        49267.41        1346.00        
  29       2               49463.00        50989.00        1526.00        
  5        3               51105.00        52202.00        1097.00        
  44       6               52202.00        53193.00        991.00         
  44       7               53193.00        54120.00        927.00         

  机器利用率: 47.60% (忙碌时间: 27734.00 / 总时间: 58266.00)

离散机6:
工件号      工序号             开始时间            结束时间            加工时长           
--------------------------------------------------------------------------------
  47       4               21467.00        22489.00        1022.00        
  35       2               26074.02        27336.02        1262.00        
  12       3               27720.02        29232.02        1512.00        
  9        4               29232.02        30569.02        1337.00        
  15       3               32480.62        33496.62        1016.00        
  3        3               33496.62        34529.62        1033.00        
  33       5               34620.62        36122.62        1502.00        
  21       3               36122.62        37589.62        1467.00        
  2        3               37589.62        38620.62        1031.00        
  44       2               38625.41        40419.41        1794.00        
  44       3               40419.41        41956.41        1537.00        
  3        7               41956.41        43016.41        1060.00        
  15       5               43016.41        44335.41        1319.00        
  3        8               44335.41        45430.41        1095.00        
  37       6               45430.41        46491.41        1061.00        
  22       5               46491.41        48177.41        1686.00        
  15       7               48177.41        49127.41        950.00         
  20       2               49463.00        50414.00        951.00         
  19       7               50414.00        51937.00        1523.00        
  4        6               51937.00        53372.00        1435.00        
  5        5               53796.00        54744.00        948.00         
  23       5               54744.00        55701.00        957.00         
  20       4               55701.00        56910.00        1209.00        

  机器利用率: 49.27% (忙碌时间: 28707.00 / 总时间: 58266.00)

离散机7:
工件号      工序号             开始时间            结束时间            加工时长           
--------------------------------------------------------------------------------
  46       3               18326.00        19812.00        1486.00        
  46       5               21027.00        22389.00        1362.00        
  9        2               26074.02        27546.02        1472.00        
  9        3               27546.02        28966.02        1420.00        
  33       2               28966.02        30646.02        1680.00        
  34       2               31163.62        32461.62        1298.00        
  25       4               32461.62        33565.62        1104.00        
  37       2               33565.62        34496.62        931.00         
  38       2               34496.62        35514.62        1018.00        
  42       2               35514.62        36487.62        973.00         
  16       4               36487.62        38000.62        1513.00        
  10       3               38000.62        39351.62        1351.00        
  0        4               39351.62        40302.62        951.00         
  28       3               40340.41        41466.41        1126.00        
  33       6               41466.41        42708.41        1242.00        
  26       3               42708.41        43933.41        1225.00        
  24       6               43933.41        45450.41        1517.00        
  42       3               45450.41        46544.41        1094.00        
  4        4               46544.41        47647.41        1103.00        
  18       6               47647.41        49329.41        1682.00        
  7        3               49329.41        50944.41        1615.00        
  11       3               51003.00        52144.00        1141.00        
  11       4               52144.00        53087.00        943.00         
  15       9               53087.00        54049.00        962.00         
  0        8               54049.00        55640.00        1591.00        
  28       4               55640.00        56622.00        982.00         
  12       7               56622.00        57829.00        1207.00        

  机器利用率: 58.33% (忙碌时间: 33989.00 / 总时间: 58266.00)

离散机8:
工件号      工序号             开始时间            结束时间            加工时长           
--------------------------------------------------------------------------------
  30       2               17213.00        18227.00        1014.00        
  6        2               18227.00        19192.00        965.00         
  36       3               19841.00        21599.00        1758.00        
  36       4               21599.00        22789.00        1190.00        
  36       5               22789.00        24576.00        1787.00        
  30       6               24576.00        25906.00        1330.00        
  10       2               26074.02        27591.02        1517.00        
  32       2               27591.02        28751.02        1160.00        
  7        2               28751.02        30337.02        1586.00        
  4        2               31163.62        32161.62        998.00         
  2        2               32161.62        33537.62        1376.00        
  17       5               33537.62        34767.62        1230.00        
  24       4               34771.62        35853.62        1082.00        
  3        5               36412.62        37610.62        1198.00        
  26       2               38625.41        39966.41        1341.00        
  38       5               39966.41        41107.41        1141.00        
  10       5               41107.41        42098.41        991.00         
  10       6               42098.41        43000.41        902.00         
  16       6               43035.41        44220.41        1185.00        
  15       6               44335.41        45686.41        1351.00        
  18       5               45686.41        46649.41        963.00         
  3        9               46649.41        47803.41        1154.00        
  6        6               47803.41        49115.41        1312.00        
  11       2               49463.00        51003.00        1540.00        
  48       2               51003.00        52143.00        1140.00        
  20       3               52143.00        53199.00        1056.00        
  8        2               53199.00        54380.00        1181.00        

  机器利用率: 57.41% (忙碌时间: 33448.00 / 总时间: 58266.00)

【打印批次详细信息】
----------------------------------------------------------------------------------------------------

打印机 1 (尺寸: 908.0 x 580.0 x 648.0):
--------------------------------------------------------------------------------
  批次 1: 零件数=7, 占用率=52.11%
    - 8: 尺寸 53.0 x 139.0 x 78.0
    - 5: 尺寸 144.0 x 139.0 x 46.0
    - 29: 尺寸 178.0 x 113.0 x 144.0
    - 27: 尺寸 394.0 x 115.0 x 168.0
    - 11: 尺寸 92.0 x 90.0 x 82.0
    - 20: 尺寸 116.0 x 196.0 x 60.0
    - 48: 尺寸 356.0 x 423.0 x 100.0

打印机 2 (尺寸: 1023.0 x 424.0 x 616.0):
--------------------------------------------------------------------------------
  批次 1: 零件数=17, 占用率=95.20%
    - 25: 尺寸 146.0 x 260.0 x 87.0
    - 12: 尺寸 135.0 x 52.0 x 13.0
    - 35: 尺寸 351.0 x 359.0 x 99.0
    - 38: 尺寸 382.0 x 278.0 x 189.0
    - 31: 尺寸 140.0 x 96.0 x 76.0
    - 0: 尺寸 141.0 x 148.0 x 92.0
    - 16: 尺寸 141.0 x 66.0 x 169.0
    - 10: 尺寸 168.0 x 69.0 x 194.0
    - 9: 尺寸 198.0 x 53.0 x 188.0
    - 42: 尺寸 147.0 x 118.0 x 117.0
    - 7: 尺寸 62.0 x 66.0 x 69.0
    - 33: 尺寸 68.0 x 86.0 x 46.0
    - 41: 尺寸 174.0 x 86.0 x 113.0
    - 17: 尺寸 100.0 x 68.0 x 74.0
    - 32: 尺寸 101.0 x 53.0 x 38.0
    - 18: 尺寸 147.0 x 62.0 x 72.0
    - 45: 尺寸 105.0 x 62.0 x 143.0
  批次 2: 零件数=7, 占用率=81.33%
    - 49: 尺寸 301.0 x 160.0 x 28.0
    - 44: 尺寸 231.0 x 119.0 x 92.0
    - 28: 尺寸 455.0 x 342.0 x 96.0
    - 43: 尺寸 262.0 x 111.0 x 64.0
    - 19: 尺寸 300.0 x 159.0 x 72.0
    - 26: 尺寸 148.0 x 162.0 x 85.0
    - 14: 尺寸 116.0 x 179.0 x 44.0

打印机 3 (尺寸: 929.0 x 519.0 x 637.0):
--------------------------------------------------------------------------------
  批次 1: 零件数=14, 占用率=79.25%
    - 2: 尺寸 497.0 x 159.0 x 36.0
    - 39: 尺寸 149.0 x 98.0 x 69.0
    - 21: 尺寸 258.0 x 203.0 x 21.0
    - 37: 尺寸 162.0 x 86.0 x 52.0
    - 34: 尺寸 124.0 x 87.0 x 35.0
    - 40: 尺寸 354.0 x 96.0 x 64.0
    - 15: 尺寸 123.0 x 94.0 x 66.0
    - 22: 尺寸 326.0 x 132.0 x 58.0
    - 13: 尺寸 113.0 x 132.0 x 16.0
    - 1: 尺寸 65.0 x 71.0 x 30.0
    - 4: 尺寸 290.0 x 205.0 x 73.0
    - 24: 尺寸 60.0 x 130.0 x 57.0
    - 23: 尺寸 94.0 x 91.0 x 37.0
    - 3: 尺寸 272.0 x 101.0 x 72.0

打印机 4 (尺寸: 1089.0 x 414.0 x 657.0):
--------------------------------------------------------------------------------
  批次 1: 零件数=5, 占用率=73.10%
    - 36: 尺寸 356.0 x 146.0 x 13.0
    - 30: 尺寸 619.0 x 336.0 x 25.0
    - 6: 尺寸 117.0 x 150.0 x 12.0
    - 47: 尺寸 245.0 x 127.0 x 24.0
    - 46: 尺寸 179.0 x 117.0 x 21.0

════════════════════════════════════════════════════════════════
