════════════════════════════════════════════════════════════════
              Pareto前沿解集详细数据
════════════════════════════════════════════════════════════════

算例: J100P5B4D10_01
算法: SPEA2
运行次数: 1
解的数量: 15

----------------------------------------------------------------------------------------------------
序号       Cmax                 能耗(kWh)              装箱质量            批次数       
----------------------------------------------------------------------------------------------------
1        72802.80             919.82               0.4879          13        
2        73731.80             919.25               0.4879          13        
3        71181.93             921.13               0.4879          13        
4        72289.93             920.19               0.4879          13        
5        73344.93             919.45               0.4879          13        
6        71668.80             920.42               0.4879          13        
7        70603.80             926.95               0.4879          13        
8        70855.30             924.05               0.4879          13        
9        70674.67             925.49               0.4879          13        
10       70892.93             922.51               0.4879          13        
11       71165.93             922.01               0.4879          13        
12       72054.30             920.24               0.4879          13        
13       71572.93             920.60               0.4879          13        
14       72347.80             919.82               0.4879          13        
15       71253.93             921.12               0.4879          13        
----------------------------------------------------------------------------------------------------

统计信息:
  Cmax范围: [70603.80, 73731.80]
  能耗范围: [919.25, 926.95] kWh
  Cmax跨度: 3128.00 (4.24%)
  能耗跨度: 7.69 (0.83%)

════════════════════════════════════════════════════════════════
