════════════════════════════════════════════════════════════════
              最优Cmax解的详细调度记录
════════════════════════════════════════════════════════════════

【基本信息】
----------------------------------------------------------------------------------------------------
Cmax (最大完工时间): 75888.00
能耗: 237.53 kWh
装箱质量: 0.2497
批次总数: 2
工件数量: 10
机器数量: 5 (打印机:2, 批处理机:1, 离散机:2)

【染色体编码】
----------------------------------------------------------------------------------------------------
工序序列 (OS): [1, 4, 8, 3, 5, 9, 0, 7, 6, 2, 1, 9, 7, 9, 2, 1, 2, 9, 9, 7, 1, 0, 1, 7, 5, 5, 2, 1, 1, 5, 8, 6, 6, 8, 7, 0, 7, 1, 3, 9, 3, 6, 2, 0, 9, 7, 7, 1, 8, 9, 0, 8, 0, 2, 8, 5, 0]
机器选择 (MS): [2, 2, 2, 2, 2, 2, 1, 1, 2, 1, 1, 1, 1, 2, 1, 1, 1, 1, 2, 1, 2, 1, 2, 1, 1, 1, 2, 1, 1, 1, 1, 1, 1, 1, 2, 1, 1, 1, 1, 2, 1, 2, 2, 1, 1, 1, 1, 1, 2, 1, 1, 1, 1, 1, 1, 1, 1]

【零件加工顺序记录】
----------------------------------------------------------------------------------------------------
工件号      工序号             机器号             开始时间            结束时间            加工时长           
----------------------------------------------------------------------------------------------------

工件 0:
  0        0               打印机1            0.00            60116.00        60116.00       
  0        1               批处理机1           60116.00        61040.00        924.00         
  0        2               离散机2            63491.00        64971.00        1480.00        
  0        3               离散机1            65586.00        66840.00        1254.00        
  0        4               离散机2            68862.00        69999.00        1137.00        
  0        5               离散机2            69999.00        71553.00        1554.00        
  0        6               离散机1            73319.00        74638.00        1319.00        
  0        7               离散机2            74681.00        75687.00        1006.00        

工件 1:
  1        0               打印机2            0.00            44131.56        44131.56       
  1        1               批处理机1           44131.56        45055.56        924.00         
  1        2               离散机1            45055.56        46320.56        1265.00        
  1        3               离散机1            47812.56        49463.56        1651.00        
  1        4               离散机2            50675.56        51849.56        1174.00        
  1        5               离散机2            51849.56        53497.56        1648.00        
  1        6               离散机2            53497.56        54645.56        1148.00        
  1        7               离散机2            54645.56        55806.56        1161.00        
  1        8               离散机2            57266.56        58303.56        1037.00        
  1        9               离散机1            71818.00        73319.00        1501.00        

工件 2:
  2        0               打印机1            0.00            60116.00        60116.00       
  2        1               批处理机1           60116.00        61040.00        924.00         
  2        2               离散机1            62083.00        63094.00        1011.00        
  2        3               离散机1            63094.00        64104.00        1010.00        
  2        4               离散机2            64971.00        66192.00        1221.00        
  2        5               离散机1            68513.00        69616.00        1103.00        
  2        6               离散机1            74638.00        75888.00        1250.00        

工件 3:
  3        0               打印机2            0.00            44131.56        44131.56       
  3        1               批处理机1           44131.56        45055.56        924.00         
  3        2               离散机2            46128.56        47744.56        1616.00        
  3        3               离散机1            58286.56        59808.56        1522.00        

工件 4:
  4        0               打印机2            0.00            44131.56        44131.56       
  4        1               批处理机1           44131.56        45055.56        924.00         

工件 5:
  5        0               打印机2            0.00            44131.56        44131.56       
  5        1               批处理机1           44131.56        45055.56        924.00         
  5        2               离散机1            49463.56        50383.56        920.00         
  5        3               离散机1            50383.56        51288.56        905.00         
  5        4               离散机1            51288.56        52794.56        1506.00        
  5        5               离散机2            60662.56        61960.56        1298.00        

工件 6:
  6        0               打印机2            0.00            44131.56        44131.56       
  6        1               批处理机1           44131.56        45055.56        924.00         
  6        2               离散机1            54114.56        55116.56        1002.00        
  6        3               离散机2            55806.56        57266.56        1460.00        
  6        4               离散机1            66840.00        68513.00        1673.00        

工件 7:
  7        0               打印机1            0.00            60116.00        60116.00       
  7        1               批处理机1           60116.00        61040.00        924.00         
  7        2               离散机1            61040.00        62083.00        1043.00        
  7        3               离散机2            62083.00        63491.00        1408.00        
  7        4               离散机1            64104.00        65586.00        1482.00        
  7        5               离散机2            66192.00        67790.00        1598.00        
  7        6               离散机2            67790.00        68862.00        1072.00        
  7        7               离散机1            69616.00        70653.00        1037.00        
  7        8               离散机1            70653.00        71818.00        1165.00        

工件 8:
  8        0               打印机2            0.00            44131.56        44131.56       
  8        1               批处理机1           44131.56        45055.56        924.00         
  8        2               离散机1            52794.56        54114.56        1320.00        
  8        3               离散机1            55116.56        56661.56        1545.00        
  8        4               离散机1            59808.56        60898.56        1090.00        
  8        5               离散机2            71553.00        73244.00        1691.00        
  8        6               离散机2            73244.00        74681.00        1437.00        

工件 9:
  9        0               打印机2            0.00            44131.56        44131.56       
  9        1               批处理机1           44131.56        45055.56        924.00         
  9        2               离散机2            45055.56        46128.56        1073.00        
  9        3               离散机1            46320.56        47812.56        1492.00        
  9        4               离散机2            47812.56        49468.56        1656.00        
  9        5               离散机2            49468.56        50675.56        1207.00        
  9        6               离散机1            56661.56        58286.56        1625.00        
  9        7               离散机2            58303.56        59408.56        1105.00        
  9        8               离散机2            59408.56        60662.56        1254.00        

【机器加工顺序记录】
----------------------------------------------------------------------------------------------------

打印机1:
工件号      工序号             开始时间            结束时间            加工时长           
--------------------------------------------------------------------------------
  0        0               0.00            60116.00        60116.00       
  2        0               0.00            60116.00        60116.00       
  7        0               0.00            60116.00        60116.00       

  机器利用率: 237.65% (忙碌时间: 180348.00 / 总时间: 75888.00)

打印机2:
工件号      工序号             开始时间            结束时间            加工时长           
--------------------------------------------------------------------------------
  1        0               0.00            44131.56        44131.56       
  3        0               0.00            44131.56        44131.56       
  4        0               0.00            44131.56        44131.56       
  5        0               0.00            44131.56        44131.56       
  6        0               0.00            44131.56        44131.56       
  8        0               0.00            44131.56        44131.56       
  9        0               0.00            44131.56        44131.56       

  机器利用率: 407.07% (忙碌时间: 308920.89 / 总时间: 75888.00)

批处理机1:
工件号      工序号             开始时间            结束时间            加工时长           
--------------------------------------------------------------------------------
  1        1               44131.56        45055.56        924.00         
  3        1               44131.56        45055.56        924.00         
  4        1               44131.56        45055.56        924.00         
  5        1               44131.56        45055.56        924.00         
  6        1               44131.56        45055.56        924.00         
  8        1               44131.56        45055.56        924.00         
  9        1               44131.56        45055.56        924.00         
  0        1               60116.00        61040.00        924.00         
  2        1               60116.00        61040.00        924.00         
  7        1               60116.00        61040.00        924.00         

  机器利用率: 12.18% (忙碌时间: 9240.00 / 总时间: 75888.00)

离散机1:
工件号      工序号             开始时间            结束时间            加工时长           
--------------------------------------------------------------------------------
  1        2               45055.56        46320.56        1265.00        
  9        3               46320.56        47812.56        1492.00        
  1        3               47812.56        49463.56        1651.00        
  5        2               49463.56        50383.56        920.00         
  5        3               50383.56        51288.56        905.00         
  5        4               51288.56        52794.56        1506.00        
  8        2               52794.56        54114.56        1320.00        
  6        2               54114.56        55116.56        1002.00        
  8        3               55116.56        56661.56        1545.00        
  9        6               56661.56        58286.56        1625.00        
  3        3               58286.56        59808.56        1522.00        
  8        4               59808.56        60898.56        1090.00        
  7        2               61040.00        62083.00        1043.00        
  2        2               62083.00        63094.00        1011.00        
  2        3               63094.00        64104.00        1010.00        
  7        4               64104.00        65586.00        1482.00        
  0        3               65586.00        66840.00        1254.00        
  6        4               66840.00        68513.00        1673.00        
  2        5               68513.00        69616.00        1103.00        
  7        7               69616.00        70653.00        1037.00        
  7        8               70653.00        71818.00        1165.00        
  1        9               71818.00        73319.00        1501.00        
  0        6               73319.00        74638.00        1319.00        
  2        6               74638.00        75888.00        1250.00        

  机器利用率: 40.44% (忙碌时间: 30691.00 / 总时间: 75888.00)

离散机2:
工件号      工序号             开始时间            结束时间            加工时长           
--------------------------------------------------------------------------------
  9        2               45055.56        46128.56        1073.00        
  3        2               46128.56        47744.56        1616.00        
  9        4               47812.56        49468.56        1656.00        
  9        5               49468.56        50675.56        1207.00        
  1        4               50675.56        51849.56        1174.00        
  1        5               51849.56        53497.56        1648.00        
  1        6               53497.56        54645.56        1148.00        
  1        7               54645.56        55806.56        1161.00        
  6        3               55806.56        57266.56        1460.00        
  1        8               57266.56        58303.56        1037.00        
  9        7               58303.56        59408.56        1105.00        
  9        8               59408.56        60662.56        1254.00        
  5        5               60662.56        61960.56        1298.00        
  7        3               62083.00        63491.00        1408.00        
  0        2               63491.00        64971.00        1480.00        
  2        4               64971.00        66192.00        1221.00        
  7        5               66192.00        67790.00        1598.00        
  7        6               67790.00        68862.00        1072.00        
  0        4               68862.00        69999.00        1137.00        
  0        5               69999.00        71553.00        1554.00        
  8        5               71553.00        73244.00        1691.00        
  8        6               73244.00        74681.00        1437.00        
  0        7               74681.00        75687.00        1006.00        

  机器利用率: 40.11% (忙碌时间: 30441.00 / 总时间: 75888.00)

【打印批次详细信息】
----------------------------------------------------------------------------------------------------

打印机 1 (尺寸: 913.0 x 423.0 x 594.0):
--------------------------------------------------------------------------------
  批次 1: 零件数=3, 占用率=34.40%
    - 0: 尺寸 399.0 x 83.0 x 172.0
    - 7: 尺寸 433.0 x 196.0 x 199.0
    - 2: 尺寸 135.0 x 110.0 x 98.0

打印机 2 (尺寸: 1042.0 x 524.0 x 643.0):
--------------------------------------------------------------------------------
  批次 1: 零件数=7, 占用率=24.97%
    - 1: 尺寸 89.0 x 160.0 x 74.0
    - 4: 尺寸 285.0 x 113.0 x 66.0
    - 8: 尺寸 246.0 x 121.0 x 35.0
    - 3: 尺寸 180.0 x 64.0 x 65.0
    - 5: 尺寸 117.0 x 149.0 x 80.0
    - 9: 尺寸 83.0 x 134.0 x 83.0
    - 6: 尺寸 153.0 x 131.0 x 15.0

════════════════════════════════════════════════════════════════
