════════════════════════════════════════════════════════════════
              最优Cmax解的详细调度记录
════════════════════════════════════════════════════════════════

【基本信息】
----------------------------------------------------------------------------------------------------
Cmax (最大完工时间): 53706.24
能耗: 535.52 kWh
装箱质量: 0.5290
批次总数: 7
工件数量: 50
机器数量: 14 (打印机:4, 批处理机:2, 离散机:8)

【染色体编码】
----------------------------------------------------------------------------------------------------
工序序列 (OS): [24, 4, 5, 46, 45, 6, 14, 19, 15, 38, 34, 33, 32, 31, 11, 0, 28, 36, 12, 21, 9, 47, 43, 26, 35, 18, 40, 16, 27, 25, 44, 17, 42, 1, 13, 3, 29, 39, 20, 10, 7, 48, 49, 37, 22, 2, 8, 23, 30, 41, 19, 17, 47, 19, 28, 16, 11, 11, 38, 31, 33, 14, 19, 13, 25, 6, 46, 19, 21, 4, 5, 35, 47, 19, 5, 11, 48, 20, 21, 0, 17, 27, 47, 33, 14, 9, 6, 29, 23, 3, 29, 35, 7, 32, 47, 16, 4, 48, 9, 19, 49, 1, 9, 3, 0, 9, 49, 46, 6, 43, 4, 16, 17, 4, 24, 10, 39, 19, 5, 3, 39, 10, 13, 33, 39, 35, 0, 7, 39, 4, 8, 5, 30, 1, 4, 44, 6, 39, 26, 29, 14, 47, 49, 9, 33, 35, 9, 21, 44, 31, 38, 20, 17, 24, 28, 42, 42, 40, 4, 17, 29, 49, 10, 6, 49, 5, 28, 0, 29, 27, 28, 24, 46, 46, 48, 26, 3, 12, 22, 22, 29, 22, 6, 2, 2, 48, 21, 20, 48, 11, 35, 22, 15, 40, 17, 27, 35, 33, 20, 1, 1, 30, 44, 33, 13, 47, 4, 30, 49, 23, 27, 38, 28, 47, 23, 30, 38, 24, 26, 16, 31, 32, 38, 39, 17, 29, 21, 15, 0, 1, 12, 30, 35, 14, 7, 42, 33, 17, 39, 35, 39, 48, 26, 27, 30, 23, 27, 47, 25, 16, 33, 5, 19, 49, 8, 20, 22, 0, 48, 16]
机器选择 (MS): [1, 2, 4, 2, 3, 4, 3, 1, 1, 4, 4, 4, 1, 3, 3, 4, 3, 4, 4, 1, 3, 3, 4, 1, 2, 4, 3, 1, 1, 1, 1, 1, 3, 4, 1, 3, 2, 4, 1, 1, 4, 1, 4, 2, 1, 3, 3, 3, 3, 4, 1, 1, 1, 2, 1, 3, 3, 1, 1, 1, 1, 2, 2, 1, 1, 2, 1, 2, 2, 2, 2, 2, 3, 2, 1, 2, 1, 1, 1, 1, 1, 2, 1, 1, 1, 2, 1, 2, 1, 3, 1, 1, 1, 1, 2, 3, 1, 1, 1, 1, 2, 1, 2, 1, 1, 1, 1, 2, 2, 2, 1, 1, 3, 3, 2, 1, 2, 1, 1, 1, 1, 2, 1, 1, 1, 1, 1, 2, 1, 1, 1, 1, 1, 1, 1, 3, 1, 1, 2, 1, 1, 1, 1, 1, 1, 1, 1, 1, 1, 1, 1, 1, 1, 1, 3, 1, 1, 1, 1, 1, 1, 2, 1, 1, 2, 1, 2, 1, 1, 2, 1, 1, 1, 2, 1, 1, 1, 1, 2, 1, 3, 3, 1, 2, 1, 3, 3, 1, 1, 1, 1, 1, 1, 2, 2, 1, 2, 1, 1, 1, 1, 1, 2, 2, 1, 3, 2, 2, 1, 1, 1, 2, 1, 3, 3, 2, 1, 2, 1, 1, 2, 1, 1, 1, 2, 1, 1, 1, 1, 1, 2, 1, 1, 2, 1, 1, 1, 2, 1, 3, 2, 3, 2, 1, 3, 2, 2, 1, 1, 2, 1, 1, 1, 2, 1, 1, 1, 2, 1, 2]

【零件加工顺序记录】
----------------------------------------------------------------------------------------------------
工件号      工序号             机器号             开始时间            结束时间            加工时长           
----------------------------------------------------------------------------------------------------

工件 0:
  0        0               打印机4            0.00            19126.45        19126.45       
  0        1               批处理机1           19126.45        20001.45        875.00         
  0        2               离散机3            20001.45        21111.45        1110.00        
  0        3               离散机5            21359.45        22833.45        1474.00        
  0        4               离散机1            22833.45        24185.45        1352.00        
  0        5               离散机6            26036.45        27061.45        1025.00        
  0        6               离散机2            29043.45        30098.45        1055.00        
  0        7               离散机5            42141.29        43378.29        1237.00        

工件 1:
  1        0               打印机4            0.00            19126.45        19126.45       
  1        1               批处理机1           19126.45        20001.45        875.00         
  1        2               离散机4            21086.45        22641.45        1555.00        
  1        3               离散机5            22833.45        24179.45        1346.00        
  1        4               离散机2            27983.45        29043.45        1060.00        
  1        5               离散机1            31603.45        32578.45        975.00         
  1        6               离散机2            33009.45        34099.45        1090.00        

工件 2:
  2        0               打印机3            12840.12        41680.24        28840.12       
  2        1               批处理机1           41680.24        42555.24        875.00         
  2        2               离散机2            45365.29        46314.29        949.00         
  2        3               离散机6            47399.24        48735.24        1336.00        

工件 3:
  3        0               打印机3            0.00            12840.12        12840.12       
  3        1               批处理机1           12840.12        13715.12        875.00         
  3        2               离散机4            13715.12        15317.12        1602.00        
  3        3               离散机3            17577.12        18614.12        1037.00        
  3        4               离散机4            18614.12        19638.12        1024.00        
  3        5               离散机4            30701.45        31774.45        1073.00        

工件 4:
  4        0               打印机2            0.00            20315.00        20315.00       
  4        1               批处理机1           20315.00        21190.00        875.00         
  4        2               离散机6            21787.45        22925.45        1138.00        
  4        3               离散机4            22925.45        24025.45        1100.00        
  4        4               离散机3            24025.45        25216.45        1191.00        
  4        5               离散机5            25216.45        26405.45        1189.00        
  4        6               离散机7            26405.45        27874.45        1469.00        
  4        7               离散机6            28515.00        29474.00        959.00         
  4        8               离散机4            29787.45        30701.45        914.00         
  4        9               离散机5            30798.45        32546.45        1748.00        

工件 5:
  5        0               打印机4            0.00            19126.45        19126.45       
  5        1               批处理机1           19126.45        20001.45        875.00         
  5        2               离散机4            20001.45        21086.45        1085.00        
  5        3               离散机2            21086.45        22748.45        1662.00        
  5        4               离散机2            25070.45        26316.45        1246.00        
  5        5               离散机3            27712.00        29084.00        1372.00        
  5        6               离散机5            29105.45        30798.45        1693.00        
  5        7               离散机3            33737.00        34925.00        1188.00        

工件 6:
  6        0               打印机4            0.00            19126.45        19126.45       
  6        1               批处理机1           19126.45        20001.45        875.00         
  6        2               离散机5            20001.45        21359.45        1358.00        
  6        3               离散机8            22916.00        24521.00        1605.00        
  6        4               离散机7            24521.00        25446.00        925.00         
  6        5               离散机3            29084.00        30535.00        1451.00        
  6        6               离散机6            30535.00        31653.00        1118.00        
  6        7               离散机4            31774.45        32760.45        986.00         

工件 7:
  7        0               打印机4            0.00            19126.45        19126.45       
  7        1               批处理机1           19126.45        20001.45        875.00         
  7        2               离散机8            25543.00        27336.00        1793.00        
  7        3               离散机6            27336.00        28515.00        1179.00        
  7        4               离散机6            29474.00        30501.00        1027.00        

工件 8:
  8        0               打印机3            0.00            12840.12        12840.12       
  8        1               批处理机1           12840.12        13715.12        875.00         
  8        2               离散机1            13715.12        14805.12        1090.00        
  8        3               离散机7            14805.12        16162.12        1357.00        

工件 9:
  9        0               打印机3            0.00            12840.12        12840.12       
  9        1               批处理机1           12840.12        13715.12        875.00         
  9        2               离散机5            16432.12        17350.12        918.00         
  9        3               离散机1            17350.12        18766.12        1416.00        
  9        4               离散机7            18766.12        20081.12        1315.00        
  9        5               离散机7            20081.12        21455.12        1374.00        
  9        6               离散机1            24185.45        25288.45        1103.00        
  9        7               离散机1            27030.45        28194.45        1164.00        

工件 10:
  10       0               打印机1            0.00            33290.29        33290.29       
  10       1               批处理机1           33290.29        34165.29        875.00         
  10       2               离散机8            35067.29        35973.29        906.00         
  10       3               离散机2            39006.29        40201.29        1195.00        
  10       4               离散机6            40201.29        41835.29        1634.00        

工件 11:
  11       0               打印机3            0.00            12840.12        12840.12       
  11       1               批处理机1           12840.12        13715.12        875.00         
  11       2               离散机5            13715.12        15020.12        1305.00        
  11       3               离散机3            15020.12        15933.12        913.00         
  11       4               离散机3            15933.12        17577.12        1644.00        
  11       5               离散机5            18378.12        19767.12        1389.00        

工件 12:
  12       0               打印机4            0.00            19126.45        19126.45       
  12       1               批处理机1           19126.45        20001.45        875.00         
  12       2               离散机5            24179.45        25195.45        1016.00        
  12       3               离散机2            30098.45        31553.45        1455.00        

工件 13:
  13       0               打印机1            33290.29        42580.57        9290.29        
  13       1               批处理机1           42580.57        43455.57        875.00         
  13       2               离散机6            44022.24        44990.24        968.00         
  13       3               离散机5            44990.24        45985.24        995.00         
  13       4               离散机5            45985.24        47157.24        1172.00        

工件 14:
  14       0               打印机3            0.00            12840.12        12840.12       
  14       1               批处理机1           12840.12        13715.12        875.00         
  14       2               离散机8            13715.12        14694.12        979.00         
  14       3               离散机5            15020.12        16432.12        1412.00        
  14       4               离散机8            16432.12        17379.12        947.00         
  14       5               离散机4            32760.45        33688.45        928.00         

工件 15:
  15       0               打印机1            0.00            33290.29        33290.29       
  15       1               批处理机1           33290.29        34165.29        875.00         
  15       2               离散机6            36955.29        37859.29        904.00         
  15       3               离散机4            50191.24        51151.24        960.00         

工件 16:
  16       0               打印机1            0.00            33290.29        33290.29       
  16       1               批处理机1           33290.29        34165.29        875.00         
  16       2               离散机4            34165.29        35108.29        943.00         
  16       3               离散机7            35108.29        36526.29        1418.00        
  16       4               离散机7            38314.29        39942.29        1628.00        
  16       5               离散机3            44692.29        45697.29        1005.00        
  16       6               离散机1            45957.29        47306.29        1349.00        
  16       7               离散机7            51555.57        52690.57        1135.00        

工件 17:
  17       0               打印机1            0.00            33290.29        33290.29       
  17       1               批处理机1           33290.29        34165.29        875.00         
  17       2               离散机1            34165.29        35313.29        1148.00        
  17       3               离散机2            36287.29        37577.29        1290.00        
  17       4               离散机1            38474.29        40144.29        1670.00        
  17       5               离散机7            40144.29        41832.29        1688.00        
  17       6               离散机8            41999.29        43788.29        1789.00        
  17       7               离散机5            43788.29        44813.29        1025.00        
  17       8               离散机7            48467.57        49920.57        1453.00        
  17       9               离散机7            49920.57        51555.57        1635.00        

工件 18:
  18       0               打印机4            19126.45        25311.73        6185.27        
  18       1               批处理机1           25311.73        26186.73        875.00         

工件 19:
  19       0               打印机1            0.00            33290.29        33290.29       
  19       1               批处理机1           33290.29        34165.29        875.00         
  19       2               离散机2            34165.29        35117.29        952.00         
  19       3               离散机3            35117.29        36706.29        1589.00        
  19       4               离散机7            36706.29        38314.29        1608.00        
  19       5               离散机4            38314.29        39966.29        1652.00        
  19       6               离散机5            39966.29        40898.29        932.00         
  19       7               离散机8            40898.29        41999.29        1101.00        
  19       8               离散机4            41999.29        43019.29        1020.00        
  19       9               离散机1            43019.29        44226.29        1207.00        

工件 20:
  20       0               打印机1            0.00            33290.29        33290.29       
  20       1               批处理机1           33290.29        34165.29        875.00         
  20       2               离散机5            34165.29        35663.29        1498.00        
  20       3               离散机2            41949.29        43020.29        1071.00        
  20       4               离散机3            43020.29        44692.29        1672.00        
  20       5               离散机1            44692.29        45957.29        1265.00        
  20       6               离散机1            47306.29        48380.29        1074.00        

工件 21:
  21       0               打印机1            0.00            33290.29        33290.29       
  21       1               批处理机1           33290.29        34165.29        875.00         
  21       2               离散机1            35313.29        36904.29        1591.00        
  21       3               离散机1            36904.29        38474.29        1570.00        
  21       4               离散机2            40201.29        41949.29        1748.00        
  21       5               离散机7            43787.24        45483.24        1696.00        
  21       6               离散机3            45697.29        46880.29        1183.00        

工件 22:
  22       0               打印机1            33290.29        42580.57        9290.29        
  22       1               批处理机1           42580.57        43455.57        875.00         
  22       2               离散机2            44134.29        45365.29        1231.00        
  22       3               离散机6            46390.24        47399.24        1009.00        
  22       4               离散机4            47399.24        48486.24        1087.00        
  22       5               离散机1            48486.24        49517.24        1031.00        
  22       6               离散机2            51984.29        52988.29        1004.00        

工件 23:
  23       0               打印机3            12840.12        41680.24        28840.12       
  23       1               批处理机1           41680.24        42555.24        875.00         
  23       2               离散机4            44970.57        46150.57        1180.00        
  23       3               离散机8            48948.24        49918.24        970.00         
  23       4               离散机6            49918.24        50862.24        944.00         
  23       5               离散机1            51124.24        52365.24        1241.00        

工件 24:
  24       0               打印机1            0.00            33290.29        33290.29       
  24       1               批处理机1           33290.29        34165.29        875.00         
  24       2               离散机4            35108.29        36305.29        1197.00        
  24       3               离散机5            37044.29        38108.29        1064.00        
  24       4               离散机3            38108.29        39735.29        1627.00        
  24       5               离散机3            39735.29        41149.29        1414.00        

工件 25:
  25       0               打印机1            0.00            33290.29        33290.29       
  25       1               批处理机1           33290.29        34165.29        875.00         
  25       2               离散机2            35117.29        36287.29        1170.00        
  25       3               离散机3            49500.29        50426.29        926.00         

工件 26:
  26       0               打印机1            0.00            33290.29        33290.29       
  26       1               批处理机1           33290.29        34165.29        875.00         
  26       2               离散机4            36305.29        37945.29        1640.00        
  26       3               离散机4            39966.29        40975.29        1009.00        
  26       4               离散机3            41149.29        42946.29        1797.00        
  26       5               离散机4            51151.24        52475.24        1324.00        

工件 27:
  27       0               打印机1            33290.29        42580.57        9290.29        
  27       1               批处理机1           42580.57        43455.57        875.00         
  27       2               离散机4            43455.57        44970.57        1515.00        
  27       3               离散机4            46150.57        47345.57        1195.00        
  27       4               离散机7            47345.57        48467.57        1122.00        
  27       5               离散机5            48690.24        49735.24        1045.00        
  27       6               离散机2            50083.29        51018.29        935.00         
  27       7               离散机4            52475.24        53378.24        903.00         

工件 28:
  28       0               打印机3            0.00            12840.12        12840.12       
  28       1               批处理机1           12840.12        13715.12        875.00         
  28       2               离散机7            13715.12        14741.12        1026.00        
  28       3               离散机4            15317.12        16850.12        1533.00        
  28       4               离散机5            17350.12        18378.12        1028.00        
  28       5               离散机2            18378.12        19288.12        910.00         
  28       6               离散机2            19288.12        20450.12        1162.00        

工件 29:
  29       0               打印机2            0.00            20315.00        20315.00       
  29       1               批处理机1           20315.00        21190.00        875.00         
  29       2               离散机8            24521.00        25543.00        1022.00        
  29       3               离散机3            25543.00        26598.00        1055.00        
  29       4               离散机8            27336.00        28493.00        1157.00        
  29       5               离散机8            28493.00        29535.00        1042.00        
  29       6               离散机6            31653.00        33334.00        1681.00        
  29       7               离散机6            35617.29        36955.29        1338.00        
  29       8               离散机3            36955.29        38042.29        1087.00        

工件 30:
  30       0               打印机3            12840.12        41680.24        28840.12       
  30       1               批处理机1           41680.24        42555.24        875.00         
  30       2               离散机7            42555.24        43787.24        1232.00        
  30       3               离散机7            45483.24        46701.24        1218.00        
  30       4               离散机8            47659.24        48948.24        1289.00        
  30       5               离散机5            49735.24        51299.24        1564.00        
  30       6               离散机5            51299.24        52768.24        1469.00        
  30       7               离散机7            52768.24        53706.24        938.00         

工件 31:
  31       0               打印机3            0.00            12840.12        12840.12       
  31       1               批处理机1           12840.12        13715.12        875.00         
  31       2               离散机3            13715.12        14979.12        1264.00        
  31       3               离散机6            14979.12        16033.12        1054.00        
  31       4               离散机4            16850.12        18293.12        1443.00        

工件 32:
  32       0               打印机1            0.00            33290.29        33290.29       
  32       1               批处理机1           33290.29        34165.29        875.00         
  32       2               离散机8            34165.29        35067.29        902.00         
  32       3               离散机2            47310.29        48992.29        1682.00        

工件 33:
  33       0               打印机4            0.00            19126.45        19126.45       
  33       1               批处理机1           19126.45        20001.45        875.00         
  33       2               离散机6            20001.45        21787.45        1786.00        
  33       3               离散机2            22748.45        23651.45        903.00         
  33       4               离散机6            24682.45        26036.45        1354.00        
  33       5               离散机7            27874.45        29198.45        1324.00        
  33       6               离散机1            30488.45        31603.45        1115.00        
  33       7               离散机2            31603.45        33009.45        1406.00        
  33       8               离散机6            37859.29        39474.29        1615.00        
  33       9               离散机2            51018.29        51984.29        966.00         

工件 34:
  34       0               打印机4            0.00            19126.45        19126.45       
  34       1               批处理机1           19126.45        20001.45        875.00         

工件 35:
  35       0               打印机2            0.00            20315.00        20315.00       
  35       1               批处理机1           20315.00        21190.00        875.00         
  35       2               离散机8            21190.00        22916.00        1726.00        
  35       3               离散机6            22925.45        24682.45        1757.00        
  35       4               离散机5            26405.45        27539.45        1134.00        
  35       5               离散机5            27539.45        29105.45        1566.00        
  35       6               离散机1            29570.45        30488.45        918.00         
  35       7               离散机8            30728.00        32321.00        1593.00        
  35       8               离散机5            32546.45        34022.45        1476.00        
  35       9               离散机2            48992.29        50083.29        1091.00        

工件 36:
  36       0               打印机4            19126.45        25311.73        6185.27        
  36       1               批处理机1           25311.73        26186.73        875.00         

工件 37:
  37       0               打印机2            0.00            20315.00        20315.00       
  37       1               批处理机1           20315.00        21190.00        875.00         

工件 38:
  38       0               打印机4            0.00            19126.45        19126.45       
  38       1               批处理机1           19126.45        20001.45        875.00         
  38       2               离散机1            20001.45        21161.45        1160.00        
  38       3               离散机7            22489.12        23552.12        1063.00        
  38       4               离散机8            32321.00        33388.00        1067.00        
  38       5               离散机8            35973.29        37038.29        1065.00        
  38       6               离散机5            38108.29        39815.29        1707.00        

工件 39:
  39       0               打印机4            0.00            19126.45        19126.45       
  39       1               批处理机1           19126.45        20001.45        875.00         
  39       2               离散机7            21455.12        22489.12        1034.00        
  39       3               离散机4            24025.45        25397.45        1372.00        
  39       4               离散机1            25397.45        27030.45        1633.00        
  39       5               离散机4            27030.45        28336.45        1306.00        
  39       6               离散机4            28336.45        29787.45        1451.00        
  39       7               离散机1            32578.45        33805.45        1227.00        
  39       8               离散机1            41319.29        42896.29        1577.00        
  39       9               离散机3            46880.29        48016.29        1136.00        

工件 40:
  40       0               打印机3            12840.12        41680.24        28840.12       
  40       1               批处理机1           41680.24        42555.24        875.00         
  40       2               离散机2            43020.29        44134.29        1114.00        
  40       3               离散机4            48486.24        50191.24        1705.00        

工件 41:
  41       0               打印机4            19126.45        25311.73        6185.27        
  41       1               批处理机1           25311.73        26186.73        875.00         

工件 42:
  42       0               打印机3            0.00            12840.12        12840.12       
  42       1               批处理机1           12840.12        13715.12        875.00         
  42       2               离散机6            16033.12        17635.12        1602.00        
  42       3               离散机3            18614.12        19803.12        1189.00        
  42       4               离散机3            32544.00        33737.00        1193.00        

工件 43:
  43       0               打印机4            19126.45        25311.73        6185.27        
  43       1               批处理机1           25311.73        26186.73        875.00         
  43       2               离散机3            26598.00        27712.00        1114.00        

工件 44:
  44       0               打印机1            0.00            33290.29        33290.29       
  44       1               批处理机1           33290.29        34165.29        875.00         
  44       2               离散机5            35663.29        37044.29        1381.00        
  44       3               离散机8            37044.29        38822.29        1778.00        
  44       4               离散机4            40975.29        41957.29        982.00         

工件 45:
  45       0               打印机3            0.00            12840.12        12840.12       
  45       1               批处理机1           12840.12        13715.12        875.00         

工件 46:
  46       0               打印机2            0.00            20315.00        20315.00       
  46       1               批处理机1           20315.00        21190.00        875.00         
  46       2               离散机1            21190.00        22777.00        1587.00        
  46       3               离散机3            22777.00        23974.00        1197.00        
  46       4               离散机4            25397.45        26922.45        1525.00        
  46       5               离散机8            29535.00        30728.00        1193.00        

工件 47:
  47       0               打印机3            12840.12        41680.24        28840.12       
  47       1               批处理机1           41680.24        42555.24        875.00         
  47       2               离散机6            42555.24        44022.24        1467.00        
  47       3               离散机8            44022.24        45142.24        1120.00        
  47       4               离散机6            45142.24        46390.24        1248.00        
  47       5               离散机8            46390.24        47659.24        1269.00        
  47       6               离散机5            47659.24        48690.24        1031.00        
  47       7               离散机1            49517.24        51124.24        1607.00        
  47       8               离散机6            51124.24        52447.24        1323.00        
  47       9               离散机6            52447.24        53610.24        1163.00        

工件 48:
  48       0               打印机1            0.00            33290.29        33290.29       
  48       1               批处理机1           33290.29        34165.29        875.00         
  48       2               离散机6            34165.29        35617.29        1452.00        
  48       3               离散机2            37577.29        39006.29        1429.00        
  48       4               离散机1            40144.29        41319.29        1175.00        
  48       5               离散机8            45142.24        46282.24        1140.00        
  48       6               离散机2            46314.29        47310.29        996.00         
  48       7               离散机3            48016.29        49500.29        1484.00        
  48       8               离散机1            52365.24        53655.24        1290.00        

工件 49:
  49       0               打印机4            0.00            19126.45        19126.45       
  49       1               批处理机1           19126.45        20001.45        875.00         
  49       2               离散机3            21111.45        22350.45        1239.00        
  49       3               离散机2            23651.45        25070.45        1419.00        
  49       4               离散机2            26316.45        27983.45        1667.00        
  49       5               离散机1            28194.45        29570.45        1376.00        
  49       6               离散机3            30535.00        31621.00        1086.00        
  49       7               离散机3            31621.00        32544.00        923.00         
  49       8               离散机5            40898.29        42141.29        1243.00        

【机器加工顺序记录】
----------------------------------------------------------------------------------------------------

打印机1:
工件号      工序号             开始时间            结束时间            加工时长           
--------------------------------------------------------------------------------
  10       0               0.00            33290.29        33290.29       
  15       0               0.00            33290.29        33290.29       
  16       0               0.00            33290.29        33290.29       
  17       0               0.00            33290.29        33290.29       
  19       0               0.00            33290.29        33290.29       
  20       0               0.00            33290.29        33290.29       
  21       0               0.00            33290.29        33290.29       
  24       0               0.00            33290.29        33290.29       
  25       0               0.00            33290.29        33290.29       
  26       0               0.00            33290.29        33290.29       
  32       0               0.00            33290.29        33290.29       
  44       0               0.00            33290.29        33290.29       
  48       0               0.00            33290.29        33290.29       
  13       0               33290.29        42580.57        9290.29        
  22       0               33290.29        42580.57        9290.29        
  27       0               33290.29        42580.57        9290.29        

  机器利用率: 857.71% (忙碌时间: 460644.57 / 总时间: 53706.24)

打印机2:
工件号      工序号             开始时间            结束时间            加工时长           
--------------------------------------------------------------------------------
  4        0               0.00            20315.00        20315.00       
  29       0               0.00            20315.00        20315.00       
  35       0               0.00            20315.00        20315.00       
  37       0               0.00            20315.00        20315.00       
  46       0               0.00            20315.00        20315.00       

  机器利用率: 189.13% (忙碌时间: 101575.00 / 总时间: 53706.24)

打印机3:
工件号      工序号             开始时间            结束时间            加工时长           
--------------------------------------------------------------------------------
  3        0               0.00            12840.12        12840.12       
  8        0               0.00            12840.12        12840.12       
  9        0               0.00            12840.12        12840.12       
  11       0               0.00            12840.12        12840.12       
  14       0               0.00            12840.12        12840.12       
  28       0               0.00            12840.12        12840.12       
  31       0               0.00            12840.12        12840.12       
  42       0               0.00            12840.12        12840.12       
  45       0               0.00            12840.12        12840.12       
  2        0               12840.12        41680.24        28840.12       
  23       0               12840.12        41680.24        28840.12       
  30       0               12840.12        41680.24        28840.12       
  40       0               12840.12        41680.24        28840.12       
  47       0               12840.12        41680.24        28840.12       

  机器利用率: 483.67% (忙碌时间: 259761.69 / 总时间: 53706.24)

打印机4:
工件号      工序号             开始时间            结束时间            加工时长           
--------------------------------------------------------------------------------
  0        0               0.00            19126.45        19126.45       
  1        0               0.00            19126.45        19126.45       
  5        0               0.00            19126.45        19126.45       
  6        0               0.00            19126.45        19126.45       
  7        0               0.00            19126.45        19126.45       
  12       0               0.00            19126.45        19126.45       
  33       0               0.00            19126.45        19126.45       
  34       0               0.00            19126.45        19126.45       
  38       0               0.00            19126.45        19126.45       
  39       0               0.00            19126.45        19126.45       
  49       0               0.00            19126.45        19126.45       
  18       0               19126.45        25311.73        6185.27        
  36       0               19126.45        25311.73        6185.27        
  41       0               19126.45        25311.73        6185.27        
  43       0               19126.45        25311.73        6185.27        

  机器利用率: 437.81% (忙碌时间: 235132.06 / 总时间: 53706.24)

批处理机1:
工件号      工序号             开始时间            结束时间            加工时长           
--------------------------------------------------------------------------------
  3        1               12840.12        13715.12        875.00         
  8        1               12840.12        13715.12        875.00         
  9        1               12840.12        13715.12        875.00         
  11       1               12840.12        13715.12        875.00         
  14       1               12840.12        13715.12        875.00         
  28       1               12840.12        13715.12        875.00         
  31       1               12840.12        13715.12        875.00         
  42       1               12840.12        13715.12        875.00         
  45       1               12840.12        13715.12        875.00         
  0        1               19126.45        20001.45        875.00         
  1        1               19126.45        20001.45        875.00         
  5        1               19126.45        20001.45        875.00         
  6        1               19126.45        20001.45        875.00         
  7        1               19126.45        20001.45        875.00         
  12       1               19126.45        20001.45        875.00         
  33       1               19126.45        20001.45        875.00         
  34       1               19126.45        20001.45        875.00         
  38       1               19126.45        20001.45        875.00         
  39       1               19126.45        20001.45        875.00         
  49       1               19126.45        20001.45        875.00         
  4        1               20315.00        21190.00        875.00         
  29       1               20315.00        21190.00        875.00         
  35       1               20315.00        21190.00        875.00         
  37       1               20315.00        21190.00        875.00         
  46       1               20315.00        21190.00        875.00         
  18       1               25311.73        26186.73        875.00         
  36       1               25311.73        26186.73        875.00         
  41       1               25311.73        26186.73        875.00         
  43       1               25311.73        26186.73        875.00         
  10       1               33290.29        34165.29        875.00         
  15       1               33290.29        34165.29        875.00         
  16       1               33290.29        34165.29        875.00         
  17       1               33290.29        34165.29        875.00         
  19       1               33290.29        34165.29        875.00         
  20       1               33290.29        34165.29        875.00         
  21       1               33290.29        34165.29        875.00         
  24       1               33290.29        34165.29        875.00         
  25       1               33290.29        34165.29        875.00         
  26       1               33290.29        34165.29        875.00         
  32       1               33290.29        34165.29        875.00         
  44       1               33290.29        34165.29        875.00         
  48       1               33290.29        34165.29        875.00         
  2        1               41680.24        42555.24        875.00         
  23       1               41680.24        42555.24        875.00         
  30       1               41680.24        42555.24        875.00         
  40       1               41680.24        42555.24        875.00         
  47       1               41680.24        42555.24        875.00         
  13       1               42580.57        43455.57        875.00         
  22       1               42580.57        43455.57        875.00         
  27       1               42580.57        43455.57        875.00         

  机器利用率: 81.46% (忙碌时间: 43750.00 / 总时间: 53706.24)

批处理机2:
工件号      工序号             开始时间            结束时间            加工时长           
--------------------------------------------------------------------------------

  机器利用率: 0.00% (忙碌时间: 0.00 / 总时间: 53706.24)

离散机1:
工件号      工序号             开始时间            结束时间            加工时长           
--------------------------------------------------------------------------------
  8        2               13715.12        14805.12        1090.00        
  9        3               17350.12        18766.12        1416.00        
  38       2               20001.45        21161.45        1160.00        
  46       2               21190.00        22777.00        1587.00        
  0        4               22833.45        24185.45        1352.00        
  9        6               24185.45        25288.45        1103.00        
  39       4               25397.45        27030.45        1633.00        
  9        7               27030.45        28194.45        1164.00        
  49       5               28194.45        29570.45        1376.00        
  35       6               29570.45        30488.45        918.00         
  33       6               30488.45        31603.45        1115.00        
  1        5               31603.45        32578.45        975.00         
  39       7               32578.45        33805.45        1227.00        
  17       2               34165.29        35313.29        1148.00        
  21       2               35313.29        36904.29        1591.00        
  21       3               36904.29        38474.29        1570.00        
  17       4               38474.29        40144.29        1670.00        
  48       4               40144.29        41319.29        1175.00        
  39       8               41319.29        42896.29        1577.00        
  19       9               43019.29        44226.29        1207.00        
  20       5               44692.29        45957.29        1265.00        
  16       6               45957.29        47306.29        1349.00        
  20       6               47306.29        48380.29        1074.00        
  22       5               48486.24        49517.24        1031.00        
  47       7               49517.24        51124.24        1607.00        
  23       5               51124.24        52365.24        1241.00        
  48       8               52365.24        53655.24        1290.00        

  机器利用率: 65.00% (忙碌时间: 34911.00 / 总时间: 53706.24)

离散机2:
工件号      工序号             开始时间            结束时间            加工时长           
--------------------------------------------------------------------------------
  28       5               18378.12        19288.12        910.00         
  28       6               19288.12        20450.12        1162.00        
  5        3               21086.45        22748.45        1662.00        
  33       3               22748.45        23651.45        903.00         
  49       3               23651.45        25070.45        1419.00        
  5        4               25070.45        26316.45        1246.00        
  49       4               26316.45        27983.45        1667.00        
  1        4               27983.45        29043.45        1060.00        
  0        6               29043.45        30098.45        1055.00        
  12       3               30098.45        31553.45        1455.00        
  33       7               31603.45        33009.45        1406.00        
  1        6               33009.45        34099.45        1090.00        
  19       2               34165.29        35117.29        952.00         
  25       2               35117.29        36287.29        1170.00        
  17       3               36287.29        37577.29        1290.00        
  48       3               37577.29        39006.29        1429.00        
  10       3               39006.29        40201.29        1195.00        
  21       4               40201.29        41949.29        1748.00        
  20       3               41949.29        43020.29        1071.00        
  40       2               43020.29        44134.29        1114.00        
  22       2               44134.29        45365.29        1231.00        
  2        2               45365.29        46314.29        949.00         
  48       6               46314.29        47310.29        996.00         
  32       3               47310.29        48992.29        1682.00        
  35       9               48992.29        50083.29        1091.00        
  27       6               50083.29        51018.29        935.00         
  33       9               51018.29        51984.29        966.00         
  22       6               51984.29        52988.29        1004.00        

  机器利用率: 63.04% (忙碌时间: 33858.00 / 总时间: 53706.24)

离散机3:
工件号      工序号             开始时间            结束时间            加工时长           
--------------------------------------------------------------------------------
  31       2               13715.12        14979.12        1264.00        
  11       3               15020.12        15933.12        913.00         
  11       4               15933.12        17577.12        1644.00        
  3        3               17577.12        18614.12        1037.00        
  42       3               18614.12        19803.12        1189.00        
  0        2               20001.45        21111.45        1110.00        
  49       2               21111.45        22350.45        1239.00        
  46       3               22777.00        23974.00        1197.00        
  4        4               24025.45        25216.45        1191.00        
  29       3               25543.00        26598.00        1055.00        
  43       2               26598.00        27712.00        1114.00        
  5        5               27712.00        29084.00        1372.00        
  6        5               29084.00        30535.00        1451.00        
  49       6               30535.00        31621.00        1086.00        
  49       7               31621.00        32544.00        923.00         
  42       4               32544.00        33737.00        1193.00        
  5        7               33737.00        34925.00        1188.00        
  19       3               35117.29        36706.29        1589.00        
  29       8               36955.29        38042.29        1087.00        
  24       4               38108.29        39735.29        1627.00        
  24       5               39735.29        41149.29        1414.00        
  26       4               41149.29        42946.29        1797.00        
  20       4               43020.29        44692.29        1672.00        
  16       5               44692.29        45697.29        1005.00        
  21       6               45697.29        46880.29        1183.00        
  39       9               46880.29        48016.29        1136.00        
  48       7               48016.29        49500.29        1484.00        
  25       3               49500.29        50426.29        926.00         

  机器利用率: 65.33% (忙碌时间: 35086.00 / 总时间: 53706.24)

离散机4:
工件号      工序号             开始时间            结束时间            加工时长           
--------------------------------------------------------------------------------
  3        2               13715.12        15317.12        1602.00        
  28       3               15317.12        16850.12        1533.00        
  31       4               16850.12        18293.12        1443.00        
  3        4               18614.12        19638.12        1024.00        
  5        2               20001.45        21086.45        1085.00        
  1        2               21086.45        22641.45        1555.00        
  4        3               22925.45        24025.45        1100.00        
  39       3               24025.45        25397.45        1372.00        
  46       4               25397.45        26922.45        1525.00        
  39       5               27030.45        28336.45        1306.00        
  39       6               28336.45        29787.45        1451.00        
  4        8               29787.45        30701.45        914.00         
  3        5               30701.45        31774.45        1073.00        
  6        7               31774.45        32760.45        986.00         
  14       5               32760.45        33688.45        928.00         
  16       2               34165.29        35108.29        943.00         
  24       2               35108.29        36305.29        1197.00        
  26       2               36305.29        37945.29        1640.00        
  19       5               38314.29        39966.29        1652.00        
  26       3               39966.29        40975.29        1009.00        
  44       4               40975.29        41957.29        982.00         
  19       8               41999.29        43019.29        1020.00        
  27       2               43455.57        44970.57        1515.00        
  23       2               44970.57        46150.57        1180.00        
  27       3               46150.57        47345.57        1195.00        
  22       4               47399.24        48486.24        1087.00        
  40       3               48486.24        50191.24        1705.00        
  15       3               50191.24        51151.24        960.00         
  26       5               51151.24        52475.24        1324.00        
  27       7               52475.24        53378.24        903.00         

  机器利用率: 69.28% (忙碌时间: 37209.00 / 总时间: 53706.24)

离散机5:
工件号      工序号             开始时间            结束时间            加工时长           
--------------------------------------------------------------------------------
  11       2               13715.12        15020.12        1305.00        
  14       3               15020.12        16432.12        1412.00        
  9        2               16432.12        17350.12        918.00         
  28       4               17350.12        18378.12        1028.00        
  11       5               18378.12        19767.12        1389.00        
  6        2               20001.45        21359.45        1358.00        
  0        3               21359.45        22833.45        1474.00        
  1        3               22833.45        24179.45        1346.00        
  12       2               24179.45        25195.45        1016.00        
  4        5               25216.45        26405.45        1189.00        
  35       4               26405.45        27539.45        1134.00        
  35       5               27539.45        29105.45        1566.00        
  5        6               29105.45        30798.45        1693.00        
  4        9               30798.45        32546.45        1748.00        
  35       8               32546.45        34022.45        1476.00        
  20       2               34165.29        35663.29        1498.00        
  44       2               35663.29        37044.29        1381.00        
  24       3               37044.29        38108.29        1064.00        
  38       6               38108.29        39815.29        1707.00        
  19       6               39966.29        40898.29        932.00         
  49       8               40898.29        42141.29        1243.00        
  0        7               42141.29        43378.29        1237.00        
  17       7               43788.29        44813.29        1025.00        
  13       3               44990.24        45985.24        995.00         
  13       4               45985.24        47157.24        1172.00        
  47       6               47659.24        48690.24        1031.00        
  27       5               48690.24        49735.24        1045.00        
  30       5               49735.24        51299.24        1564.00        
  30       6               51299.24        52768.24        1469.00        

  机器利用率: 69.67% (忙碌时间: 37415.00 / 总时间: 53706.24)

离散机6:
工件号      工序号             开始时间            结束时间            加工时长           
--------------------------------------------------------------------------------
  31       3               14979.12        16033.12        1054.00        
  42       2               16033.12        17635.12        1602.00        
  33       2               20001.45        21787.45        1786.00        
  4        2               21787.45        22925.45        1138.00        
  35       3               22925.45        24682.45        1757.00        
  33       4               24682.45        26036.45        1354.00        
  0        5               26036.45        27061.45        1025.00        
  7        3               27336.00        28515.00        1179.00        
  4        7               28515.00        29474.00        959.00         
  7        4               29474.00        30501.00        1027.00        
  6        6               30535.00        31653.00        1118.00        
  29       6               31653.00        33334.00        1681.00        
  48       2               34165.29        35617.29        1452.00        
  29       7               35617.29        36955.29        1338.00        
  15       2               36955.29        37859.29        904.00         
  33       8               37859.29        39474.29        1615.00        
  10       4               40201.29        41835.29        1634.00        
  47       2               42555.24        44022.24        1467.00        
  13       2               44022.24        44990.24        968.00         
  47       4               45142.24        46390.24        1248.00        
  22       3               46390.24        47399.24        1009.00        
  2        3               47399.24        48735.24        1336.00        
  23       4               49918.24        50862.24        944.00         
  47       8               51124.24        52447.24        1323.00        
  47       9               52447.24        53610.24        1163.00        

  机器利用率: 59.73% (忙碌时间: 32081.00 / 总时间: 53706.24)

离散机7:
工件号      工序号             开始时间            结束时间            加工时长           
--------------------------------------------------------------------------------
  28       2               13715.12        14741.12        1026.00        
  8        3               14805.12        16162.12        1357.00        
  9        4               18766.12        20081.12        1315.00        
  9        5               20081.12        21455.12        1374.00        
  39       2               21455.12        22489.12        1034.00        
  38       3               22489.12        23552.12        1063.00        
  6        4               24521.00        25446.00        925.00         
  4        6               26405.45        27874.45        1469.00        
  33       5               27874.45        29198.45        1324.00        
  16       3               35108.29        36526.29        1418.00        
  19       4               36706.29        38314.29        1608.00        
  16       4               38314.29        39942.29        1628.00        
  17       5               40144.29        41832.29        1688.00        
  30       2               42555.24        43787.24        1232.00        
  21       5               43787.24        45483.24        1696.00        
  30       3               45483.24        46701.24        1218.00        
  27       4               47345.57        48467.57        1122.00        
  17       8               48467.57        49920.57        1453.00        
  17       9               49920.57        51555.57        1635.00        
  16       7               51555.57        52690.57        1135.00        
  30       7               52768.24        53706.24        938.00         

  机器利用率: 51.50% (忙碌时间: 27658.00 / 总时间: 53706.24)

离散机8:
工件号      工序号             开始时间            结束时间            加工时长           
--------------------------------------------------------------------------------
  14       2               13715.12        14694.12        979.00         
  14       4               16432.12        17379.12        947.00         
  35       2               21190.00        22916.00        1726.00        
  6        3               22916.00        24521.00        1605.00        
  29       2               24521.00        25543.00        1022.00        
  7        2               25543.00        27336.00        1793.00        
  29       4               27336.00        28493.00        1157.00        
  29       5               28493.00        29535.00        1042.00        
  46       5               29535.00        30728.00        1193.00        
  35       7               30728.00        32321.00        1593.00        
  38       4               32321.00        33388.00        1067.00        
  32       2               34165.29        35067.29        902.00         
  10       2               35067.29        35973.29        906.00         
  38       5               35973.29        37038.29        1065.00        
  44       3               37044.29        38822.29        1778.00        
  19       7               40898.29        41999.29        1101.00        
  17       6               41999.29        43788.29        1789.00        
  47       3               44022.24        45142.24        1120.00        
  48       5               45142.24        46282.24        1140.00        
  47       5               46390.24        47659.24        1269.00        
  30       4               47659.24        48948.24        1289.00        
  23       3               48948.24        49918.24        970.00         

  机器利用率: 51.12% (忙碌时间: 27453.00 / 总时间: 53706.24)

【打印批次详细信息】
----------------------------------------------------------------------------------------------------

打印机 1 (尺寸: 1036.0 x 572.0 x 693.0):
--------------------------------------------------------------------------------
  批次 1: 零件数=13, 占用率=86.74%
    - 24: 尺寸 280.0 x 106.0 x 89.0
    - 16: 尺寸 150.0 x 106.0 x 169.0
    - 19: 尺寸 127.0 x 169.0 x 192.0
    - 15: 尺寸 134.0 x 96.0 x 19.0
    - 32: 尺寸 211.0 x 136.0 x 100.0
    - 21: 尺寸 124.0 x 150.0 x 154.0
    - 48: 尺寸 121.0 x 427.0 x 12.0
    - 20: 尺寸 276.0 x 261.0 x 192.0
    - 26: 尺寸 69.0 x 172.0 x 170.0
    - 25: 尺寸 234.0 x 353.0 x 80.0
    - 44: 尺寸 192.0 x 415.0 x 36.0
    - 10: 尺寸 110.0 x 396.0 x 31.0
    - 17: 尺寸 228.0 x 199.0 x 153.0
  批次 2: 零件数=3, 占用率=68.86%
    - 27: 尺寸 426.0 x 351.0 x 52.0
    - 22: 尺寸 195.0 x 351.0 x 49.0
    - 13: 尺寸 352.0 x 540.0 x 52.0

打印机 2 (尺寸: 1105.0 x 427.0 x 530.0):
--------------------------------------------------------------------------------
  批次 1: 零件数=5, 占用率=68.47%
    - 4: 尺寸 466.0 x 191.0 x 35.0
    - 46: 尺寸 438.0 x 233.0 x 56.0
    - 35: 尺寸 135.0 x 237.0 x 18.0
    - 29: 尺寸 354.0 x 131.0 x 34.0
    - 37: 尺寸 419.0 x 128.0 x 58.0

打印机 3 (尺寸: 910.0 x 565.0 x 578.0):
--------------------------------------------------------------------------------
  批次 1: 零件数=9, 占用率=87.74%
    - 45: 尺寸 535.0 x 250.0 x 65.0
    - 11: 尺寸 353.0 x 250.0 x 26.0
    - 14: 尺寸 401.0 x 244.0 x 33.0
    - 3: 尺寸 130.0 x 246.0 x 62.0
    - 42: 尺寸 374.0 x 104.0 x 45.0
    - 31: 尺寸 155.0 x 63.0 x 53.0
    - 28: 尺寸 182.0 x 125.0 x 15.0
    - 9: 尺寸 175.0 x 131.0 x 37.0
    - 8: 尺寸 81.0 x 61.0 x 46.0
  批次 2: 零件数=5, 占用率=52.90%
    - 47: 尺寸 469.0 x 174.0 x 85.0
    - 40: 尺寸 407.0 x 226.0 x 66.0
    - 2: 尺寸 165.0 x 191.0 x 40.0
    - 23: 尺寸 200.0 x 248.0 x 148.0
    - 30: 尺寸 160.0 x 108.0 x 85.0

打印机 4 (尺寸: 966.0 x 498.0 x 666.0):
--------------------------------------------------------------------------------
  批次 1: 零件数=11, 占用率=90.85%
    - 5: 尺寸 122.0 x 107.0 x 86.0
    - 6: 尺寸 119.0 x 52.0 x 71.0
    - 49: 尺寸 716.0 x 244.0 x 95.0
    - 0: 尺寸 120.0 x 105.0 x 57.0
    - 33: 尺寸 97.0 x 92.0 x 31.0
    - 7: 尺寸 63.0 x 87.0 x 17.0
    - 39: 尺寸 74.0 x 133.0 x 67.0
    - 38: 尺寸 198.0 x 151.0 x 55.0
    - 34: 尺寸 345.0 x 250.0 x 69.0
    - 12: 尺寸 284.0 x 250.0 x 43.0
    - 1: 尺寸 189.0 x 101.0 x 88.0
  批次 2: 零件数=4, 占用率=58.36%
    - 36: 尺寸 330.0 x 241.0 x 21.0
    - 41: 尺寸 149.0 x 241.0 x 28.0
    - 18: 尺寸 184.0 x 146.0 x 14.0
    - 43: 尺寸 565.0 x 245.0 x 29.0

════════════════════════════════════════════════════════════════
