════════════════════════════════════════════════════════════════
              Pareto前沿解集详细数据
════════════════════════════════════════════════════════════════

算例: J100P5B4D10_01
算法: NSGAII
运行次数: 1
解的数量: 11

----------------------------------------------------------------------------------------------------
序号       Cmax                 能耗(kWh)              装箱质量            批次数       
----------------------------------------------------------------------------------------------------
1        71631.00             867.63               0.5704          13        
2        76600.00             840.24               0.5704          13        
3        75150.07             843.91               0.5638          13        
4        72011.00             866.76               0.5704          13        
5        76344.00             841.00               0.5704          13        
6        75951.00             841.72               0.5704          13        
7        71861.00             867.49               0.5704          13        
8        75446.34             843.16               0.5638          13        
9        75650.68             842.18               0.5704          13        
10       75576.34             842.86               0.5638          13        
11       75648.00             842.34               0.5704          13        
----------------------------------------------------------------------------------------------------

统计信息:
  Cmax范围: [71631.00, 76600.00]
  能耗范围: [840.24, 867.63] kWh
  Cmax跨度: 4969.00 (6.49%)
  能耗跨度: 27.38 (3.16%)

════════════════════════════════════════════════════════════════
