════════════════════════════════════════════════════════════════
              最优Cmax解的详细调度记录
════════════════════════════════════════════════════════════════

【基本信息】
----------------------------------------------------------------------------------------------------
Cmax (最大完工时间): 45718.09
能耗: 274.51 kWh
装箱质量: 0.4553
批次总数: 3
工件数量: 20
机器数量: 10 (打印机:3, 批处理机:2, 离散机:5)

【染色体编码】
----------------------------------------------------------------------------------------------------
工序序列 (OS): [15, 18, 1, 0, 16, 10, 7, 11, 14, 3, 2, 9, 5, 8, 19, 6, 4, 12, 13, 17, 19, 10, 12, 11, 8, 9, 3, 1, 17, 5, 10, 10, 15, 10, 2, 0, 5, 8, 11, 0, 11, 19, 16, 1, 7, 1, 3, 7, 5, 9, 16, 8, 11, 12, 0, 17, 10, 7, 18, 9, 2, 16, 0, 9, 19, 18, 5, 4, 1, 3, 0, 1, 14, 2, 2, 2, 10, 4, 17, 5, 11, 15, 10, 17, 18, 8, 3, 16, 11, 5, 13, 19, 0, 4, 3, 11, 0, 7, 15, 16, 18, 19, 9, 7, 11, 1, 9, 13, 9, 19, 4, 5, 7, 2, 9, 14, 2, 4, 17, 18, 0, 1, 14, 1]
机器选择 (MS): [1, 1, 3, 3, 1, 3, 2, 2, 3, 2, 1, 2, 2, 2, 1, 2, 2, 3, 3, 1, 1, 1, 3, 1, 1, 1, 2, 3, 2, 2, 2, 3, 1, 1, 1, 1, 1, 2, 2, 2, 1, 1, 2, 3, 1, 2, 1, 1, 1, 1, 1, 1, 3, 2, 2, 2, 1, 1, 2, 1, 3, 1, 2, 2, 1, 1, 1, 1, 1, 1, 1, 1, 2, 2, 1, 1, 2, 1, 1, 2, 1, 1, 1, 1, 1, 2, 3, 1, 2, 1, 3, 1, 1, 1, 3, 1, 1, 1, 1, 1, 1, 2, 3, 2, 2, 2, 1, 3, 1, 2, 1, 1, 1, 1, 1, 2, 1, 1, 1, 1, 2, 2, 1, 1]

【零件加工顺序记录】
----------------------------------------------------------------------------------------------------
工件号      工序号             机器号             开始时间            结束时间            加工时长           
----------------------------------------------------------------------------------------------------

工件 0:
  0        0               打印机3            0.00            8520.59         8520.59        
  0        1               批处理机2           8520.59         9620.59         1100.00        
  0        2               离散机1            9620.59         10735.59        1115.00        
  0        3               离散机1            10735.59        12429.59        1694.00        
  0        4               离散机5            12429.59        14160.59        1731.00        
  0        5               离散机1            15828.59        17000.59        1172.00        
  0        6               离散机1            17000.59        17973.59        973.00         
  0        7               离散机4            17973.59        19434.59        1461.00        
  0        8               离散机4            19434.59        20658.59        1224.00        
  0        9               离散机5            21267.59        22573.59        1306.00        

工件 1:
  1        0               打印机3            0.00            8520.59         8520.59        
  1        1               批处理机2           8520.59         9620.59         1100.00        
  1        2               离散机4            10664.59        12113.59        1449.00        
  1        3               离散机4            12113.59        13402.59        1289.00        
  1        4               离散机3            13402.59        14355.59        953.00         
  1        5               离散机5            14355.59        15368.59        1013.00        
  1        6               离散机2            15368.59        16885.59        1517.00        
  1        7               离散机5            16885.59        18217.59        1332.00        
  1        8               离散机3            20407.59        22153.59        1746.00        
  1        9               离散机1            22153.59        23141.59        988.00         

工件 2:
  2        0               打印机1            0.00            32777.09        32777.09       
  2        1               批处理机2           32777.09        33877.09        1100.00        
  2        2               离散机1            36432.09        37999.09        1567.00        
  2        3               离散机4            37999.09        39297.09        1298.00        
  2        4               离散机3            39297.09        40538.09        1241.00        
  2        5               离散机3            40538.09        41677.09        1139.00        
  2        6               离散机5            41677.09        42832.09        1155.00        
  2        7               离散机3            42832.09        44295.09        1463.00        
  2        8               离散机5            44295.09        45718.09        1423.00        

工件 3:
  3        0               打印机2            0.00            22239.73        22239.73       
  3        1               批处理机2           22239.73        23339.73        1100.00        
  3        2               离散机4            25026.73        26118.73        1092.00        
  3        3               离散机2            27522.73        29125.73        1603.00        
  3        4               离散机5            30277.73        31357.73        1080.00        
  3        5               离散机4            31357.73        32683.73        1326.00        
  3        6               离散机1            37999.09        39590.09        1591.00        

工件 4:
  4        0               打印机2            0.00            22239.73        22239.73       
  4        1               批处理机2           22239.73        23339.73        1100.00        
  4        2               离散机2            24812.73        25957.73        1145.00        
  4        3               离散机1            27190.73        28884.73        1694.00        
  4        4               离散机3            29813.73        30871.73        1058.00        
  4        5               离散机2            31302.73        32461.73        1159.00        
  4        6               离散机5            32483.73        33557.73        1074.00        

工件 5:
  5        0               打印机2            0.00            22239.73        22239.73       
  5        1               批处理机2           22239.73        23339.73        1100.00        
  5        2               离散机4            26118.73        27035.73        917.00         
  5        3               离散机4            27035.73        28049.73        1014.00        
  5        4               离散机5            28049.73        29035.73        986.00         
  5        5               离散机4            29065.73        30220.73        1155.00        
  5        6               离散机1            30220.73        31331.73        1111.00        
  5        7               离散机3            31331.73        32537.73        1206.00        
  5        8               离散机1            32871.73        33853.73        982.00         

工件 6:
  6        0               打印机2            0.00            22239.73        22239.73       
  6        1               批处理机2           22239.73        23339.73        1100.00        

工件 7:
  7        0               打印机2            0.00            22239.73        22239.73       
  7        1               批处理机2           22239.73        23339.73        1100.00        
  7        2               离散机5            23339.73        24615.73        1276.00        
  7        3               离散机1            26081.73        27190.73        1109.00        
  7        4               离散机3            28619.73        29813.73        1194.00        
  7        5               离散机4            30220.73        31223.73        1003.00        
  7        6               离散机4            32683.73        34350.73        1667.00        
  7        7               离散机5            39975.09        41280.09        1305.00        

工件 8:
  8        0               打印机2            0.00            22239.73        22239.73       
  8        1               批处理机2           22239.73        23339.73        1100.00        
  8        2               离散机4            23339.73        25026.73        1687.00        
  8        3               离散机1            25026.73        26081.73        1055.00        
  8        4               离散机5            26203.73        27400.73        1197.00        
  8        5               离散机1            31331.73        32871.73        1540.00        

工件 9:
  9        0               打印机2            0.00            22239.73        22239.73       
  9        1               批处理机2           22239.73        23339.73        1100.00        
  9        2               离散机1            23339.73        24608.73        1269.00        
  9        3               离散机3            24608.73        25563.73        955.00         
  9        4               离散机4            28049.73        29065.73        1016.00        
  9        5               离散机5            29065.73        30277.73        1212.00        
  9        6               离散机2            30277.73        31302.73        1025.00        
  9        7               离散机3            32537.73        33879.73        1342.00        
  9        8               离散机2            38372.09        39706.09        1334.00        
  9        9               离散机1            41368.09        42274.09        906.00         

工件 10:
  10       0               打印机3            0.00            8520.59         8520.59        
  10       1               批处理机2           8520.59         9620.59         1100.00        
  10       2               离散机4            9620.59         10664.59        1044.00        
  10       3               离散机3            10664.59        11804.59        1140.00        
  10       4               离散机3            11804.59        13184.59        1380.00        
  10       5               离散机1            13184.59        14404.59        1220.00        
  10       6               离散机1            14404.59        15828.59        1424.00        
  10       7               离散机1            19039.59        20087.59        1048.00        
  10       8               离散机5            20087.59        21267.59        1180.00        

工件 11:
  11       0               打印机2            0.00            22239.73        22239.73       
  11       1               批处理机2           22239.73        23339.73        1100.00        
  11       2               离散机2            23339.73        24812.73        1473.00        
  11       3               离散机5            24812.73        26203.73        1391.00        
  11       4               离散机2            26203.73        27522.73        1319.00        
  11       5               离散机3            27522.73        28619.73        1097.00        
  11       6               离散机1            28884.73        29803.73        919.00         
  11       7               离散机5            31357.73        32483.73        1126.00        
  11       8               离散机2            32483.73        33531.73        1048.00        
  11       9               离散机4            42010.09        43519.09        1509.00        

工件 12:
  12       0               打印机3            0.00            8520.59         8520.59        
  12       1               批处理机2           8520.59         9620.59         1100.00        
  12       2               离散机2            9620.59         11315.59        1695.00        
  12       3               离散机4            13402.59        14715.59        1313.00        

工件 13:
  13       0               打印机3            0.00            8520.59         8520.59        
  13       1               批处理机2           8520.59         9620.59         1100.00        
  13       2               离散机2            11315.59        12440.59        1125.00        
  13       3               离散机5            18217.59        19877.59        1660.00        

工件 14:
  14       0               打印机3            0.00            8520.59         8520.59        
  14       1               批处理机2           8520.59         9620.59         1100.00        
  14       2               离散机1            17973.59        19039.59        1066.00        
  14       3               离散机3            19039.59        20407.59        1368.00        
  14       4               离散机3            22153.59        23367.59        1214.00        

工件 15:
  15       0               打印机1            0.00            32777.09        32777.09       
  15       1               批处理机2           32777.09        33877.09        1100.00        
  15       2               离散机1            35028.09        36432.09        1404.00        
  15       3               离散机3            36432.09        37845.09        1413.00        
  15       4               离散机4            40679.09        42010.09        1331.00        

工件 16:
  16       0               打印机1            0.00            32777.09        32777.09       
  16       1               批处理机2           32777.09        33877.09        1100.00        
  16       2               离散机5            33877.09        35321.09        1444.00        
  16       3               离散机4            35321.09        36641.09        1320.00        
  16       4               离散机5            36898.09        38374.09        1476.00        
  16       5               离散机3            41677.09        42687.09        1010.00        
  16       6               离散机5            42832.09        43805.09        973.00         

工件 17:
  17       0               打印机1            0.00            32777.09        32777.09       
  17       1               批处理机2           32777.09        33877.09        1100.00        
  17       2               离散机2            33877.09        35343.09        1466.00        
  17       3               离散机4            36641.09        37805.09        1164.00        
  17       4               离散机5            38374.09        39975.09        1601.00        
  17       5               离散机2            39975.09        41295.09        1320.00        
  17       6               离散机3            44295.09        45550.09        1255.00        

工件 18:
  18       0               打印机1            0.00            32777.09        32777.09       
  18       1               批处理机2           32777.09        33877.09        1100.00        
  18       2               离散机5            35321.09        36898.09        1577.00        
  18       3               离散机4            39297.09        40679.09        1382.00        
  18       4               离散机2            41295.09        42336.09        1041.00        
  18       5               离散机1            42336.09        43350.09        1014.00        
  18       6               离散机4            43519.09        45109.09        1590.00        

工件 19:
  19       0               打印机1            0.00            32777.09        32777.09       
  19       1               批处理机2           32777.09        33877.09        1100.00        
  19       2               离散机1            33877.09        35028.09        1151.00        
  19       3               离散机2            35343.09        36332.09        989.00         
  19       4               离散机2            36332.09        37290.09        958.00         
  19       5               离散机2            37290.09        38372.09        1082.00        
  19       6               离散机1            39590.09        41368.09        1778.00        
  19       7               离散机1            43350.09        44793.09        1443.00        

【机器加工顺序记录】
----------------------------------------------------------------------------------------------------

打印机1:
工件号      工序号             开始时间            结束时间            加工时长           
--------------------------------------------------------------------------------
  2        0               0.00            32777.09        32777.09       
  15       0               0.00            32777.09        32777.09       
  16       0               0.00            32777.09        32777.09       
  17       0               0.00            32777.09        32777.09       
  18       0               0.00            32777.09        32777.09       
  19       0               0.00            32777.09        32777.09       

  机器利用率: 430.16% (忙碌时间: 196662.52 / 总时间: 45718.09)

打印机2:
工件号      工序号             开始时间            结束时间            加工时长           
--------------------------------------------------------------------------------
  3        0               0.00            22239.73        22239.73       
  4        0               0.00            22239.73        22239.73       
  5        0               0.00            22239.73        22239.73       
  6        0               0.00            22239.73        22239.73       
  7        0               0.00            22239.73        22239.73       
  8        0               0.00            22239.73        22239.73       
  9        0               0.00            22239.73        22239.73       
  11       0               0.00            22239.73        22239.73       

  机器利用率: 389.16% (忙碌时间: 177917.86 / 总时间: 45718.09)

打印机3:
工件号      工序号             开始时间            结束时间            加工时长           
--------------------------------------------------------------------------------
  0        0               0.00            8520.59         8520.59        
  1        0               0.00            8520.59         8520.59        
  10       0               0.00            8520.59         8520.59        
  12       0               0.00            8520.59         8520.59        
  13       0               0.00            8520.59         8520.59        
  14       0               0.00            8520.59         8520.59        

  机器利用率: 111.82% (忙碌时间: 51123.56 / 总时间: 45718.09)

批处理机1:
工件号      工序号             开始时间            结束时间            加工时长           
--------------------------------------------------------------------------------

  机器利用率: 0.00% (忙碌时间: 0.00 / 总时间: 45718.09)

批处理机2:
工件号      工序号             开始时间            结束时间            加工时长           
--------------------------------------------------------------------------------
  0        1               8520.59         9620.59         1100.00        
  1        1               8520.59         9620.59         1100.00        
  10       1               8520.59         9620.59         1100.00        
  12       1               8520.59         9620.59         1100.00        
  13       1               8520.59         9620.59         1100.00        
  14       1               8520.59         9620.59         1100.00        
  3        1               22239.73        23339.73        1100.00        
  4        1               22239.73        23339.73        1100.00        
  5        1               22239.73        23339.73        1100.00        
  6        1               22239.73        23339.73        1100.00        
  7        1               22239.73        23339.73        1100.00        
  8        1               22239.73        23339.73        1100.00        
  9        1               22239.73        23339.73        1100.00        
  11       1               22239.73        23339.73        1100.00        
  2        1               32777.09        33877.09        1100.00        
  15       1               32777.09        33877.09        1100.00        
  16       1               32777.09        33877.09        1100.00        
  17       1               32777.09        33877.09        1100.00        
  18       1               32777.09        33877.09        1100.00        
  19       1               32777.09        33877.09        1100.00        

  机器利用率: 48.12% (忙碌时间: 22000.00 / 总时间: 45718.09)

离散机1:
工件号      工序号             开始时间            结束时间            加工时长           
--------------------------------------------------------------------------------
  0        2               9620.59         10735.59        1115.00        
  0        3               10735.59        12429.59        1694.00        
  10       5               13184.59        14404.59        1220.00        
  10       6               14404.59        15828.59        1424.00        
  0        5               15828.59        17000.59        1172.00        
  0        6               17000.59        17973.59        973.00         
  14       2               17973.59        19039.59        1066.00        
  10       7               19039.59        20087.59        1048.00        
  1        9               22153.59        23141.59        988.00         
  9        2               23339.73        24608.73        1269.00        
  8        3               25026.73        26081.73        1055.00        
  7        3               26081.73        27190.73        1109.00        
  4        3               27190.73        28884.73        1694.00        
  11       6               28884.73        29803.73        919.00         
  5        6               30220.73        31331.73        1111.00        
  8        5               31331.73        32871.73        1540.00        
  5        8               32871.73        33853.73        982.00         
  19       2               33877.09        35028.09        1151.00        
  15       2               35028.09        36432.09        1404.00        
  2        2               36432.09        37999.09        1567.00        
  3        6               37999.09        39590.09        1591.00        
  19       6               39590.09        41368.09        1778.00        
  9        9               41368.09        42274.09        906.00         
  18       5               42336.09        43350.09        1014.00        
  19       7               43350.09        44793.09        1443.00        

  机器利用率: 68.32% (忙碌时间: 31233.00 / 总时间: 45718.09)

离散机2:
工件号      工序号             开始时间            结束时间            加工时长           
--------------------------------------------------------------------------------
  12       2               9620.59         11315.59        1695.00        
  13       2               11315.59        12440.59        1125.00        
  1        6               15368.59        16885.59        1517.00        
  11       2               23339.73        24812.73        1473.00        
  4        2               24812.73        25957.73        1145.00        
  11       4               26203.73        27522.73        1319.00        
  3        3               27522.73        29125.73        1603.00        
  9        6               30277.73        31302.73        1025.00        
  4        5               31302.73        32461.73        1159.00        
  11       8               32483.73        33531.73        1048.00        
  17       2               33877.09        35343.09        1466.00        
  19       3               35343.09        36332.09        989.00         
  19       4               36332.09        37290.09        958.00         
  19       5               37290.09        38372.09        1082.00        
  9        8               38372.09        39706.09        1334.00        
  17       5               39975.09        41295.09        1320.00        
  18       4               41295.09        42336.09        1041.00        

  机器利用率: 46.59% (忙碌时间: 21299.00 / 总时间: 45718.09)

离散机3:
工件号      工序号             开始时间            结束时间            加工时长           
--------------------------------------------------------------------------------
  10       3               10664.59        11804.59        1140.00        
  10       4               11804.59        13184.59        1380.00        
  1        4               13402.59        14355.59        953.00         
  14       3               19039.59        20407.59        1368.00        
  1        8               20407.59        22153.59        1746.00        
  14       4               22153.59        23367.59        1214.00        
  9        3               24608.73        25563.73        955.00         
  11       5               27522.73        28619.73        1097.00        
  7        4               28619.73        29813.73        1194.00        
  4        4               29813.73        30871.73        1058.00        
  5        7               31331.73        32537.73        1206.00        
  9        7               32537.73        33879.73        1342.00        
  15       3               36432.09        37845.09        1413.00        
  2        4               39297.09        40538.09        1241.00        
  2        5               40538.09        41677.09        1139.00        
  16       5               41677.09        42687.09        1010.00        
  2        7               42832.09        44295.09        1463.00        
  17       6               44295.09        45550.09        1255.00        

  机器利用率: 48.50% (忙碌时间: 22174.00 / 总时间: 45718.09)

离散机4:
工件号      工序号             开始时间            结束时间            加工时长           
--------------------------------------------------------------------------------
  10       2               9620.59         10664.59        1044.00        
  1        2               10664.59        12113.59        1449.00        
  1        3               12113.59        13402.59        1289.00        
  12       3               13402.59        14715.59        1313.00        
  0        7               17973.59        19434.59        1461.00        
  0        8               19434.59        20658.59        1224.00        
  8        2               23339.73        25026.73        1687.00        
  3        2               25026.73        26118.73        1092.00        
  5        2               26118.73        27035.73        917.00         
  5        3               27035.73        28049.73        1014.00        
  9        4               28049.73        29065.73        1016.00        
  5        5               29065.73        30220.73        1155.00        
  7        5               30220.73        31223.73        1003.00        
  3        5               31357.73        32683.73        1326.00        
  7        6               32683.73        34350.73        1667.00        
  16       3               35321.09        36641.09        1320.00        
  17       3               36641.09        37805.09        1164.00        
  2        3               37999.09        39297.09        1298.00        
  18       3               39297.09        40679.09        1382.00        
  15       4               40679.09        42010.09        1331.00        
  11       9               42010.09        43519.09        1509.00        
  18       6               43519.09        45109.09        1590.00        

  机器利用率: 61.79% (忙碌时间: 28251.00 / 总时间: 45718.09)

离散机5:
工件号      工序号             开始时间            结束时间            加工时长           
--------------------------------------------------------------------------------
  0        4               12429.59        14160.59        1731.00        
  1        5               14355.59        15368.59        1013.00        
  1        7               16885.59        18217.59        1332.00        
  13       3               18217.59        19877.59        1660.00        
  10       8               20087.59        21267.59        1180.00        
  0        9               21267.59        22573.59        1306.00        
  7        2               23339.73        24615.73        1276.00        
  11       3               24812.73        26203.73        1391.00        
  8        4               26203.73        27400.73        1197.00        
  5        4               28049.73        29035.73        986.00         
  9        5               29065.73        30277.73        1212.00        
  3        4               30277.73        31357.73        1080.00        
  11       7               31357.73        32483.73        1126.00        
  4        6               32483.73        33557.73        1074.00        
  16       2               33877.09        35321.09        1444.00        
  18       2               35321.09        36898.09        1577.00        
  16       4               36898.09        38374.09        1476.00        
  17       4               38374.09        39975.09        1601.00        
  7        7               39975.09        41280.09        1305.00        
  2        6               41677.09        42832.09        1155.00        
  16       6               42832.09        43805.09        973.00         
  2        8               44295.09        45718.09        1423.00        

  机器利用率: 62.38% (忙碌时间: 28518.00 / 总时间: 45718.09)

【打印批次详细信息】
----------------------------------------------------------------------------------------------------

打印机 1 (尺寸: 845.0 x 507.0 x 542.0):
--------------------------------------------------------------------------------
  批次 1: 零件数=6, 占用率=62.84%
    - 15: 尺寸 742.0 x 140.0 x 188.0
    - 2: 尺寸 98.0 x 347.0 x 140.0
    - 18: 尺寸 197.0 x 134.0 x 133.0
    - 16: 尺寸 317.0 x 183.0 x 84.0
    - 19: 尺寸 212.0 x 119.0 x 92.0
    - 17: 尺寸 184.0 x 118.0 x 187.0

打印机 2 (尺寸: 833.0 x 577.0 x 594.0):
--------------------------------------------------------------------------------
  批次 1: 零件数=8, 占用率=45.53%
    - 7: 尺寸 56.0 x 109.0 x 47.0
    - 11: 尺寸 322.0 x 179.0 x 91.0
    - 3: 尺寸 155.0 x 547.0 x 80.0
    - 9: 尺寸 180.0 x 111.0 x 90.0
    - 8: 尺寸 119.0 x 85.0 x 26.0
    - 5: 尺寸 100.0 x 89.0 x 64.0
    - 6: 尺寸 57.0 x 141.0 x 46.0
    - 4: 尺寸 170.0 x 137.0 x 29.0

打印机 3 (尺寸: 926.0 x 501.0 x 541.0):
--------------------------------------------------------------------------------
  批次 1: 零件数=6, 占用率=57.06%
    - 1: 尺寸 268.0 x 244.0 x 21.0
    - 10: 尺寸 107.0 x 71.0 x 13.0
    - 14: 尺寸 159.0 x 81.0 x 15.0
    - 12: 尺寸 110.0 x 136.0 x 21.0
    - 13: 尺寸 73.0 x 78.0 x 24.0
    - 0: 尺寸 676.0 x 234.0 x 22.0

════════════════════════════════════════════════════════════════
