════════════════════════════════════════════════════════════════
              最优Cmax解的详细调度记录
════════════════════════════════════════════════════════════════

【基本信息】
----------------------------------------------------------------------------------------------------
Cmax (最大完工时间): 43548.09
能耗: 260.82 kWh
装箱质量: 0.4529
批次总数: 3
工件数量: 20
机器数量: 10 (打印机:3, 批处理机:2, 离散机:5)

【染色体编码】
----------------------------------------------------------------------------------------------------
工序序列 (OS): [3, 7, 4, 0, 13, 5, 11, 16, 6, 9, 14, 19, 10, 18, 17, 2, 15, 8, 12, 1, 8, 11, 1, 3, 4, 3, 1, 3, 5, 9, 7, 0, 19, 5, 2, 0, 11, 0, 7, 2, 16, 1, 4, 16, 18, 17, 5, 10, 9, 14, 0, 9, 0, 3, 17, 10, 11, 18, 15, 8, 5, 18, 2, 11, 19, 1, 10, 3, 1, 17, 13, 2, 17, 13, 9, 12, 4, 18, 9, 16, 1, 14, 19, 7, 2, 19, 19, 8, 4, 19, 8, 10, 7, 2, 10, 7, 11, 15, 11, 9, 9, 5, 7, 5, 11, 10, 10, 0, 17, 1, 16, 4, 9, 11, 14, 15, 16, 0, 12, 1, 18, 0, 2, 5]
机器选择 (MS): [2, 2, 3, 3, 3, 2, 2, 2, 1, 2, 3, 2, 3, 1, 1, 1, 1, 3, 3, 3, 1, 1, 3, 1, 1, 1, 2, 3, 2, 2, 2, 3, 1, 1, 1, 2, 1, 2, 2, 2, 1, 1, 2, 3, 1, 2, 1, 1, 1, 1, 1, 1, 3, 2, 2, 2, 1, 1, 2, 1, 3, 1, 2, 1, 1, 1, 1, 1, 1, 1, 1, 1, 2, 2, 1, 1, 2, 1, 1, 2, 1, 1, 1, 2, 1, 2, 2, 1, 2, 1, 1, 1, 1, 1, 3, 1, 1, 1, 1, 1, 1, 1, 3, 2, 2, 1, 1, 3, 1, 2, 1, 1, 1, 1, 1, 2, 1, 1, 1, 1, 2, 3, 1, 1]

【零件加工顺序记录】
----------------------------------------------------------------------------------------------------
工件号      工序号             机器号             开始时间            结束时间            加工时长           
----------------------------------------------------------------------------------------------------

工件 0:
  0        0               打印机3            0.00            10215.51        10215.51       
  0        1               批处理机2           10215.51        11315.51        1100.00        
  0        2               离散机1            11315.51        12430.51        1115.00        
  0        3               离散机1            12430.51        14124.51        1694.00        
  0        4               离散机5            14124.51        15855.51        1731.00        
  0        5               离散机1            16884.51        18056.51        1172.00        
  0        6               离散机1            18056.51        19029.51        973.00         
  0        7               离散机4            19029.51        20490.51        1461.00        
  0        8               离散机4            20490.51        21714.51        1224.00        
  0        9               离散机5            32342.17        33648.17        1306.00        

工件 1:
  1        0               打印机3            0.00            10215.51        10215.51       
  1        1               批处理机2           10215.51        11315.51        1100.00        
  1        2               离散机4            13002.51        14451.51        1449.00        
  1        3               离散机4            14451.51        15740.51        1289.00        
  1        4               离散机3            15740.51        16693.51        953.00         
  1        5               离散机5            16693.51        17706.51        1013.00        
  1        6               离散机2            17706.51        19223.51        1517.00        
  1        7               离散机5            19366.51        20698.51        1332.00        
  1        8               离散机3            21730.51        23476.51        1746.00        
  1        9               离散机5            31261.17        32342.17        1081.00        

工件 2:
  2        0               打印机1            0.00            32777.09        32777.09       
  2        1               批处理机2           32777.09        33877.09        1100.00        
  2        2               离散机1            33877.09        35444.09        1567.00        
  2        3               离散机4            35444.09        36742.09        1298.00        
  2        4               离散机3            36742.09        37983.09        1241.00        
  2        5               离散机3            37983.09        39122.09        1139.00        
  2        6               离散机5            39507.09        40662.09        1155.00        
  2        7               离散机3            40662.09        42125.09        1463.00        
  2        8               离散机5            42125.09        43548.09        1423.00        

工件 3:
  3        0               打印机2            0.00            22479.17        22479.17       
  3        1               批处理机2           22479.17        23579.17        1100.00        
  3        2               离散机4            23579.17        24671.17        1092.00        
  3        3               离散机2            25052.17        26655.17        1603.00        
  3        4               离散机5            26655.17        27735.17        1080.00        
  3        5               离散机4            28938.17        30264.17        1326.00        
  3        6               离散机1            30264.17        31855.17        1591.00        

工件 4:
  4        0               打印机3            0.00            10215.51        10215.51       
  4        1               批处理机2           10215.51        11315.51        1100.00        
  4        2               离散机2            11315.51        12460.51        1145.00        
  4        3               离散机1            14124.51        15818.51        1694.00        
  4        4               离散机3            19304.51        20362.51        1058.00        
  4        5               离散机2            20362.51        21521.51        1159.00        
  4        6               离散机5            21895.51        22969.51        1074.00        

工件 5:
  5        0               打印机2            0.00            22479.17        22479.17       
  5        1               批处理机2           22479.17        23579.17        1100.00        
  5        2               离散机4            24671.17        25588.17        917.00         
  5        3               离散机4            25588.17        26602.17        1014.00        
  5        4               离散机5            27735.17        28721.17        986.00         
  5        5               离散机4            30264.17        31419.17        1155.00        
  5        6               离散机1            38291.09        39402.09        1111.00        
  5        7               离散机3            39402.09        40608.09        1206.00        
  5        8               离散机1            41343.09        42325.09        982.00         

工件 6:
  6        0               打印机1            0.00            32777.09        32777.09       
  6        1               批处理机2           32777.09        33877.09        1100.00        

工件 7:
  7        0               打印机2            0.00            22479.17        22479.17       
  7        1               批处理机2           22479.17        23579.17        1100.00        
  7        2               离散机5            23579.17        24855.17        1276.00        
  7        3               离散机1            25999.17        27108.17        1109.00        
  7        4               离散机3            29071.17        30265.17        1194.00        
  7        5               离散机3            30265.17        31842.17        1577.00        
  7        6               离散机4            31842.17        33509.17        1667.00        
  7        7               离散机5            35454.09        36759.09        1305.00        

工件 8:
  8        0               打印机3            0.00            10215.51        10215.51       
  8        1               批处理机2           10215.51        11315.51        1100.00        
  8        2               离散机4            11315.51        13002.51        1687.00        
  8        3               离散机1            19029.51        20084.51        1055.00        
  8        4               离散机5            20698.51        21895.51        1197.00        
  8        5               离散机1            21895.51        23435.51        1540.00        

工件 9:
  9        0               打印机2            0.00            22479.17        22479.17       
  9        1               批处理机2           22479.17        23579.17        1100.00        
  9        2               离散机1            23579.17        24848.17        1269.00        
  9        3               离散机3            26221.17        27176.17        955.00         
  9        4               离散机4            27922.17        28938.17        1016.00        
  9        5               离散机5            28938.17        30150.17        1212.00        
  9        6               离散机2            30150.17        31175.17        1025.00        
  9        7               离散机3            32820.17        34162.17        1342.00        
  9        8               离散机2            35343.09        36677.09        1334.00        
  9        9               离散机1            39402.09        40308.09        906.00         

工件 10:
  10       0               打印机3            0.00            10215.51        10215.51       
  10       1               批处理机2           10215.51        11315.51        1100.00        
  10       2               离散机4            15740.51        16784.51        1044.00        
  10       3               离散机3            16784.51        17924.51        1140.00        
  10       4               离散机3            17924.51        19304.51        1380.00        
  10       5               离散机1            20084.51        21304.51        1220.00        
  10       6               离散机1            27108.17        28532.17        1424.00        
  10       7               离散机2            38078.09        39226.09        1148.00        
  10       8               离散机5            40662.09        41842.09        1180.00        

工件 11:
  11       0               打印机2            0.00            22479.17        22479.17       
  11       1               批处理机2           22479.17        23579.17        1100.00        
  11       2               离散机2            23579.17        25052.17        1473.00        
  11       3               离散机3            25052.17        26221.17        1169.00        
  11       4               离散机2            26655.17        27974.17        1319.00        
  11       5               离散机3            27974.17        29071.17        1097.00        
  11       6               离散机1            29071.17        29990.17        919.00         
  11       7               离散机3            31842.17        32820.17        978.00         
  11       8               离散机2            32820.17        33868.17        1048.00        
  11       9               离散机4            33868.17        35377.17        1509.00        

工件 12:
  12       0               打印机3            0.00            10215.51        10215.51       
  12       1               批处理机2           10215.51        11315.51        1100.00        
  12       2               离散机2            13585.51        15280.51        1695.00        
  12       3               离散机4            16784.51        18097.51        1313.00        

工件 13:
  13       0               打印机3            0.00            10215.51        10215.51       
  13       1               批处理机2           10215.51        11315.51        1100.00        
  13       2               离散机2            12460.51        13585.51        1125.00        
  13       3               离散机5            17706.51        19366.51        1660.00        

工件 14:
  14       0               打印机3            0.00            10215.51        10215.51       
  14       1               批处理机2           10215.51        11315.51        1100.00        
  14       2               离散机1            15818.51        16884.51        1066.00        
  14       3               离散机3            20362.51        21730.51        1368.00        
  14       4               离散机3            23476.51        24690.51        1214.00        

工件 15:
  15       0               打印机1            0.00            32777.09        32777.09       
  15       1               批处理机2           32777.09        33877.09        1100.00        
  15       2               离散机1            35444.09        36848.09        1404.00        
  15       3               离散机2            36848.09        38078.09        1230.00        
  15       4               离散机4            39288.09        40619.09        1331.00        

工件 16:
  16       0               打印机2            0.00            22479.17        22479.17       
  16       1               批处理机2           22479.17        23579.17        1100.00        
  16       2               离散机5            24855.17        26299.17        1444.00        
  16       3               离散机4            26602.17        27922.17        1320.00        
  16       4               离散机2            31175.17        32432.17        1257.00        
  16       5               离散机3            34162.17        35172.17        1010.00        
  16       6               离散机5            36759.09        37732.09        973.00         

工件 17:
  17       0               打印机1            0.00            32777.09        32777.09       
  17       1               批处理机2           32777.09        33877.09        1100.00        
  17       2               离散机2            33877.09        35343.09        1466.00        
  17       3               离散机4            36742.09        37906.09        1164.00        
  17       4               离散机5            37906.09        39507.09        1601.00        
  17       5               离散机2            40329.09        41649.09        1320.00        
  17       6               离散机3            42125.09        43380.09        1255.00        

工件 18:
  18       0               打印机1            0.00            32777.09        32777.09       
  18       1               批处理机2           32777.09        33877.09        1100.00        
  18       2               离散机5            33877.09        35454.09        1577.00        
  18       3               离散机4            37906.09        39288.09        1382.00        
  18       4               离散机2            39288.09        40329.09        1041.00        
  18       5               离散机1            40329.09        41343.09        1014.00        
  18       6               离散机4            41343.09        42933.09        1590.00        

工件 19:
  19       0               打印机2            0.00            22479.17        22479.17       
  19       1               批处理机2           22479.17        23579.17        1100.00        
  19       2               离散机1            24848.17        25999.17        1151.00        
  19       3               离散机2            27974.17        28963.17        989.00         
  19       4               离散机2            28963.17        29921.17        958.00         
  19       5               离散机5            30150.17        31261.17        1111.00        
  19       6               离散机1            31855.17        33633.17        1778.00        
  19       7               离散机1            36848.09        38291.09        1443.00        

【机器加工顺序记录】
----------------------------------------------------------------------------------------------------

打印机1:
工件号      工序号             开始时间            结束时间            加工时长           
--------------------------------------------------------------------------------
  2        0               0.00            32777.09        32777.09       
  6        0               0.00            32777.09        32777.09       
  15       0               0.00            32777.09        32777.09       
  17       0               0.00            32777.09        32777.09       
  18       0               0.00            32777.09        32777.09       

  机器利用率: 376.33% (忙碌时间: 163885.43 / 总时间: 43548.09)

打印机2:
工件号      工序号             开始时间            结束时间            加工时长           
--------------------------------------------------------------------------------
  3        0               0.00            22479.17        22479.17       
  5        0               0.00            22479.17        22479.17       
  7        0               0.00            22479.17        22479.17       
  9        0               0.00            22479.17        22479.17       
  11       0               0.00            22479.17        22479.17       
  16       0               0.00            22479.17        22479.17       
  19       0               0.00            22479.17        22479.17       

  机器利用率: 361.33% (忙碌时间: 157354.18 / 总时间: 43548.09)

打印机3:
工件号      工序号             开始时间            结束时间            加工时长           
--------------------------------------------------------------------------------
  0        0               0.00            10215.51        10215.51       
  1        0               0.00            10215.51        10215.51       
  4        0               0.00            10215.51        10215.51       
  8        0               0.00            10215.51        10215.51       
  10       0               0.00            10215.51        10215.51       
  12       0               0.00            10215.51        10215.51       
  13       0               0.00            10215.51        10215.51       
  14       0               0.00            10215.51        10215.51       

  机器利用率: 187.66% (忙碌时间: 81724.07 / 总时间: 43548.09)

批处理机1:
工件号      工序号             开始时间            结束时间            加工时长           
--------------------------------------------------------------------------------

  机器利用率: 0.00% (忙碌时间: 0.00 / 总时间: 43548.09)

批处理机2:
工件号      工序号             开始时间            结束时间            加工时长           
--------------------------------------------------------------------------------
  0        1               10215.51        11315.51        1100.00        
  1        1               10215.51        11315.51        1100.00        
  4        1               10215.51        11315.51        1100.00        
  8        1               10215.51        11315.51        1100.00        
  10       1               10215.51        11315.51        1100.00        
  12       1               10215.51        11315.51        1100.00        
  13       1               10215.51        11315.51        1100.00        
  14       1               10215.51        11315.51        1100.00        
  3        1               22479.17        23579.17        1100.00        
  5        1               22479.17        23579.17        1100.00        
  7        1               22479.17        23579.17        1100.00        
  9        1               22479.17        23579.17        1100.00        
  11       1               22479.17        23579.17        1100.00        
  16       1               22479.17        23579.17        1100.00        
  19       1               22479.17        23579.17        1100.00        
  2        1               32777.09        33877.09        1100.00        
  6        1               32777.09        33877.09        1100.00        
  15       1               32777.09        33877.09        1100.00        
  17       1               32777.09        33877.09        1100.00        
  18       1               32777.09        33877.09        1100.00        

  机器利用率: 50.52% (忙碌时间: 22000.00 / 总时间: 43548.09)

离散机1:
工件号      工序号             开始时间            结束时间            加工时长           
--------------------------------------------------------------------------------
  0        2               11315.51        12430.51        1115.00        
  0        3               12430.51        14124.51        1694.00        
  4        3               14124.51        15818.51        1694.00        
  14       2               15818.51        16884.51        1066.00        
  0        5               16884.51        18056.51        1172.00        
  0        6               18056.51        19029.51        973.00         
  8        3               19029.51        20084.51        1055.00        
  10       5               20084.51        21304.51        1220.00        
  8        5               21895.51        23435.51        1540.00        
  9        2               23579.17        24848.17        1269.00        
  19       2               24848.17        25999.17        1151.00        
  7        3               25999.17        27108.17        1109.00        
  10       6               27108.17        28532.17        1424.00        
  11       6               29071.17        29990.17        919.00         
  3        6               30264.17        31855.17        1591.00        
  19       6               31855.17        33633.17        1778.00        
  2        2               33877.09        35444.09        1567.00        
  15       2               35444.09        36848.09        1404.00        
  19       7               36848.09        38291.09        1443.00        
  5        6               38291.09        39402.09        1111.00        
  9        9               39402.09        40308.09        906.00         
  18       5               40329.09        41343.09        1014.00        
  5        8               41343.09        42325.09        982.00         

  机器利用率: 67.05% (忙碌时间: 29197.00 / 总时间: 43548.09)

离散机2:
工件号      工序号             开始时间            结束时间            加工时长           
--------------------------------------------------------------------------------
  4        2               11315.51        12460.51        1145.00        
  13       2               12460.51        13585.51        1125.00        
  12       2               13585.51        15280.51        1695.00        
  1        6               17706.51        19223.51        1517.00        
  4        5               20362.51        21521.51        1159.00        
  11       2               23579.17        25052.17        1473.00        
  3        3               25052.17        26655.17        1603.00        
  11       4               26655.17        27974.17        1319.00        
  19       3               27974.17        28963.17        989.00         
  19       4               28963.17        29921.17        958.00         
  9        6               30150.17        31175.17        1025.00        
  16       4               31175.17        32432.17        1257.00        
  11       8               32820.17        33868.17        1048.00        
  17       2               33877.09        35343.09        1466.00        
  9        8               35343.09        36677.09        1334.00        
  15       3               36848.09        38078.09        1230.00        
  10       7               38078.09        39226.09        1148.00        
  18       4               39288.09        40329.09        1041.00        
  17       5               40329.09        41649.09        1320.00        

  机器利用率: 54.77% (忙碌时间: 23852.00 / 总时间: 43548.09)

离散机3:
工件号      工序号             开始时间            结束时间            加工时长           
--------------------------------------------------------------------------------
  1        4               15740.51        16693.51        953.00         
  10       3               16784.51        17924.51        1140.00        
  10       4               17924.51        19304.51        1380.00        
  4        4               19304.51        20362.51        1058.00        
  14       3               20362.51        21730.51        1368.00        
  1        8               21730.51        23476.51        1746.00        
  14       4               23476.51        24690.51        1214.00        
  11       3               25052.17        26221.17        1169.00        
  9        3               26221.17        27176.17        955.00         
  11       5               27974.17        29071.17        1097.00        
  7        4               29071.17        30265.17        1194.00        
  7        5               30265.17        31842.17        1577.00        
  11       7               31842.17        32820.17        978.00         
  9        7               32820.17        34162.17        1342.00        
  16       5               34162.17        35172.17        1010.00        
  2        4               36742.09        37983.09        1241.00        
  2        5               37983.09        39122.09        1139.00        
  5        7               39402.09        40608.09        1206.00        
  2        7               40662.09        42125.09        1463.00        
  17       6               42125.09        43380.09        1255.00        

  机器利用率: 56.23% (忙碌时间: 24485.00 / 总时间: 43548.09)

离散机4:
工件号      工序号             开始时间            结束时间            加工时长           
--------------------------------------------------------------------------------
  8        2               11315.51        13002.51        1687.00        
  1        2               13002.51        14451.51        1449.00        
  1        3               14451.51        15740.51        1289.00        
  10       2               15740.51        16784.51        1044.00        
  12       3               16784.51        18097.51        1313.00        
  0        7               19029.51        20490.51        1461.00        
  0        8               20490.51        21714.51        1224.00        
  3        2               23579.17        24671.17        1092.00        
  5        2               24671.17        25588.17        917.00         
  5        3               25588.17        26602.17        1014.00        
  16       3               26602.17        27922.17        1320.00        
  9        4               27922.17        28938.17        1016.00        
  3        5               28938.17        30264.17        1326.00        
  5        5               30264.17        31419.17        1155.00        
  7        6               31842.17        33509.17        1667.00        
  11       9               33868.17        35377.17        1509.00        
  2        3               35444.09        36742.09        1298.00        
  17       3               36742.09        37906.09        1164.00        
  18       3               37906.09        39288.09        1382.00        
  15       4               39288.09        40619.09        1331.00        
  18       6               41343.09        42933.09        1590.00        

  机器利用率: 62.57% (忙碌时间: 27248.00 / 总时间: 43548.09)

离散机5:
工件号      工序号             开始时间            结束时间            加工时长           
--------------------------------------------------------------------------------
  0        4               14124.51        15855.51        1731.00        
  1        5               16693.51        17706.51        1013.00        
  13       3               17706.51        19366.51        1660.00        
  1        7               19366.51        20698.51        1332.00        
  8        4               20698.51        21895.51        1197.00        
  4        6               21895.51        22969.51        1074.00        
  7        2               23579.17        24855.17        1276.00        
  16       2               24855.17        26299.17        1444.00        
  3        4               26655.17        27735.17        1080.00        
  5        4               27735.17        28721.17        986.00         
  9        5               28938.17        30150.17        1212.00        
  19       5               30150.17        31261.17        1111.00        
  1        9               31261.17        32342.17        1081.00        
  0        9               32342.17        33648.17        1306.00        
  18       2               33877.09        35454.09        1577.00        
  7        7               35454.09        36759.09        1305.00        
  16       6               36759.09        37732.09        973.00         
  17       4               37906.09        39507.09        1601.00        
  2        6               39507.09        40662.09        1155.00        
  10       8               40662.09        41842.09        1180.00        
  2        8               42125.09        43548.09        1423.00        

  机器利用率: 61.35% (忙碌时间: 26717.00 / 总时间: 43548.09)

【打印批次详细信息】
----------------------------------------------------------------------------------------------------

打印机 1 (尺寸: 845.0 x 507.0 x 542.0):
--------------------------------------------------------------------------------
  批次 1: 零件数=5, 占用率=45.29%
    - 6: 尺寸 57.0 x 141.0 x 46.0
    - 15: 尺寸 742.0 x 140.0 x 188.0
    - 18: 尺寸 197.0 x 134.0 x 133.0
    - 17: 尺寸 184.0 x 118.0 x 187.0
    - 2: 尺寸 347.0 x 98.0 x 140.0

打印机 2 (尺寸: 833.0 x 577.0 x 594.0):
--------------------------------------------------------------------------------
  批次 1: 零件数=7, 占用率=54.23%
    - 3: 尺寸 547.0 x 155.0 x 80.0
    - 7: 尺寸 56.0 x 109.0 x 47.0
    - 19: 尺寸 212.0 x 119.0 x 92.0
    - 5: 尺寸 100.0 x 89.0 x 64.0
    - 11: 尺寸 179.0 x 322.0 x 91.0
    - 16: 尺寸 317.0 x 183.0 x 84.0
    - 9: 尺寸 180.0 x 111.0 x 90.0

打印机 3 (尺寸: 926.0 x 501.0 x 541.0):
--------------------------------------------------------------------------------
  批次 1: 零件数=8, 占用率=64.26%
    - 4: 尺寸 170.0 x 137.0 x 29.0
    - 0: 尺寸 676.0 x 234.0 x 22.0
    - 13: 尺寸 73.0 x 78.0 x 24.0
    - 10: 尺寸 71.0 x 107.0 x 13.0
    - 14: 尺寸 159.0 x 81.0 x 15.0
    - 8: 尺寸 85.0 x 119.0 x 26.0
    - 12: 尺寸 110.0 x 136.0 x 21.0
    - 1: 尺寸 268.0 x 244.0 x 21.0

════════════════════════════════════════════════════════════════
