════════════════════════════════════════════════════════════════
              Pareto前沿解集详细数据
════════════════════════════════════════════════════════════════

算例: J100P5B4D10_04
算法: SPEA2
运行次数: 2
解的数量: 11

----------------------------------------------------------------------------------------------------
序号       Cmax                 能耗(kWh)              装箱质量            批次数       
----------------------------------------------------------------------------------------------------
1        78307.24             1007.91              0.1610          17        
2        77877.24             1008.22              0.1610          17        
3        77373.24             1008.28              0.1610          17        
4        76847.24             1008.63              0.1610          17        
5        76981.24             1008.33              0.1610          17        
6        75090.24             1010.11              0.1610          17        
7        75884.24             1009.48              0.1610          17        
8        76047.24             1008.88              0.1610          17        
9        75864.24             1009.88              0.1610          17        
10       75240.34             1009.89              0.1610          17        
11       76002.34             1008.92              0.1610          17        
----------------------------------------------------------------------------------------------------

统计信息:
  Cmax范围: [75090.24, 78307.24]
  能耗范围: [1007.91, 1010.11] kWh
  Cmax跨度: 3217.00 (4.11%)
  能耗跨度: 2.20 (0.22%)

════════════════════════════════════════════════════════════════
