════════════════════════════════════════════════════════════════
              最优Cmax解的详细调度记录
════════════════════════════════════════════════════════════════

【基本信息】
----------------------------------------------------------------------------------------------------
Cmax (最大完工时间): 42825.11
能耗: 264.87 kWh
装箱质量: 0.1752
批次总数: 3
工件数量: 20
机器数量: 10 (打印机:3, 批处理机:2, 离散机:5)

【染色体编码】
----------------------------------------------------------------------------------------------------
工序序列 (OS): [1, 6, 2, 3, 18, 7, 11, 13, 15, 5, 9, 12, 4, 17, 8, 16, 14, 19, 10, 0, 17, 5, 15, 7, 0, 16, 7, 19, 5, 6, 12, 3, 8, 8, 1, 13, 7, 12, 13, 12, 0, 10, 17, 4, 2, 7, 19, 4, 9, 6, 15, 1, 17, 4, 3, 5, 15, 8, 3, 10, 19, 7, 11, 0, 6, 18, 17, 5, 14, 15, 11, 14, 8, 12, 12, 11, 7, 3, 17, 6, 6, 4, 3, 13, 15, 13, 19, 8, 5, 8, 17, 5, 4, 4, 13, 14, 8, 0, 15, 16, 0, 16, 10, 0, 13, 9, 3, 9, 3, 1, 7, 19, 10, 5, 2, 17, 4, 11, 9, 10, 13, 6, 1, 6, 4, 14, 13, 12]
机器选择 (MS): [3, 1, 3, 2, 1, 1, 3, 3, 1, 3, 3, 1, 3, 1, 1, 1, 3, 3, 1, 1, 1, 1, 2, 3, 1, 2, 2, 1, 2, 2, 1, 2, 1, 1, 1, 1, 1, 3, 1, 1, 1, 3, 3, 1, 3, 2, 1, 1, 1, 1, 2, 2, 1, 1, 1, 2, 1, 1, 1, 3, 1, 1, 1, 1, 1, 1, 1, 1, 1, 2, 1, 1, 2, 1, 1, 1, 1, 3, 2, 2, 2, 1, 1, 1, 1, 1, 1, 1, 1, 2, 1, 1, 1, 1, 3, 3, 1, 2, 1, 3, 3, 2, 1, 1, 2, 1, 1, 2, 2, 1, 2, 2, 1, 1, 1, 1, 1, 1, 1, 1, 2, 3, 2, 1, 2, 1, 3, 1]

【零件加工顺序记录】
----------------------------------------------------------------------------------------------------
工件号      工序号             机器号             开始时间            结束时间            加工时长           
----------------------------------------------------------------------------------------------------

工件 0:
  0        0               打印机1            0.00            13997.33        13997.33       
  0        1               批处理机1           13997.33        15081.33        1084.00        
  0        2               离散机4            15081.33        16429.33        1348.00        
  0        3               离散机5            16622.33        18264.33        1642.00        
  0        4               离散机5            19535.33        20788.33        1253.00        
  0        5               离散机5            20788.33        21970.33        1182.00        
  0        6               离散机4            23295.33        24840.33        1545.00        
  0        7               离散机5            26192.33        27332.33        1140.00        

工件 1:
  1        0               打印机3            0.00            28602.11        28602.11       
  1        1               批处理机1           28602.11        29686.11        1084.00        
  1        2               离散机5            29686.11        30746.11        1060.00        
  1        3               离散机1            31914.11        32829.11        915.00         
  1        4               离散机2            38356.11        39864.11        1508.00        
  1        5               离散机3            41696.11        42825.11        1129.00        

工件 2:
  2        0               打印机3            0.00            28602.11        28602.11       
  2        1               批处理机1           28602.11        29686.11        1084.00        
  2        2               离散机4            30699.11        32126.11        1427.00        
  2        3               离散机3            40565.11        41696.11        1131.00        

工件 3:
  3        0               打印机2            0.00            5038.29         5038.29        
  3        1               批处理机1           5038.29         6122.29         1084.00        
  3        2               离散机5            6122.29         7752.29         1630.00        
  3        3               离散机3            7752.29         8663.29         911.00         
  3        4               离散机2            8663.29         9576.29         913.00         
  3        5               离散机5            9576.29         10868.29        1292.00        
  3        6               离散机5            10868.29        12587.29        1719.00        
  3        7               离散机4            12587.29        13497.29        910.00         
  3        8               离散机2            13497.29        14415.29        918.00         

工件 4:
  4        0               打印机3            0.00            28602.11        28602.11       
  4        1               批处理机1           28602.11        29686.11        1084.00        
  4        2               离散机1            30682.11        31914.11        1232.00        
  4        3               离散机3            31914.11        33281.11        1367.00        
  4        4               离散机3            33281.11        34420.11        1139.00        
  4        5               离散机4            34420.11        35327.11        907.00         
  4        6               离散机1            35327.11        36692.11        1365.00        
  4        7               离散机3            37370.11        38289.11        919.00         
  4        8               离散机4            38937.11        39892.11        955.00         
  4        9               离散机2            40852.11        42578.11        1726.00        

工件 5:
  5        0               打印机3            0.00            28602.11        28602.11       
  5        1               批处理机1           28602.11        29686.11        1084.00        
  5        2               离散机2            29686.11        31198.11        1512.00        
  5        3               离散机2            31198.11        32868.11        1670.00        
  5        4               离散机5            32868.11        33867.11        999.00         
  5        5               离散机2            34148.11        35728.11        1580.00        
  5        6               离散机5            36172.11        37072.11        900.00         
  5        7               离散机5            37072.11        38150.11        1078.00        
  5        8               离散机3            39297.11        40565.11        1268.00        

工件 6:
  6        0               打印机1            0.00            13997.33        13997.33       
  6        1               批处理机1           13997.33        15081.33        1084.00        
  6        2               离散机5            15081.33        16622.33        1541.00        
  6        3               离散机3            18092.33        19592.33        1500.00        
  6        4               离散机1            19969.33        21689.33        1720.00        
  6        5               离散机2            23684.33        25088.33        1404.00        
  6        6               离散机4            25088.33        26781.33        1693.00        
  6        7               离散机5            27332.33        28453.33        1121.00        
  6        8               离散机1            38668.11        40127.11        1459.00        

工件 7:
  7        0               打印机1            0.00            13997.33        13997.33       
  7        1               批处理机1           13997.33        15081.33        1084.00        
  7        2               离散机1            15081.33        16251.33        1170.00        
  7        3               离散机1            17238.33        18694.33        1456.00        
  7        4               离散机1            18694.33        19969.33        1275.00        
  7        5               离散机4            20612.33        22126.33        1514.00        
  7        6               离散机5            22126.33        23168.33        1042.00        
  7        7               离散机3            26392.33        27665.33        1273.00        
  7        8               离散机1            36692.11        37767.11        1075.00        

工件 8:
  8        0               打印机1            0.00            13997.33        13997.33       
  8        1               批处理机1           13997.33        15081.33        1084.00        
  8        2               离散机2            16854.33        18456.33        1602.00        
  8        3               离散机5            18456.33        19535.33        1079.00        
  8        4               离散机3            21755.33        23311.33        1556.00        
  8        5               离散机5            23311.33        24666.33        1355.00        
  8        6               离散机5            24666.33        26192.33        1526.00        
  8        7               离散机1            26491.33        27724.33        1233.00        
  8        8               离散机2            27724.33        29273.33        1549.00        

工件 9:
  9        0               打印机3            0.00            28602.11        28602.11       
  9        1               批处理机1           28602.11        29686.11        1084.00        
  9        2               离散机2            32868.11        34148.11        1280.00        
  9        3               离散机2            37256.11        38356.11        1100.00        
  9        4               离散机5            39187.11        40452.11        1265.00        
  9        5               离散机4            41431.11        42778.11        1347.00        

工件 10:
  10       0               打印机1            0.00            13997.33        13997.33       
  10       1               批处理机1           13997.33        15081.33        1084.00        
  10       2               离散机2            19616.33        20643.33        1027.00        
  10       3               离散机4            22126.33        23295.33        1169.00        
  10       4               离散机2            26093.33        27267.33        1174.00        
  10       5               离散机3            28884.33        30250.33        1366.00        
  10       6               离散机1            37767.11        38668.11        901.00         

工件 11:
  11       0               打印机3            0.00            28602.11        28602.11       
  11       1               批处理机1           28602.11        29686.11        1084.00        
  11       2               离散机4            33198.11        34144.11        946.00         
  11       3               离散机2            35728.11        37256.11        1528.00        
  11       4               离散机4            37256.11        38937.11        1681.00        
  11       5               离散机4            39892.11        41431.11        1539.00        

工件 12:
  12       0               打印机1            0.00            13997.33        13997.33       
  12       1               批处理机1           13997.33        15081.33        1084.00        
  12       2               离散机3            16830.33        18092.33        1262.00        
  12       3               离散机2            18456.33        19616.33        1160.00        
  12       4               离散机4            19616.33        20612.33        996.00         
  12       5               离散机1            23355.33        25029.33        1674.00        
  12       6               离散机3            25029.33        26392.33        1363.00        
  12       7               离散机5            28453.33        29609.33        1156.00        

工件 13:
  13       0               打印机3            0.00            28602.11        28602.11       
  13       1               批处理机1           28602.11        29686.11        1084.00        
  13       2               离散机4            29686.11        30699.11        1013.00        
  13       3               离散机5            30746.11        32535.11        1789.00        
  13       4               离散机1            32829.11        33758.11        929.00         
  13       5               离散机5            33867.11        34980.11        1113.00        
  13       6               离散机4            35327.11        37013.11        1686.00        
  13       7               离散机5            38150.11        39187.11        1037.00        
  13       8               离散机5            40452.11        41574.11        1122.00        
  13       9               离散机5            41574.11        42591.11        1017.00        

工件 14:
  14       0               打印机3            0.00            28602.11        28602.11       
  14       1               批处理机1           28602.11        29686.11        1084.00        
  14       2               离散机3            34420.11        35720.11        1300.00        
  14       3               离散机3            35720.11        37370.11        1650.00        
  14       4               离散机3            38289.11        39297.11        1008.00        
  14       5               离散机1            40127.11        41666.11        1539.00        

工件 15:
  15       0               打印机1            0.00            13997.33        13997.33       
  15       1               批处理机1           13997.33        15081.33        1084.00        
  15       2               离散机2            15081.33        16854.33        1773.00        
  15       3               离散机3            19592.33        20794.33        1202.00        
  15       4               离散机3            20794.33        21755.33        961.00         
  15       5               离散机2            22193.33        23684.33        1491.00        
  15       6               离散机2            25088.33        26093.33        1005.00        
  15       7               离散机3            27665.33        28884.33        1219.00        

工件 16:
  16       0               打印机1            0.00            13997.33        13997.33       
  16       1               批处理机1           13997.33        15081.33        1084.00        
  16       2               离散机1            16251.33        17238.33        987.00         
  16       3               离散机1            27724.33        29048.33        1324.00        
  16       4               离散机1            33758.11        35203.11        1445.00        

工件 17:
  17       0               打印机1            0.00            13997.33        13997.33       
  17       1               批处理机1           13997.33        15081.33        1084.00        
  17       2               离散机3            15081.33        16830.33        1749.00        
  17       3               离散机2            20643.33        22193.33        1550.00        
  17       4               离散机1            22193.33        23355.33        1162.00        
  17       5               离散机3            23355.33        25003.33        1648.00        
  17       6               离散机1            25029.33        26491.33        1462.00        
  17       7               离散机4            26781.33        27930.33        1149.00        
  17       8               离散机4            27930.33        28929.33        999.00         

工件 18:
  18       0               打印机1            0.00            13997.33        13997.33       
  18       1               批处理机1           13997.33        15081.33        1084.00        
  18       2               离散机4            16429.33        18149.33        1720.00        

工件 19:
  19       0               打印机3            0.00            28602.11        28602.11       
  19       1               批处理机1           28602.11        29686.11        1084.00        
  19       2               离散机1            29686.11        30682.11        996.00         
  19       3               离散机3            30682.11        31898.11        1216.00        
  19       4               离散机4            32126.11        33198.11        1072.00        
  19       5               离散机5            34980.11        36172.11        1192.00        
  19       6               离散机2            39864.11        40852.11        988.00         

【机器加工顺序记录】
----------------------------------------------------------------------------------------------------

打印机1:
工件号      工序号             开始时间            结束时间            加工时长           
--------------------------------------------------------------------------------
  0        0               0.00            13997.33        13997.33       
  6        0               0.00            13997.33        13997.33       
  7        0               0.00            13997.33        13997.33       
  8        0               0.00            13997.33        13997.33       
  10       0               0.00            13997.33        13997.33       
  12       0               0.00            13997.33        13997.33       
  15       0               0.00            13997.33        13997.33       
  16       0               0.00            13997.33        13997.33       
  17       0               0.00            13997.33        13997.33       
  18       0               0.00            13997.33        13997.33       

  机器利用率: 326.85% (忙碌时间: 139973.27 / 总时间: 42825.11)

打印机2:
工件号      工序号             开始时间            结束时间            加工时长           
--------------------------------------------------------------------------------
  3        0               0.00            5038.29         5038.29        

  机器利用率: 11.76% (忙碌时间: 5038.29 / 总时间: 42825.11)

打印机3:
工件号      工序号             开始时间            结束时间            加工时长           
--------------------------------------------------------------------------------
  1        0               0.00            28602.11        28602.11       
  2        0               0.00            28602.11        28602.11       
  4        0               0.00            28602.11        28602.11       
  5        0               0.00            28602.11        28602.11       
  9        0               0.00            28602.11        28602.11       
  11       0               0.00            28602.11        28602.11       
  13       0               0.00            28602.11        28602.11       
  14       0               0.00            28602.11        28602.11       
  19       0               0.00            28602.11        28602.11       

  机器利用率: 601.09% (忙碌时间: 257418.97 / 总时间: 42825.11)

批处理机1:
工件号      工序号             开始时间            结束时间            加工时长           
--------------------------------------------------------------------------------
  3        1               5038.29         6122.29         1084.00        
  0        1               13997.33        15081.33        1084.00        
  6        1               13997.33        15081.33        1084.00        
  7        1               13997.33        15081.33        1084.00        
  8        1               13997.33        15081.33        1084.00        
  10       1               13997.33        15081.33        1084.00        
  12       1               13997.33        15081.33        1084.00        
  15       1               13997.33        15081.33        1084.00        
  16       1               13997.33        15081.33        1084.00        
  17       1               13997.33        15081.33        1084.00        
  18       1               13997.33        15081.33        1084.00        
  1        1               28602.11        29686.11        1084.00        
  2        1               28602.11        29686.11        1084.00        
  4        1               28602.11        29686.11        1084.00        
  5        1               28602.11        29686.11        1084.00        
  9        1               28602.11        29686.11        1084.00        
  11       1               28602.11        29686.11        1084.00        
  13       1               28602.11        29686.11        1084.00        
  14       1               28602.11        29686.11        1084.00        
  19       1               28602.11        29686.11        1084.00        

  机器利用率: 50.62% (忙碌时间: 21680.00 / 总时间: 42825.11)

批处理机2:
工件号      工序号             开始时间            结束时间            加工时长           
--------------------------------------------------------------------------------

  机器利用率: 0.00% (忙碌时间: 0.00 / 总时间: 42825.11)

离散机1:
工件号      工序号             开始时间            结束时间            加工时长           
--------------------------------------------------------------------------------
  7        2               15081.33        16251.33        1170.00        
  16       2               16251.33        17238.33        987.00         
  7        3               17238.33        18694.33        1456.00        
  7        4               18694.33        19969.33        1275.00        
  6        4               19969.33        21689.33        1720.00        
  17       4               22193.33        23355.33        1162.00        
  12       5               23355.33        25029.33        1674.00        
  17       6               25029.33        26491.33        1462.00        
  8        7               26491.33        27724.33        1233.00        
  16       3               27724.33        29048.33        1324.00        
  19       2               29686.11        30682.11        996.00         
  4        2               30682.11        31914.11        1232.00        
  1        3               31914.11        32829.11        915.00         
  13       4               32829.11        33758.11        929.00         
  16       4               33758.11        35203.11        1445.00        
  4        6               35327.11        36692.11        1365.00        
  7        8               36692.11        37767.11        1075.00        
  10       6               37767.11        38668.11        901.00         
  6        8               38668.11        40127.11        1459.00        
  14       5               40127.11        41666.11        1539.00        

  机器利用率: 59.12% (忙碌时间: 25319.00 / 总时间: 42825.11)

离散机2:
工件号      工序号             开始时间            结束时间            加工时长           
--------------------------------------------------------------------------------
  3        4               8663.29         9576.29         913.00         
  3        8               13497.29        14415.29        918.00         
  15       2               15081.33        16854.33        1773.00        
  8        2               16854.33        18456.33        1602.00        
  12       3               18456.33        19616.33        1160.00        
  10       2               19616.33        20643.33        1027.00        
  17       3               20643.33        22193.33        1550.00        
  15       5               22193.33        23684.33        1491.00        
  6        5               23684.33        25088.33        1404.00        
  15       6               25088.33        26093.33        1005.00        
  10       4               26093.33        27267.33        1174.00        
  8        8               27724.33        29273.33        1549.00        
  5        2               29686.11        31198.11        1512.00        
  5        3               31198.11        32868.11        1670.00        
  9        2               32868.11        34148.11        1280.00        
  5        5               34148.11        35728.11        1580.00        
  11       3               35728.11        37256.11        1528.00        
  9        3               37256.11        38356.11        1100.00        
  1        4               38356.11        39864.11        1508.00        
  19       6               39864.11        40852.11        988.00         
  4        9               40852.11        42578.11        1726.00        

  机器利用率: 66.45% (忙碌时间: 28458.00 / 总时间: 42825.11)

离散机3:
工件号      工序号             开始时间            结束时间            加工时长           
--------------------------------------------------------------------------------
  3        3               7752.29         8663.29         911.00         
  17       2               15081.33        16830.33        1749.00        
  12       2               16830.33        18092.33        1262.00        
  6        3               18092.33        19592.33        1500.00        
  15       3               19592.33        20794.33        1202.00        
  15       4               20794.33        21755.33        961.00         
  8        4               21755.33        23311.33        1556.00        
  17       5               23355.33        25003.33        1648.00        
  12       6               25029.33        26392.33        1363.00        
  7        7               26392.33        27665.33        1273.00        
  15       7               27665.33        28884.33        1219.00        
  10       5               28884.33        30250.33        1366.00        
  19       3               30682.11        31898.11        1216.00        
  4        3               31914.11        33281.11        1367.00        
  4        4               33281.11        34420.11        1139.00        
  14       2               34420.11        35720.11        1300.00        
  14       3               35720.11        37370.11        1650.00        
  4        7               37370.11        38289.11        919.00         
  14       4               38289.11        39297.11        1008.00        
  5        8               39297.11        40565.11        1268.00        
  2        3               40565.11        41696.11        1131.00        
  1        5               41696.11        42825.11        1129.00        

  机器利用率: 65.70% (忙碌时间: 28137.00 / 总时间: 42825.11)

离散机4:
工件号      工序号             开始时间            结束时间            加工时长           
--------------------------------------------------------------------------------
  3        7               12587.29        13497.29        910.00         
  0        2               15081.33        16429.33        1348.00        
  18       2               16429.33        18149.33        1720.00        
  12       4               19616.33        20612.33        996.00         
  7        5               20612.33        22126.33        1514.00        
  10       3               22126.33        23295.33        1169.00        
  0        6               23295.33        24840.33        1545.00        
  6        6               25088.33        26781.33        1693.00        
  17       7               26781.33        27930.33        1149.00        
  17       8               27930.33        28929.33        999.00         
  13       2               29686.11        30699.11        1013.00        
  2        2               30699.11        32126.11        1427.00        
  19       4               32126.11        33198.11        1072.00        
  11       2               33198.11        34144.11        946.00         
  4        5               34420.11        35327.11        907.00         
  13       6               35327.11        37013.11        1686.00        
  11       4               37256.11        38937.11        1681.00        
  4        8               38937.11        39892.11        955.00         
  11       5               39892.11        41431.11        1539.00        
  9        5               41431.11        42778.11        1347.00        

  机器利用率: 59.82% (忙碌时间: 25616.00 / 总时间: 42825.11)

离散机5:
工件号      工序号             开始时间            结束时间            加工时长           
--------------------------------------------------------------------------------
  3        2               6122.29         7752.29         1630.00        
  3        5               9576.29         10868.29        1292.00        
  3        6               10868.29        12587.29        1719.00        
  6        2               15081.33        16622.33        1541.00        
  0        3               16622.33        18264.33        1642.00        
  8        3               18456.33        19535.33        1079.00        
  0        4               19535.33        20788.33        1253.00        
  0        5               20788.33        21970.33        1182.00        
  7        6               22126.33        23168.33        1042.00        
  8        5               23311.33        24666.33        1355.00        
  8        6               24666.33        26192.33        1526.00        
  0        7               26192.33        27332.33        1140.00        
  6        7               27332.33        28453.33        1121.00        
  12       7               28453.33        29609.33        1156.00        
  1        2               29686.11        30746.11        1060.00        
  13       3               30746.11        32535.11        1789.00        
  5        4               32868.11        33867.11        999.00         
  13       5               33867.11        34980.11        1113.00        
  19       5               34980.11        36172.11        1192.00        
  5        6               36172.11        37072.11        900.00         
  5        7               37072.11        38150.11        1078.00        
  13       7               38150.11        39187.11        1037.00        
  9        4               39187.11        40452.11        1265.00        
  13       8               40452.11        41574.11        1122.00        
  13       9               41574.11        42591.11        1017.00        

  机器利用率: 72.97% (忙碌时间: 31250.00 / 总时间: 42825.11)

【打印批次详细信息】
----------------------------------------------------------------------------------------------------

打印机 1 (尺寸: 947.0 x 563.0 x 569.0):
--------------------------------------------------------------------------------
  批次 1: 零件数=10, 占用率=89.15%
    - 6: 尺寸 290.0 x 255.0 x 34.0
    - 18: 尺寸 93.0 x 158.0 x 56.0
    - 7: 尺寸 292.0 x 248.0 x 80.0
    - 15: 尺寸 177.0 x 102.0 x 59.0
    - 10: 尺寸 93.0 x 239.0 x 68.0
    - 17: 尺寸 175.0 x 117.0 x 29.0
    - 16: 尺寸 55.0 x 139.0 x 75.0
    - 8: 尺寸 99.0 x 126.0 x 12.0
    - 12: 尺寸 484.0 x 296.0 x 69.0
    - 0: 尺寸 421.0 x 214.0 x 34.0

打印机 2 (尺寸: 870.0 x 568.0 x 567.0):
--------------------------------------------------------------------------------
  批次 1: 零件数=1, 占用率=17.52%
    - 3: 尺寸 390.0 x 222.0 x 11.0

打印机 3 (尺寸: 1192.0 x 557.0 x 575.0):
--------------------------------------------------------------------------------
  批次 1: 零件数=9, 占用率=82.23%
    - 1: 尺寸 605.0 x 328.0 x 110.0
    - 9: 尺寸 354.0 x 328.0 x 185.0
    - 13: 尺寸 219.0 x 433.0 x 93.0
    - 2: 尺寸 85.0 x 123.0 x 96.0
    - 19: 尺寸 77.0 x 123.0 x 187.0
    - 11: 尺寸 186.0 x 70.0 x 154.0
    - 4: 尺寸 256.0 x 210.0 x 195.0
    - 5: 尺寸 170.0 x 53.0 x 48.0
    - 14: 尺寸 327.0 x 125.0 x 26.0

════════════════════════════════════════════════════════════════
