════════════════════════════════════════════════════════════════
              最优Cmax解的详细调度记录
════════════════════════════════════════════════════════════════

【基本信息】
----------------------------------------------------------------------------------------------------
Cmax (最大完工时间): 43163.09
能耗: 272.17 kWh
装箱质量: 0.4529
批次总数: 3
工件数量: 20
机器数量: 10 (打印机:3, 批处理机:2, 离散机:5)

【染色体编码】
----------------------------------------------------------------------------------------------------
工序序列 (OS): [2, 12, 3, 15, 14, 11, 1, 17, 6, 9, 10, 4, 0, 18, 7, 5, 19, 13, 16, 8, 19, 10, 12, 3, 8, 17, 5, 0, 2, 1, 11, 16, 7, 2, 1, 18, 10, 9, 11, 12, 1, 17, 16, 4, 5, 7, 0, 11, 19, 11, 9, 19, 1, 7, 8, 7, 5, 4, 3, 5, 2, 4, 0, 16, 11, 13, 9, 4, 9, 11, 1, 15, 2, 5, 9, 19, 5, 7, 9, 8, 10, 4, 9, 19, 0, 0, 10, 0, 18, 5, 17, 3, 13, 19, 1, 11, 15, 18, 17, 14, 9, 14, 16, 2, 2, 16, 3, 11, 10, 18, 3, 17, 15, 8, 18, 0, 7, 10, 1, 0, 14, 1, 2, 10]
机器选择 (MS): [1, 3, 2, 1, 3, 2, 3, 1, 1, 2, 3, 2, 3, 1, 2, 2, 2, 3, 2, 3, 1, 1, 3, 1, 1, 1, 2, 3, 2, 2, 2, 3, 1, 1, 1, 1, 1, 2, 2, 2, 1, 1, 2, 1, 1, 2, 1, 1, 1, 1, 1, 1, 3, 2, 2, 1, 1, 1, 2, 1, 2, 3, 2, 2, 1, 1, 1, 1, 1, 1, 1, 1, 2, 2, 1, 1, 2, 1, 1, 2, 1, 1, 1, 2, 1, 2, 2, 1, 3, 1, 1, 1, 1, 1, 3, 1, 1, 1, 1, 1, 1, 1, 3, 2, 3, 1, 1, 1, 1, 3, 1, 1, 1, 1, 1, 2, 1, 1, 1, 2, 2, 3, 1, 2]

【零件加工顺序记录】
----------------------------------------------------------------------------------------------------
工件号      工序号             机器号             开始时间            结束时间            加工时长           
----------------------------------------------------------------------------------------------------

工件 0:
  0        0               打印机3            0.00            9198.56         9198.56        
  0        1               批处理机2           9198.56         10298.56        1100.00        
  0        2               离散机1            10298.56        11413.56        1115.00        
  0        3               离散机1            11413.56        13107.56        1694.00        
  0        4               离散机5            13107.56        14838.56        1731.00        
  0        5               离散机1            14838.56        16010.56        1172.00        
  0        6               离散机1            16010.56        16983.56        973.00         
  0        7               离散机4            17080.56        18541.56        1461.00        
  0        8               离散机4            18541.56        19765.56        1224.00        
  0        9               离散机5            20725.56        22031.56        1306.00        

工件 1:
  1        0               打印机3            0.00            9198.56         9198.56        
  1        1               批处理机2           9198.56         10298.56        1100.00        
  1        2               离散机4            13029.56        14478.56        1449.00        
  1        3               离散机4            14478.56        15767.56        1289.00        
  1        4               离散机3            15767.56        16720.56        953.00         
  1        5               离散机5            16720.56        17733.56        1013.00        
  1        6               离散机2            17733.56        19250.56        1517.00        
  1        7               离散机5            19393.56        20725.56        1332.00        
  1        8               离散机3            20725.56        22471.56        1746.00        
  1        9               离散机1            22471.56        23459.56        988.00         

工件 2:
  2        0               打印机1            0.00            32777.09        32777.09       
  2        1               批处理机2           32777.09        33877.09        1100.00        
  2        2               离散机1            33877.09        35444.09        1567.00        
  2        3               离散机4            35444.09        36742.09        1298.00        
  2        4               离散机3            36742.09        37983.09        1241.00        
  2        5               离散机3            37983.09        39122.09        1139.00        
  2        6               离散机5            39122.09        40277.09        1155.00        
  2        7               离散机3            40277.09        41740.09        1463.00        
  2        8               离散机5            41740.09        43163.09        1423.00        

工件 3:
  3        0               打印机2            0.00            22479.17        22479.17       
  3        1               批处理机2           22479.17        23579.17        1100.00        
  3        2               离散机1            24730.17        25821.17        1091.00        
  3        3               离散机2            28661.17        30264.17        1603.00        
  3        4               离散机5            30264.17        31344.17        1080.00        
  3        5               离散机4            33202.17        34528.17        1326.00        
  3        6               离散机1            37754.09        39345.09        1591.00        

工件 4:
  4        0               打印机2            0.00            22479.17        22479.17       
  4        1               批处理机2           22479.17        23579.17        1100.00        
  4        2               离散机2            25052.17        26197.17        1145.00        
  4        3               离散机1            27090.17        28784.17        1694.00        
  4        4               离散机3            29516.17        30574.17        1058.00        
  4        5               离散机2            31521.17        32680.17        1159.00        
  4        6               离散机5            32747.17        33821.17        1074.00        

工件 5:
  5        0               打印机2            0.00            22479.17        22479.17       
  5        1               批处理机2           22479.17        23579.17        1100.00        
  5        2               离散机4            23579.17        24496.17        917.00         
  5        3               离散机4            25815.17        26829.17        1014.00        
  5        4               离散机4            26829.17        28080.17        1251.00        
  5        5               离散机4            28080.17        29235.17        1155.00        
  5        6               离散机1            29738.17        30849.17        1111.00        
  5        7               离散机3            31552.17        32758.17        1206.00        
  5        8               离散机1            32758.17        33740.17        982.00         

工件 6:
  6        0               打印机1            0.00            32777.09        32777.09       
  6        1               批处理机2           32777.09        33877.09        1100.00        

工件 7:
  7        0               打印机2            0.00            22479.17        22479.17       
  7        1               批处理机2           22479.17        23579.17        1100.00        
  7        2               离散机4            24496.17        25815.17        1319.00        
  7        3               离散机3            26221.17        27367.17        1146.00        
  7        4               离散机3            28322.17        29516.17        1194.00        
  7        5               离散机4            29516.17        30519.17        1003.00        
  7        6               离散机4            31535.17        33202.17        1667.00        
  7        7               离散机5            40277.09        41582.09        1305.00        

工件 8:
  8        0               打印机3            0.00            9198.56         9198.56        
  8        1               批处理机2           9198.56         10298.56        1100.00        
  8        2               离散机4            11342.56        13029.56        1687.00        
  8        3               离散机1            13107.56        14162.56        1055.00        
  8        4               离散机5            14838.56        16035.56        1197.00        
  8        5               离散机1            20693.56        22233.56        1540.00        

工件 9:
  9        0               打印机2            0.00            22479.17        22479.17       
  9        1               批处理机2           22479.17        23579.17        1100.00        
  9        2               离散机1            25821.17        27090.17        1269.00        
  9        3               离散机3            27367.17        28322.17        955.00         
  9        4               离散机4            30519.17        31535.17        1016.00        
  9        5               离散机5            31535.17        32747.17        1212.00        
  9        6               离散机2            32747.17        33772.17        1025.00        
  9        7               离散机3            33772.17        35114.17        1342.00        
  9        8               离散机2            35343.09        36677.09        1334.00        
  9        9               离散机1            36848.09        37754.09        906.00         

工件 10:
  10       0               打印机3            0.00            9198.56         9198.56        
  10       1               批处理机2           9198.56         10298.56        1100.00        
  10       2               离散机4            10298.56        11342.56        1044.00        
  10       3               离散机3            11342.56        12482.56        1140.00        
  10       4               离散机3            12482.56        13862.56        1380.00        
  10       5               离散机1            16983.56        18203.56        1220.00        
  10       6               离散机1            19269.56        20693.56        1424.00        
  10       7               离散机2            20693.56        21841.56        1148.00        
  10       8               离散机5            22031.56        23211.56        1180.00        

工件 11:
  11       0               打印机2            0.00            22479.17        22479.17       
  11       1               批处理机2           22479.17        23579.17        1100.00        
  11       2               离散机2            23579.17        25052.17        1473.00        
  11       3               离散机3            25052.17        26221.17        1169.00        
  11       4               离散机2            26221.17        27540.17        1319.00        
  11       5               离散机5            27703.17        28819.17        1116.00        
  11       6               离散机1            28819.17        29738.17        919.00         
  11       7               离散机3            30574.17        31552.17        978.00         
  11       8               离散机2            36677.09        37725.09        1048.00        
  11       9               离散机4            38124.09        39633.09        1509.00        

工件 12:
  12       0               打印机3            0.00            9198.56         9198.56        
  12       1               批处理机2           9198.56         10298.56        1100.00        
  12       2               离散机2            10298.56        11993.56        1695.00        
  12       3               离散机4            15767.56        17080.56        1313.00        

工件 13:
  13       0               打印机3            0.00            9198.56         9198.56        
  13       1               批处理机2           9198.56         10298.56        1100.00        
  13       2               离散机2            11993.56        13118.56        1125.00        
  13       3               离散机5            17733.56        19393.56        1660.00        

工件 14:
  14       0               打印机3            0.00            9198.56         9198.56        
  14       1               批处理机2           9198.56         10298.56        1100.00        
  14       2               离散机1            18203.56        19269.56        1066.00        
  14       3               离散机3            19269.56        20637.56        1368.00        
  14       4               离散机3            22471.56        23685.56        1214.00        

工件 15:
  15       0               打印机1            0.00            32777.09        32777.09       
  15       1               批处理机2           32777.09        33877.09        1100.00        
  15       2               离散机1            35444.09        36848.09        1404.00        
  15       3               离散机2            37725.09        38955.09        1230.00        
  15       4               离散机4            39633.09        40964.09        1331.00        

工件 16:
  16       0               打印机2            0.00            22479.17        22479.17       
  16       1               批处理机2           22479.17        23579.17        1100.00        
  16       2               离散机5            23579.17        25023.17        1444.00        
  16       3               离散机5            25023.17        26682.17        1659.00        
  16       4               离散机2            30264.17        31521.17        1257.00        
  16       5               离散机3            32758.17        33768.17        1010.00        
  16       6               离散机2            41316.09        42728.09        1412.00        

工件 17:
  17       0               打印机1            0.00            32777.09        32777.09       
  17       1               批处理机2           32777.09        33877.09        1100.00        
  17       2               离散机2            33877.09        35343.09        1466.00        
  17       3               离散机5            35454.09        36811.09        1357.00        
  17       4               离散机5            36811.09        38412.09        1601.00        
  17       5               离散机2            39996.09        41316.09        1320.00        
  17       6               离散机3            41740.09        42995.09        1255.00        

工件 18:
  18       0               打印机1            0.00            32777.09        32777.09       
  18       1               批处理机2           32777.09        33877.09        1100.00        
  18       2               离散机5            33877.09        35454.09        1577.00        
  18       3               离散机4            36742.09        38124.09        1382.00        
  18       4               离散机2            38955.09        39996.09        1041.00        
  18       5               离散机1            39996.09        41010.09        1014.00        
  18       6               离散机4            41010.09        42600.09        1590.00        

工件 19:
  19       0               打印机2            0.00            22479.17        22479.17       
  19       1               批处理机2           22479.17        23579.17        1100.00        
  19       2               离散机1            23579.17        24730.17        1151.00        
  19       3               离散机5            26682.17        27703.17        1021.00        
  19       4               离散机2            27703.17        28661.17        958.00         
  19       5               离散机5            28819.17        29930.17        1111.00        
  19       6               离散机1            30849.17        32627.17        1778.00        
  19       7               离散机3            35114.17        36682.17        1568.00        

【机器加工顺序记录】
----------------------------------------------------------------------------------------------------

打印机1:
工件号      工序号             开始时间            结束时间            加工时长           
--------------------------------------------------------------------------------
  2        0               0.00            32777.09        32777.09       
  6        0               0.00            32777.09        32777.09       
  15       0               0.00            32777.09        32777.09       
  17       0               0.00            32777.09        32777.09       
  18       0               0.00            32777.09        32777.09       

  机器利用率: 379.69% (忙碌时间: 163885.43 / 总时间: 43163.09)

打印机2:
工件号      工序号             开始时间            结束时间            加工时长           
--------------------------------------------------------------------------------
  3        0               0.00            22479.17        22479.17       
  4        0               0.00            22479.17        22479.17       
  5        0               0.00            22479.17        22479.17       
  7        0               0.00            22479.17        22479.17       
  9        0               0.00            22479.17        22479.17       
  11       0               0.00            22479.17        22479.17       
  16       0               0.00            22479.17        22479.17       
  19       0               0.00            22479.17        22479.17       

  机器利用率: 416.64% (忙碌时间: 179833.35 / 总时间: 43163.09)

打印机3:
工件号      工序号             开始时间            结束时间            加工时长           
--------------------------------------------------------------------------------
  0        0               0.00            9198.56         9198.56        
  1        0               0.00            9198.56         9198.56        
  8        0               0.00            9198.56         9198.56        
  10       0               0.00            9198.56         9198.56        
  12       0               0.00            9198.56         9198.56        
  13       0               0.00            9198.56         9198.56        
  14       0               0.00            9198.56         9198.56        

  机器利用率: 149.18% (忙碌时间: 64389.92 / 总时间: 43163.09)

批处理机1:
工件号      工序号             开始时间            结束时间            加工时长           
--------------------------------------------------------------------------------

  机器利用率: 0.00% (忙碌时间: 0.00 / 总时间: 43163.09)

批处理机2:
工件号      工序号             开始时间            结束时间            加工时长           
--------------------------------------------------------------------------------
  0        1               9198.56         10298.56        1100.00        
  1        1               9198.56         10298.56        1100.00        
  8        1               9198.56         10298.56        1100.00        
  10       1               9198.56         10298.56        1100.00        
  12       1               9198.56         10298.56        1100.00        
  13       1               9198.56         10298.56        1100.00        
  14       1               9198.56         10298.56        1100.00        
  3        1               22479.17        23579.17        1100.00        
  4        1               22479.17        23579.17        1100.00        
  5        1               22479.17        23579.17        1100.00        
  7        1               22479.17        23579.17        1100.00        
  9        1               22479.17        23579.17        1100.00        
  11       1               22479.17        23579.17        1100.00        
  16       1               22479.17        23579.17        1100.00        
  19       1               22479.17        23579.17        1100.00        
  2        1               32777.09        33877.09        1100.00        
  6        1               32777.09        33877.09        1100.00        
  15       1               32777.09        33877.09        1100.00        
  17       1               32777.09        33877.09        1100.00        
  18       1               32777.09        33877.09        1100.00        

  机器利用率: 50.97% (忙碌时间: 22000.00 / 总时间: 43163.09)

离散机1:
工件号      工序号             开始时间            结束时间            加工时长           
--------------------------------------------------------------------------------
  0        2               10298.56        11413.56        1115.00        
  0        3               11413.56        13107.56        1694.00        
  8        3               13107.56        14162.56        1055.00        
  0        5               14838.56        16010.56        1172.00        
  0        6               16010.56        16983.56        973.00         
  10       5               16983.56        18203.56        1220.00        
  14       2               18203.56        19269.56        1066.00        
  10       6               19269.56        20693.56        1424.00        
  8        5               20693.56        22233.56        1540.00        
  1        9               22471.56        23459.56        988.00         
  19       2               23579.17        24730.17        1151.00        
  3        2               24730.17        25821.17        1091.00        
  9        2               25821.17        27090.17        1269.00        
  4        3               27090.17        28784.17        1694.00        
  11       6               28819.17        29738.17        919.00         
  5        6               29738.17        30849.17        1111.00        
  19       6               30849.17        32627.17        1778.00        
  5        8               32758.17        33740.17        982.00         
  2        2               33877.09        35444.09        1567.00        
  15       2               35444.09        36848.09        1404.00        
  9        9               36848.09        37754.09        906.00         
  3        6               37754.09        39345.09        1591.00        
  18       5               39996.09        41010.09        1014.00        

  机器利用率: 66.55% (忙碌时间: 28724.00 / 总时间: 43163.09)

离散机2:
工件号      工序号             开始时间            结束时间            加工时长           
--------------------------------------------------------------------------------
  12       2               10298.56        11993.56        1695.00        
  13       2               11993.56        13118.56        1125.00        
  1        6               17733.56        19250.56        1517.00        
  10       7               20693.56        21841.56        1148.00        
  11       2               23579.17        25052.17        1473.00        
  4        2               25052.17        26197.17        1145.00        
  11       4               26221.17        27540.17        1319.00        
  19       4               27703.17        28661.17        958.00         
  3        3               28661.17        30264.17        1603.00        
  16       4               30264.17        31521.17        1257.00        
  4        5               31521.17        32680.17        1159.00        
  9        6               32747.17        33772.17        1025.00        
  17       2               33877.09        35343.09        1466.00        
  9        8               35343.09        36677.09        1334.00        
  11       8               36677.09        37725.09        1048.00        
  15       3               37725.09        38955.09        1230.00        
  18       4               38955.09        39996.09        1041.00        
  17       5               39996.09        41316.09        1320.00        
  16       6               41316.09        42728.09        1412.00        

  机器利用率: 56.24% (忙碌时间: 24275.00 / 总时间: 43163.09)

离散机3:
工件号      工序号             开始时间            结束时间            加工时长           
--------------------------------------------------------------------------------
  10       3               11342.56        12482.56        1140.00        
  10       4               12482.56        13862.56        1380.00        
  1        4               15767.56        16720.56        953.00         
  14       3               19269.56        20637.56        1368.00        
  1        8               20725.56        22471.56        1746.00        
  14       4               22471.56        23685.56        1214.00        
  11       3               25052.17        26221.17        1169.00        
  7        3               26221.17        27367.17        1146.00        
  9        3               27367.17        28322.17        955.00         
  7        4               28322.17        29516.17        1194.00        
  4        4               29516.17        30574.17        1058.00        
  11       7               30574.17        31552.17        978.00         
  5        7               31552.17        32758.17        1206.00        
  16       5               32758.17        33768.17        1010.00        
  9        7               33772.17        35114.17        1342.00        
  19       7               35114.17        36682.17        1568.00        
  2        4               36742.09        37983.09        1241.00        
  2        5               37983.09        39122.09        1139.00        
  2        7               40277.09        41740.09        1463.00        
  17       6               41740.09        42995.09        1255.00        

  机器利用率: 56.82% (忙碌时间: 24525.00 / 总时间: 43163.09)

离散机4:
工件号      工序号             开始时间            结束时间            加工时长           
--------------------------------------------------------------------------------
  10       2               10298.56        11342.56        1044.00        
  8        2               11342.56        13029.56        1687.00        
  1        2               13029.56        14478.56        1449.00        
  1        3               14478.56        15767.56        1289.00        
  12       3               15767.56        17080.56        1313.00        
  0        7               17080.56        18541.56        1461.00        
  0        8               18541.56        19765.56        1224.00        
  5        2               23579.17        24496.17        917.00         
  7        2               24496.17        25815.17        1319.00        
  5        3               25815.17        26829.17        1014.00        
  5        4               26829.17        28080.17        1251.00        
  5        5               28080.17        29235.17        1155.00        
  7        5               29516.17        30519.17        1003.00        
  9        4               30519.17        31535.17        1016.00        
  7        6               31535.17        33202.17        1667.00        
  3        5               33202.17        34528.17        1326.00        
  2        3               35444.09        36742.09        1298.00        
  18       3               36742.09        38124.09        1382.00        
  11       9               38124.09        39633.09        1509.00        
  15       4               39633.09        40964.09        1331.00        
  18       6               41010.09        42600.09        1590.00        

  机器利用率: 63.12% (忙碌时间: 27245.00 / 总时间: 43163.09)

离散机5:
工件号      工序号             开始时间            结束时间            加工时长           
--------------------------------------------------------------------------------
  0        4               13107.56        14838.56        1731.00        
  8        4               14838.56        16035.56        1197.00        
  1        5               16720.56        17733.56        1013.00        
  13       3               17733.56        19393.56        1660.00        
  1        7               19393.56        20725.56        1332.00        
  0        9               20725.56        22031.56        1306.00        
  10       8               22031.56        23211.56        1180.00        
  16       2               23579.17        25023.17        1444.00        
  16       3               25023.17        26682.17        1659.00        
  19       3               26682.17        27703.17        1021.00        
  11       5               27703.17        28819.17        1116.00        
  19       5               28819.17        29930.17        1111.00        
  3        4               30264.17        31344.17        1080.00        
  9        5               31535.17        32747.17        1212.00        
  4        6               32747.17        33821.17        1074.00        
  18       2               33877.09        35454.09        1577.00        
  17       3               35454.09        36811.09        1357.00        
  17       4               36811.09        38412.09        1601.00        
  2        6               39122.09        40277.09        1155.00        
  7        7               40277.09        41582.09        1305.00        
  2        8               41740.09        43163.09        1423.00        

  机器利用率: 63.84% (忙碌时间: 27554.00 / 总时间: 43163.09)

【打印批次详细信息】
----------------------------------------------------------------------------------------------------

打印机 1 (尺寸: 845.0 x 507.0 x 542.0):
--------------------------------------------------------------------------------
  批次 1: 零件数=5, 占用率=45.29%
    - 2: 尺寸 347.0 x 98.0 x 140.0
    - 17: 尺寸 184.0 x 118.0 x 187.0
    - 6: 尺寸 57.0 x 141.0 x 46.0
    - 18: 尺寸 197.0 x 134.0 x 133.0
    - 15: 尺寸 742.0 x 140.0 x 188.0

打印机 2 (尺寸: 833.0 x 577.0 x 594.0):
--------------------------------------------------------------------------------
  批次 1: 零件数=8, 占用率=59.07%
    - 3: 尺寸 547.0 x 155.0 x 80.0
    - 11: 尺寸 179.0 x 322.0 x 91.0
    - 5: 尺寸 100.0 x 89.0 x 64.0
    - 7: 尺寸 56.0 x 109.0 x 47.0
    - 9: 尺寸 180.0 x 111.0 x 90.0
    - 4: 尺寸 170.0 x 137.0 x 29.0
    - 19: 尺寸 212.0 x 119.0 x 92.0
    - 16: 尺寸 317.0 x 183.0 x 84.0

打印机 3 (尺寸: 926.0 x 501.0 x 541.0):
--------------------------------------------------------------------------------
  批次 1: 零件数=7, 占用率=59.24%
    - 12: 尺寸 110.0 x 136.0 x 21.0
    - 14: 尺寸 159.0 x 81.0 x 15.0
    - 1: 尺寸 268.0 x 244.0 x 21.0
    - 10: 尺寸 107.0 x 71.0 x 13.0
    - 13: 尺寸 73.0 x 78.0 x 24.0
    - 8: 尺寸 85.0 x 119.0 x 26.0
    - 0: 尺寸 676.0 x 234.0 x 22.0

════════════════════════════════════════════════════════════════
