════════════════════════════════════════════════════════════════
              最优Cmax解的详细调度记录
════════════════════════════════════════════════════════════════

【基本信息】
----------------------------------------------------------------------------------------------------
Cmax (最大完工时间): 59082.62
能耗: 247.99 kWh
装箱质量: 0.3531
批次总数: 3
工件数量: 20
机器数量: 10 (打印机:3, 批处理机:2, 离散机:5)

【染色体编码】
----------------------------------------------------------------------------------------------------
工序序列 (OS): [17, 1, 12, 4, 7, 6, 11, 9, 10, 13, 3, 15, 5, 14, 18, 16, 0, 19, 2, 8, 14, 9, 5, 9, 0, 13, 0, 2, 7, 3, 14, 18, 14, 1, 10, 2, 17, 4, 0, 7, 14, 14, 18, 17, 3, 3, 14, 15, 3, 1, 5, 0, 3, 5, 2, 4, 2, 14, 0, 10, 1, 7, 12, 9, 3, 17, 7, 17, 11, 8, 11, 12, 4, 7, 1, 0, 3, 0, 5, 14, 2, 13, 11, 16, 18, 5, 15, 10, 15, 6, 9, 12, 1, 4, 0, 2, 11]
机器选择 (MS): [3, 1, 2, 3, 1, 3, 2, 1, 2, 2, 3, 2, 2, 2, 1, 2, 3, 3, 2, 1, 1, 1, 1, 3, 1, 2, 1, 2, 3, 1, 1, 1, 3, 1, 1, 1, 1, 1, 3, 2, 1, 1, 1, 1, 1, 3, 1, 2, 1, 1, 1, 2, 1, 1, 1, 2, 2, 1, 1, 2, 1, 2, 1, 1, 3, 2, 2, 1, 2, 1, 2, 1, 3, 1, 1, 1, 1, 2, 1, 1, 1, 1, 1, 2, 1, 3, 1, 1, 1, 2, 2, 1, 1, 2, 1, 1, 1]

【零件加工顺序记录】
----------------------------------------------------------------------------------------------------
工件号      工序号             机器号             开始时间            结束时间            加工时长           
----------------------------------------------------------------------------------------------------

工件 0:
  0        0               打印机3            0.00            39986.44        39986.44       
  0        1               批处理机1           39986.44        41045.44        1059.00        
  0        2               离散机5            41045.44        42661.44        1616.00        
  0        3               离散机2            42661.44        44324.44        1663.00        
  0        4               离散机3            45627.62        47426.62        1799.00        
  0        5               离散机5            48963.44        49872.44        909.00         
  0        6               离散机3            51780.62        53529.62        1749.00        
  0        7               离散机2            53529.62        54561.62        1032.00        
  0        8               离散机4            54561.62        55616.62        1055.00        
  0        9               离散机2            57987.62        59082.62        1095.00        

工件 1:
  1        0               打印机1            0.00            43001.62        43001.62       
  1        1               批处理机1           43001.62        44060.62        1059.00        
  1        2               离散机4            44060.62        45395.62        1335.00        
  1        3               离散机4            46911.62        47966.62        1055.00        
  1        4               离散机2            49043.44        50376.44        1333.00        
  1        5               离散机2            52451.44        53500.44        1049.00        
  1        6               离散机4            53583.62        54516.62        933.00         

工件 2:
  2        0               打印机2            0.00            35792.27        35792.27       
  2        1               批处理机1           35792.27        36851.27        1059.00        
  2        2               离散机5            36851.27        38177.27        1326.00        
  2        3               离散机1            38906.27        40480.27        1574.00        
  2        4               离散机2            40950.27        42630.27        1680.00        
  2        5               离散机1            47674.62        49246.62        1572.00        
  2        6               离散机2            54561.62        55545.62        984.00         
  2        7               离散机3            57821.62        59068.62        1247.00        

工件 3:
  3        0               打印机3            0.00            39986.44        39986.44       
  3        1               批处理机1           39986.44        41045.44        1059.00        
  3        2               离散机3            41045.44        42733.44        1688.00        
  3        3               离散机3            42733.44        43944.44        1211.00        
  3        4               离散机4            45395.62        46911.62        1516.00        
  3        5               离散机2            47692.44        49043.44        1351.00        
  3        6               离散机3            49112.62        50836.62        1724.00        
  3        7               离散机5            51240.44        52846.44        1606.00        
  3        8               离散机5            52846.44        53822.44        976.00         

工件 4:
  4        0               打印机3            0.00            39986.44        39986.44       
  4        1               批处理机1           39986.44        41045.44        1059.00        
  4        2               离散机5            43619.44        45389.44        1770.00        
  4        3               离散机4            47966.62        49328.62        1362.00        
  4        4               离散机3            55875.62        56854.62        979.00         
  4        5               离散机1            57728.62        58984.62        1256.00        

工件 5:
  5        0               打印机2            0.00            35792.27        35792.27       
  5        1               批处理机1           35792.27        36851.27        1059.00        
  5        2               离散机1            37828.27        38906.27        1078.00        
  5        3               离散机2            39944.27        40950.27        1006.00        
  5        4               离散机3            50836.62        51780.62        944.00         
  5        5               离散机1            52036.62        52961.62        925.00         
  5        6               离散机1            53962.62        55095.62        1133.00        

工件 6:
  6        0               打印机3            0.00            39986.44        39986.44       
  6        1               批处理机1           39986.44        41045.44        1059.00        
  6        2               离散机4            50244.62        51639.62        1395.00        

工件 7:
  7        0               打印机1            0.00            43001.62        43001.62       
  7        1               批处理机1           43001.62        44060.62        1059.00        
  7        2               离散机3            44060.62        45627.62        1567.00        
  7        3               离散机1            45627.62        46632.62        1005.00        
  7        4               离散机1            50540.62        52036.62        1496.00        
  7        5               离散机4            52036.62        53583.62        1547.00        
  7        6               离散机3            56854.62        57821.62        967.00         

工件 8:
  8        0               打印机1            0.00            43001.62        43001.62       
  8        1               批处理机1           43001.62        44060.62        1059.00        
  8        2               离散机3            54536.62        55875.62        1339.00        

工件 9:
  9        0               打印机1            0.00            43001.62        43001.62       
  9        1               批处理机1           43001.62        44060.62        1059.00        
  9        2               离散机1            44060.62        45449.62        1389.00        
  9        3               离散机5            45449.62        46917.62        1468.00        
  9        4               离散机5            49872.44        51240.44        1368.00        
  9        5               离散机2            56913.62        57987.62        1074.00        

工件 10:
  10       0               打印机2            0.00            35792.27        35792.27       
  10       1               批处理机1           35792.27        36851.27        1059.00        
  10       2               离散机2            38289.27        39944.27        1655.00        
  10       3               离散机4            42371.27        43480.27        1109.00        
  10       4               离散机4            49328.62        50244.62        916.00         

工件 11:
  11       0               打印机2            0.00            35792.27        35792.27       
  11       1               批处理机1           35792.27        36851.27        1059.00        
  11       2               离散机4            39542.27        40755.27        1213.00        
  11       3               离散机2            51366.44        52451.44        1085.00        
  11       4               离散机5            54845.44        56220.44        1375.00        
  11       5               离散机5            56220.44        57399.44        1179.00        

工件 12:
  12       0               打印机2            0.00            35792.27        35792.27       
  12       1               批处理机1           35792.27        36851.27        1059.00        
  12       2               离散机4            36851.27        37753.27        902.00         
  12       3               离散机1            41382.27        42922.27        1540.00        
  12       4               离散机1            42922.27        43876.27        954.00         

工件 13:
  13       0               打印机2            0.00            35792.27        35792.27       
  13       1               批处理机1           35792.27        36851.27        1059.00        
  13       2               离散机2            36851.27        38289.27        1438.00        
  13       3               离散机5            38289.27        39414.27        1125.00        

工件 14:
  14       0               打印机2            0.00            35792.27        35792.27       
  14       1               批处理机1           35792.27        36851.27        1059.00        
  14       2               离散机1            36851.27        37828.27        977.00         
  14       3               离散机4            37828.27        39542.27        1714.00        
  14       4               离散机5            39542.27        40990.27        1448.00        
  14       5               离散机4            40990.27        42371.27        1381.00        
  14       6               离散机2            45955.44        47692.44        1737.00        
  14       7               离散机5            47692.44        48963.44        1271.00        
  14       8               离散机1            49246.62        50540.62        1294.00        
  14       9               离散机5            53822.44        54845.44        1023.00        

工件 15:
  15       0               打印机2            0.00            35792.27        35792.27       
  15       1               批处理机1           35792.27        36851.27        1059.00        
  15       2               离散机1            40480.27        41382.27        902.00         
  15       3               离散机1            55095.62        56531.62        1436.00        
  15       4               离散机1            56531.62        57728.62        1197.00        

工件 16:
  16       0               打印机2            0.00            35792.27        35792.27       
  16       1               批处理机1           35792.27        36851.27        1059.00        
  16       2               离散机2            55545.62        56913.62        1368.00        

工件 17:
  17       0               打印机3            0.00            39986.44        39986.44       
  17       1               批处理机1           39986.44        41045.44        1059.00        
  17       2               离散机5            42661.44        43619.44        958.00         
  17       3               离散机3            47426.62        49112.62        1686.00        
  17       4               离散机2            50376.44        51366.44        990.00         
  17       5               离散机3            53529.62        54536.62        1007.00        

工件 18:
  18       0               打印机1            0.00            43001.62        43001.62       
  18       1               批处理机1           43001.62        44060.62        1059.00        
  18       2               离散机2            44324.44        45955.44        1631.00        
  18       3               离散机1            46632.62        47674.62        1042.00        
  18       4               离散机1            52961.62        53962.62        1001.00        

工件 19:
  19       0               打印机3            0.00            39986.44        39986.44       
  19       1               批处理机1           39986.44        41045.44        1059.00        

【机器加工顺序记录】
----------------------------------------------------------------------------------------------------

打印机1:
工件号      工序号             开始时间            结束时间            加工时长           
--------------------------------------------------------------------------------
  1        0               0.00            43001.62        43001.62       
  7        0               0.00            43001.62        43001.62       
  8        0               0.00            43001.62        43001.62       
  9        0               0.00            43001.62        43001.62       
  18       0               0.00            43001.62        43001.62       

  机器利用率: 363.91% (忙碌时间: 215008.11 / 总时间: 59082.62)

打印机2:
工件号      工序号             开始时间            结束时间            加工时长           
--------------------------------------------------------------------------------
  2        0               0.00            35792.27        35792.27       
  5        0               0.00            35792.27        35792.27       
  10       0               0.00            35792.27        35792.27       
  11       0               0.00            35792.27        35792.27       
  12       0               0.00            35792.27        35792.27       
  13       0               0.00            35792.27        35792.27       
  14       0               0.00            35792.27        35792.27       
  15       0               0.00            35792.27        35792.27       
  16       0               0.00            35792.27        35792.27       

  机器利用率: 545.22% (忙碌时间: 322130.47 / 总时间: 59082.62)

打印机3:
工件号      工序号             开始时间            结束时间            加工时长           
--------------------------------------------------------------------------------
  0        0               0.00            39986.44        39986.44       
  3        0               0.00            39986.44        39986.44       
  4        0               0.00            39986.44        39986.44       
  6        0               0.00            39986.44        39986.44       
  17       0               0.00            39986.44        39986.44       
  19       0               0.00            39986.44        39986.44       

  机器利用率: 406.07% (忙碌时间: 239918.67 / 总时间: 59082.62)

批处理机1:
工件号      工序号             开始时间            结束时间            加工时长           
--------------------------------------------------------------------------------
  2        1               35792.27        36851.27        1059.00        
  5        1               35792.27        36851.27        1059.00        
  10       1               35792.27        36851.27        1059.00        
  11       1               35792.27        36851.27        1059.00        
  12       1               35792.27        36851.27        1059.00        
  13       1               35792.27        36851.27        1059.00        
  14       1               35792.27        36851.27        1059.00        
  15       1               35792.27        36851.27        1059.00        
  16       1               35792.27        36851.27        1059.00        
  0        1               39986.44        41045.44        1059.00        
  3        1               39986.44        41045.44        1059.00        
  4        1               39986.44        41045.44        1059.00        
  6        1               39986.44        41045.44        1059.00        
  17       1               39986.44        41045.44        1059.00        
  19       1               39986.44        41045.44        1059.00        
  1        1               43001.62        44060.62        1059.00        
  7        1               43001.62        44060.62        1059.00        
  8        1               43001.62        44060.62        1059.00        
  9        1               43001.62        44060.62        1059.00        
  18       1               43001.62        44060.62        1059.00        

  机器利用率: 35.85% (忙碌时间: 21180.00 / 总时间: 59082.62)

批处理机2:
工件号      工序号             开始时间            结束时间            加工时长           
--------------------------------------------------------------------------------

  机器利用率: 0.00% (忙碌时间: 0.00 / 总时间: 59082.62)

离散机1:
工件号      工序号             开始时间            结束时间            加工时长           
--------------------------------------------------------------------------------
  14       2               36851.27        37828.27        977.00         
  5        2               37828.27        38906.27        1078.00        
  2        3               38906.27        40480.27        1574.00        
  15       2               40480.27        41382.27        902.00         
  12       3               41382.27        42922.27        1540.00        
  12       4               42922.27        43876.27        954.00         
  9        2               44060.62        45449.62        1389.00        
  7        3               45627.62        46632.62        1005.00        
  18       3               46632.62        47674.62        1042.00        
  2        5               47674.62        49246.62        1572.00        
  14       8               49246.62        50540.62        1294.00        
  7        4               50540.62        52036.62        1496.00        
  5        5               52036.62        52961.62        925.00         
  18       4               52961.62        53962.62        1001.00        
  5        6               53962.62        55095.62        1133.00        
  15       3               55095.62        56531.62        1436.00        
  15       4               56531.62        57728.62        1197.00        
  4        5               57728.62        58984.62        1256.00        

  机器利用率: 36.85% (忙碌时间: 21771.00 / 总时间: 59082.62)

离散机2:
工件号      工序号             开始时间            结束时间            加工时长           
--------------------------------------------------------------------------------
  13       2               36851.27        38289.27        1438.00        
  10       2               38289.27        39944.27        1655.00        
  5        3               39944.27        40950.27        1006.00        
  2        4               40950.27        42630.27        1680.00        
  0        3               42661.44        44324.44        1663.00        
  18       2               44324.44        45955.44        1631.00        
  14       6               45955.44        47692.44        1737.00        
  3        5               47692.44        49043.44        1351.00        
  1        4               49043.44        50376.44        1333.00        
  17       4               50376.44        51366.44        990.00         
  11       3               51366.44        52451.44        1085.00        
  1        5               52451.44        53500.44        1049.00        
  0        7               53529.62        54561.62        1032.00        
  2        6               54561.62        55545.62        984.00         
  16       2               55545.62        56913.62        1368.00        
  9        5               56913.62        57987.62        1074.00        
  0        9               57987.62        59082.62        1095.00        

  机器利用率: 37.53% (忙碌时间: 22171.00 / 总时间: 59082.62)

离散机3:
工件号      工序号             开始时间            结束时间            加工时长           
--------------------------------------------------------------------------------
  3        2               41045.44        42733.44        1688.00        
  3        3               42733.44        43944.44        1211.00        
  7        2               44060.62        45627.62        1567.00        
  0        4               45627.62        47426.62        1799.00        
  17       3               47426.62        49112.62        1686.00        
  3        6               49112.62        50836.62        1724.00        
  5        4               50836.62        51780.62        944.00         
  0        6               51780.62        53529.62        1749.00        
  17       5               53529.62        54536.62        1007.00        
  8        2               54536.62        55875.62        1339.00        
  4        4               55875.62        56854.62        979.00         
  7        6               56854.62        57821.62        967.00         
  2        7               57821.62        59068.62        1247.00        

  机器利用率: 30.31% (忙碌时间: 17907.00 / 总时间: 59082.62)

离散机4:
工件号      工序号             开始时间            结束时间            加工时长           
--------------------------------------------------------------------------------
  12       2               36851.27        37753.27        902.00         
  14       3               37828.27        39542.27        1714.00        
  11       2               39542.27        40755.27        1213.00        
  14       5               40990.27        42371.27        1381.00        
  10       3               42371.27        43480.27        1109.00        
  1        2               44060.62        45395.62        1335.00        
  3        4               45395.62        46911.62        1516.00        
  1        3               46911.62        47966.62        1055.00        
  4        3               47966.62        49328.62        1362.00        
  10       4               49328.62        50244.62        916.00         
  6        2               50244.62        51639.62        1395.00        
  7        5               52036.62        53583.62        1547.00        
  1        6               53583.62        54516.62        933.00         
  0        8               54561.62        55616.62        1055.00        

  机器利用率: 29.51% (忙碌时间: 17433.00 / 总时间: 59082.62)

离散机5:
工件号      工序号             开始时间            结束时间            加工时长           
--------------------------------------------------------------------------------
  2        2               36851.27        38177.27        1326.00        
  13       3               38289.27        39414.27        1125.00        
  14       4               39542.27        40990.27        1448.00        
  0        2               41045.44        42661.44        1616.00        
  17       2               42661.44        43619.44        958.00         
  4        2               43619.44        45389.44        1770.00        
  9        3               45449.62        46917.62        1468.00        
  14       7               47692.44        48963.44        1271.00        
  0        5               48963.44        49872.44        909.00         
  9        4               49872.44        51240.44        1368.00        
  3        7               51240.44        52846.44        1606.00        
  3        8               52846.44        53822.44        976.00         
  14       9               53822.44        54845.44        1023.00        
  11       4               54845.44        56220.44        1375.00        
  11       5               56220.44        57399.44        1179.00        

  机器利用率: 32.87% (忙碌时间: 19418.00 / 总时间: 59082.62)

【打印批次详细信息】
----------------------------------------------------------------------------------------------------

打印机 1 (尺寸: 922.0 x 523.0 x 550.0):
--------------------------------------------------------------------------------
  批次 1: 零件数=5, 占用率=44.94%
    - 1: 尺寸 437.0 x 142.0 x 75.0
    - 7: 尺寸 197.0 x 177.0 x 83.0
    - 9: 尺寸 229.0 x 350.0 x 45.0
    - 18: 尺寸 103.0 x 64.0 x 34.0
    - 8: 尺寸 136.0 x 243.0 x 16.0

打印机 2 (尺寸: 873.0 x 508.0 x 673.0):
--------------------------------------------------------------------------------
  批次 1: 零件数=9, 占用率=85.60%
    - 12: 尺寸 342.0 x 247.0 x 136.0
    - 11: 尺寸 133.0 x 96.0 x 119.0
    - 10: 尺寸 182.0 x 76.0 x 137.0
    - 5: 尺寸 211.0 x 108.0 x 124.0
    - 13: 尺寸 86.0 x 133.0 x 135.0
    - 2: 尺寸 50.0 x 118.0 x 129.0
    - 14: 尺寸 260.0 x 144.0 x 33.0
    - 15: 尺寸 426.0 x 250.0 x 198.0
    - 16: 尺寸 330.0 x 256.0 x 97.0

打印机 3 (尺寸: 1126.0 x 567.0 x 666.0):
--------------------------------------------------------------------------------
  批次 1: 零件数=6, 占用率=35.31%
    - 17: 尺寸 96.0 x 148.0 x 22.0
    - 4: 尺寸 115.0 x 122.0 x 66.0
    - 6: 尺寸 197.0 x 182.0 x 71.0
    - 3: 尺寸 271.0 x 242.0 x 58.0
    - 19: 尺寸 421.0 x 162.0 x 57.0
    - 0: 尺寸 95.0 x 290.0 x 15.0

════════════════════════════════════════════════════════════════
