════════════════════════════════════════════════════════════════
              最优Cmax解的详细调度记录
════════════════════════════════════════════════════════════════

【基本信息】
----------------------------------------------------------------------------------------------------
Cmax (最大完工时间): 47812.09
能耗: 273.17 kWh
装箱质量: 0.5300
批次总数: 3
工件数量: 20
机器数量: 10 (打印机:3, 批处理机:2, 离散机:5)

【染色体编码】
----------------------------------------------------------------------------------------------------
工序序列 (OS): [14, 10, 16, 0, 2, 8, 4, 15, 13, 6, 5, 11, 3, 18, 17, 7, 1, 12, 9, 19, 12, 17, 3, 1, 11, 7, 3, 8, 10, 19, 19, 14, 11, 7, 10, 16, 7, 13, 2, 1, 18, 11, 14, 5, 0, 19, 18, 9, 1, 4, 11, 17, 8, 3, 2, 5, 9, 15, 16, 5, 18, 5, 9, 10, 19, 0, 19, 10, 1, 0, 4, 11, 9, 9, 4, 10, 13, 18, 2, 0, 16, 4, 19, 0, 5, 8, 9, 3, 1, 14, 18, 12, 5, 1, 16, 10, 11, 0, 0, 4, 16, 17, 2, 5, 17, 7, 7, 0, 1, 11, 1, 10, 2, 7, 2, 2, 9, 9, 17, 15, 15, 11, 8, 3]
机器选择 (MS): [2, 3, 2, 3, 1, 3, 3, 1, 2, 2, 2, 2, 2, 1, 1, 1, 3, 1, 1, 2, 1, 1, 3, 2, 2, 1, 2, 3, 2, 2, 1, 3, 1, 1, 1, 2, 1, 1, 2, 2, 1, 2, 2, 3, 1, 2, 1, 1, 1, 1, 1, 1, 3, 3, 2, 2, 1, 2, 1, 2, 2, 3, 2, 2, 1, 1, 1, 1, 1, 1, 1, 1, 1, 1, 1, 1, 1, 1, 1, 2, 1, 1, 1, 1, 1, 2, 1, 1, 2, 3, 2, 1, 1, 1, 1, 2, 1, 1, 1, 1, 1, 2, 3, 2, 3, 1, 1, 3, 2, 3, 1, 1, 1, 1, 1, 2, 1, 1, 1, 1, 2, 2, 1, 1]

【零件加工顺序记录】
----------------------------------------------------------------------------------------------------
工件号      工序号             机器号             开始时间            结束时间            加工时长           
----------------------------------------------------------------------------------------------------

工件 0:
  0        0               打印机3            0.00            10215.51        10215.51       
  0        1               批处理机2           10215.51        11315.51        1100.00        
  0        2               离散机1            11315.51        12430.51        1115.00        
  0        3               离散机1            12430.51        14124.51        1694.00        
  0        4               离散机5            14124.51        15855.51        1731.00        
  0        5               离散机5            15855.51        17348.51        1493.00        
  0        6               离散机2            17348.51        18809.51        1461.00        
  0        7               离散机4            18809.51        20270.51        1461.00        
  0        8               离散机4            20270.51        21494.51        1224.00        
  0        9               离散机5            21878.51        23184.51        1306.00        

工件 1:
  1        0               打印机3            0.00            10215.51        10215.51       
  1        1               批处理机2           10215.51        11315.51        1100.00        
  1        2               离散机4            11315.51        12764.51        1449.00        
  1        3               离散机4            15495.51        16784.51        1289.00        
  1        4               离散机1            16784.51        18016.51        1232.00        
  1        5               离散机5            18016.51        19029.51        1013.00        
  1        6               离散机2            19029.51        20546.51        1517.00        
  1        7               离散机5            20546.51        21878.51        1332.00        
  1        8               离散机3            21988.51        23734.51        1746.00        
  1        9               离散机5            39586.09        40667.09        1081.00        

工件 2:
  2        0               打印机1            0.00            32777.09        32777.09       
  2        1               批处理机2           32777.09        33877.09        1100.00        
  2        2               离散机1            33877.09        35444.09        1567.00        
  2        3               离散机1            36713.09        38494.09        1781.00        
  2        4               离散机3            38950.09        40191.09        1241.00        
  2        5               离散机3            40191.09        41330.09        1139.00        
  2        6               离散机5            41847.09        43002.09        1155.00        
  2        7               离散机5            44307.09        45904.09        1597.00        
  2        8               离散机5            45904.09        47327.09        1423.00        

工件 3:
  3        0               打印机2            0.00            22479.17        22479.17       
  3        1               批处理机2           22479.17        23579.17        1100.00        
  3        2               离散机4            23579.17        24671.17        1092.00        
  3        3               离散机2            25052.17        26655.17        1603.00        
  3        4               离散机5            26655.17        27735.17        1080.00        
  3        5               离散机4            27735.17        29061.17        1326.00        
  3        6               离散机1            29061.17        30652.17        1591.00        

工件 4:
  4        0               打印机3            0.00            10215.51        10215.51       
  4        1               批处理机2           10215.51        11315.51        1100.00        
  4        2               离散机2            11315.51        12460.51        1145.00        
  4        3               离散机1            19236.51        20930.51        1694.00        
  4        4               离散机3            20930.51        21988.51        1058.00        
  4        5               离散机2            21988.51        23147.51        1159.00        
  4        6               离散机5            32040.17        33114.17        1074.00        

工件 5:
  5        0               打印机2            0.00            22479.17        22479.17       
  5        1               批处理机2           22479.17        23579.17        1100.00        
  5        2               离散机5            25023.17        26497.17        1474.00        
  5        3               离散机4            26497.17        27511.17        1014.00        
  5        4               离散机5            29394.17        30380.17        986.00         
  5        5               离散机4            30380.17        31535.17        1155.00        
  5        6               离散机4            36836.09        38378.09        1542.00        
  5        7               离散机2            39452.09        41148.09        1696.00        
  5        8               离散机2            41148.09        42499.09        1351.00        

工件 6:
  6        0               打印机2            0.00            22479.17        22479.17       
  6        1               批处理机2           22479.17        23579.17        1100.00        

工件 7:
  7        0               打印机1            0.00            32777.09        32777.09       
  7        1               批处理机2           32777.09        33877.09        1100.00        
  7        2               离散机4            33877.09        35196.09        1319.00        
  7        3               离散机3            35655.09        36801.09        1146.00        
  7        4               离散机3            36801.09        37995.09        1194.00        
  7        5               离散机4            38378.09        39381.09        1003.00        
  7        6               离散机4            39381.09        41048.09        1667.00        
  7        7               离散机5            43002.09        44307.09        1305.00        

工件 8:
  8        0               打印机3            0.00            10215.51        10215.51       
  8        1               批处理机2           10215.51        11315.51        1100.00        
  8        2               离散机4            12764.51        14451.51        1687.00        
  8        3               离散机1            14451.51        15506.51        1055.00        
  8        4               离散机5            19029.51        20226.51        1197.00        
  8        5               离散机1            27003.17        28543.17        1540.00        

工件 9:
  9        0               打印机1            0.00            32777.09        32777.09       
  9        1               批处理机2           32777.09        33877.09        1100.00        
  9        2               离散机1            35444.09        36713.09        1269.00        
  9        3               离散机3            37995.09        38950.09        955.00         
  9        4               离散机1            39898.09        41508.09        1610.00        
  9        5               离散机4            41508.09        42945.09        1437.00        
  9        6               离散机2            42945.09        43970.09        1025.00        
  9        7               离散机3            43970.09        45312.09        1342.00        
  9        8               离散机1            45312.09        46906.09        1594.00        
  9        9               离散机1            46906.09        47812.09        906.00         

工件 10:
  10       0               打印机3            0.00            10215.51        10215.51       
  10       1               批处理机2           10215.51        11315.51        1100.00        
  10       2               离散机4            14451.51        15495.51        1044.00        
  10       3               离散机3            15495.51        16635.51        1140.00        
  10       4               离散机3            16635.51        18015.51        1380.00        
  10       5               离散机1            18016.51        19236.51        1220.00        
  10       6               离散机1            20930.51        22354.51        1424.00        
  10       7               离散机1            22354.51        23402.51        1048.00        
  10       8               离散机5            40667.09        41847.09        1180.00        

工件 11:
  11       0               打印机2            0.00            22479.17        22479.17       
  11       1               批处理机2           22479.17        23579.17        1100.00        
  11       2               离散机2            23579.17        25052.17        1473.00        
  11       3               离散机1            25796.17        27003.17        1207.00        
  11       4               离散机2            27644.17        28963.17        1319.00        
  11       5               离散机3            28963.17        30060.17        1097.00        
  11       6               离散机4            31535.17        32666.17        1131.00        
  11       7               离散机4            32666.17        33849.17        1183.00        
  11       8               离散机2            35572.09        36620.09        1048.00        
  11       9               离散机4            45866.09        47375.09        1509.00        

工件 12:
  12       0               打印机1            0.00            32777.09        32777.09       
  12       1               批处理机2           32777.09        33877.09        1100.00        
  12       2               离散机2            33877.09        35572.09        1695.00        
  12       3               离散机2            37877.09        39452.09        1575.00        

工件 13:
  13       0               打印机2            0.00            22479.17        22479.17       
  13       1               批处理机2           22479.17        23579.17        1100.00        
  13       2               离散机4            24671.17        26219.17        1548.00        
  13       3               离散机5            30380.17        32040.17        1660.00        

工件 14:
  14       0               打印机2            0.00            22479.17        22479.17       
  14       1               批处理机2           22479.17        23579.17        1100.00        
  14       2               离散机1            24730.17        25796.17        1066.00        
  14       3               离散机3            25796.17        27164.17        1368.00        
  14       4               离散机3            27164.17        28378.17        1214.00        

工件 15:
  15       0               打印机1            0.00            32777.09        32777.09       
  15       1               批处理机2           32777.09        33877.09        1100.00        
  15       2               离散机1            38494.09        39898.09        1404.00        
  15       3               离散机3            41330.09        42743.09        1413.00        
  15       4               离散机4            44535.09        45866.09        1331.00        

工件 16:
  16       0               打印机2            0.00            22479.17        22479.17       
  16       1               批处理机2           22479.17        23579.17        1100.00        
  16       2               离散机5            23579.17        25023.17        1444.00        
  16       3               离散机5            27735.17        29394.17        1659.00        
  16       4               离散机2            31003.17        32260.17        1257.00        
  16       5               离散机3            32260.17        33270.17        1010.00        
  16       6               离散机5            37012.09        37985.09        973.00         

工件 17:
  17       0               打印机1            0.00            32777.09        32777.09       
  17       1               批处理机2           32777.09        33877.09        1100.00        
  17       2               离散机3            33877.09        35655.09        1778.00        
  17       3               离散机5            35655.09        37012.09        1357.00        
  17       4               离散机5            37985.09        39586.09        1601.00        
  17       5               离散机2            43970.09        45290.09        1320.00        
  17       6               离散机3            45312.09        46567.09        1255.00        

工件 18:
  18       0               打印机1            0.00            32777.09        32777.09       
  18       1               批处理机2           32777.09        33877.09        1100.00        
  18       2               离散机5            33877.09        35454.09        1577.00        
  18       3               离散机4            35454.09        36836.09        1382.00        
  18       4               离散机2            36836.09        37877.09        1041.00        
  18       5               离散机1            41508.09        42522.09        1014.00        
  18       6               离散机4            42945.09        44535.09        1590.00        

工件 19:
  19       0               打印机2            0.00            22479.17        22479.17       
  19       1               批处理机2           22479.17        23579.17        1100.00        
  19       2               离散机1            23579.17        24730.17        1151.00        
  19       3               离散机2            26655.17        27644.17        989.00         
  19       4               离散机2            28963.17        29921.17        958.00         
  19       5               离散机2            29921.17        31003.17        1082.00        
  19       6               离散机1            31003.17        32781.17        1778.00        
  19       7               离散机1            42522.09        43965.09        1443.00        

【机器加工顺序记录】
----------------------------------------------------------------------------------------------------

打印机1:
工件号      工序号             开始时间            结束时间            加工时长           
--------------------------------------------------------------------------------
  2        0               0.00            32777.09        32777.09       
  7        0               0.00            32777.09        32777.09       
  9        0               0.00            32777.09        32777.09       
  12       0               0.00            32777.09        32777.09       
  15       0               0.00            32777.09        32777.09       
  17       0               0.00            32777.09        32777.09       
  18       0               0.00            32777.09        32777.09       

  机器利用率: 479.88% (忙碌时间: 229439.60 / 总时间: 47812.09)

打印机2:
工件号      工序号             开始时间            结束时间            加工时长           
--------------------------------------------------------------------------------
  3        0               0.00            22479.17        22479.17       
  5        0               0.00            22479.17        22479.17       
  6        0               0.00            22479.17        22479.17       
  11       0               0.00            22479.17        22479.17       
  13       0               0.00            22479.17        22479.17       
  14       0               0.00            22479.17        22479.17       
  16       0               0.00            22479.17        22479.17       
  19       0               0.00            22479.17        22479.17       

  机器利用率: 376.13% (忙碌时间: 179833.35 / 总时间: 47812.09)

打印机3:
工件号      工序号             开始时间            结束时间            加工时长           
--------------------------------------------------------------------------------
  0        0               0.00            10215.51        10215.51       
  1        0               0.00            10215.51        10215.51       
  4        0               0.00            10215.51        10215.51       
  8        0               0.00            10215.51        10215.51       
  10       0               0.00            10215.51        10215.51       

  机器利用率: 106.83% (忙碌时间: 51077.54 / 总时间: 47812.09)

批处理机1:
工件号      工序号             开始时间            结束时间            加工时长           
--------------------------------------------------------------------------------

  机器利用率: 0.00% (忙碌时间: 0.00 / 总时间: 47812.09)

批处理机2:
工件号      工序号             开始时间            结束时间            加工时长           
--------------------------------------------------------------------------------
  0        1               10215.51        11315.51        1100.00        
  1        1               10215.51        11315.51        1100.00        
  4        1               10215.51        11315.51        1100.00        
  8        1               10215.51        11315.51        1100.00        
  10       1               10215.51        11315.51        1100.00        
  3        1               22479.17        23579.17        1100.00        
  5        1               22479.17        23579.17        1100.00        
  6        1               22479.17        23579.17        1100.00        
  11       1               22479.17        23579.17        1100.00        
  13       1               22479.17        23579.17        1100.00        
  14       1               22479.17        23579.17        1100.00        
  16       1               22479.17        23579.17        1100.00        
  19       1               22479.17        23579.17        1100.00        
  2        1               32777.09        33877.09        1100.00        
  7        1               32777.09        33877.09        1100.00        
  9        1               32777.09        33877.09        1100.00        
  12       1               32777.09        33877.09        1100.00        
  15       1               32777.09        33877.09        1100.00        
  17       1               32777.09        33877.09        1100.00        
  18       1               32777.09        33877.09        1100.00        

  机器利用率: 46.01% (忙碌时间: 22000.00 / 总时间: 47812.09)

离散机1:
工件号      工序号             开始时间            结束时间            加工时长           
--------------------------------------------------------------------------------
  0        2               11315.51        12430.51        1115.00        
  0        3               12430.51        14124.51        1694.00        
  8        3               14451.51        15506.51        1055.00        
  1        4               16784.51        18016.51        1232.00        
  10       5               18016.51        19236.51        1220.00        
  4        3               19236.51        20930.51        1694.00        
  10       6               20930.51        22354.51        1424.00        
  10       7               22354.51        23402.51        1048.00        
  19       2               23579.17        24730.17        1151.00        
  14       2               24730.17        25796.17        1066.00        
  11       3               25796.17        27003.17        1207.00        
  8        5               27003.17        28543.17        1540.00        
  3        6               29061.17        30652.17        1591.00        
  19       6               31003.17        32781.17        1778.00        
  2        2               33877.09        35444.09        1567.00        
  9        2               35444.09        36713.09        1269.00        
  2        3               36713.09        38494.09        1781.00        
  15       2               38494.09        39898.09        1404.00        
  9        4               39898.09        41508.09        1610.00        
  18       5               41508.09        42522.09        1014.00        
  19       7               42522.09        43965.09        1443.00        
  9        8               45312.09        46906.09        1594.00        
  9        9               46906.09        47812.09        906.00         

  机器利用率: 65.68% (忙碌时间: 31403.00 / 总时间: 47812.09)

离散机2:
工件号      工序号             开始时间            结束时间            加工时长           
--------------------------------------------------------------------------------
  4        2               11315.51        12460.51        1145.00        
  0        6               17348.51        18809.51        1461.00        
  1        6               19029.51        20546.51        1517.00        
  4        5               21988.51        23147.51        1159.00        
  11       2               23579.17        25052.17        1473.00        
  3        3               25052.17        26655.17        1603.00        
  19       3               26655.17        27644.17        989.00         
  11       4               27644.17        28963.17        1319.00        
  19       4               28963.17        29921.17        958.00         
  19       5               29921.17        31003.17        1082.00        
  16       4               31003.17        32260.17        1257.00        
  12       2               33877.09        35572.09        1695.00        
  11       8               35572.09        36620.09        1048.00        
  18       4               36836.09        37877.09        1041.00        
  12       3               37877.09        39452.09        1575.00        
  5        7               39452.09        41148.09        1696.00        
  5        8               41148.09        42499.09        1351.00        
  9        6               42945.09        43970.09        1025.00        
  17       5               43970.09        45290.09        1320.00        

  机器利用率: 51.69% (忙碌时间: 24714.00 / 总时间: 47812.09)

离散机3:
工件号      工序号             开始时间            结束时间            加工时长           
--------------------------------------------------------------------------------
  10       3               15495.51        16635.51        1140.00        
  10       4               16635.51        18015.51        1380.00        
  4        4               20930.51        21988.51        1058.00        
  1        8               21988.51        23734.51        1746.00        
  14       3               25796.17        27164.17        1368.00        
  14       4               27164.17        28378.17        1214.00        
  11       5               28963.17        30060.17        1097.00        
  16       5               32260.17        33270.17        1010.00        
  17       2               33877.09        35655.09        1778.00        
  7        3               35655.09        36801.09        1146.00        
  7        4               36801.09        37995.09        1194.00        
  9        3               37995.09        38950.09        955.00         
  2        4               38950.09        40191.09        1241.00        
  2        5               40191.09        41330.09        1139.00        
  15       3               41330.09        42743.09        1413.00        
  9        7               43970.09        45312.09        1342.00        
  17       6               45312.09        46567.09        1255.00        

  机器利用率: 44.92% (忙碌时间: 21476.00 / 总时间: 47812.09)

离散机4:
工件号      工序号             开始时间            结束时间            加工时长           
--------------------------------------------------------------------------------
  1        2               11315.51        12764.51        1449.00        
  8        2               12764.51        14451.51        1687.00        
  10       2               14451.51        15495.51        1044.00        
  1        3               15495.51        16784.51        1289.00        
  0        7               18809.51        20270.51        1461.00        
  0        8               20270.51        21494.51        1224.00        
  3        2               23579.17        24671.17        1092.00        
  13       2               24671.17        26219.17        1548.00        
  5        3               26497.17        27511.17        1014.00        
  3        5               27735.17        29061.17        1326.00        
  5        5               30380.17        31535.17        1155.00        
  11       6               31535.17        32666.17        1131.00        
  11       7               32666.17        33849.17        1183.00        
  7        2               33877.09        35196.09        1319.00        
  18       3               35454.09        36836.09        1382.00        
  5        6               36836.09        38378.09        1542.00        
  7        5               38378.09        39381.09        1003.00        
  7        6               39381.09        41048.09        1667.00        
  9        5               41508.09        42945.09        1437.00        
  18       6               42945.09        44535.09        1590.00        
  15       4               44535.09        45866.09        1331.00        
  11       9               45866.09        47375.09        1509.00        

  机器利用率: 61.46% (忙碌时间: 29383.00 / 总时间: 47812.09)

离散机5:
工件号      工序号             开始时间            结束时间            加工时长           
--------------------------------------------------------------------------------
  0        4               14124.51        15855.51        1731.00        
  0        5               15855.51        17348.51        1493.00        
  1        5               18016.51        19029.51        1013.00        
  8        4               19029.51        20226.51        1197.00        
  1        7               20546.51        21878.51        1332.00        
  0        9               21878.51        23184.51        1306.00        
  16       2               23579.17        25023.17        1444.00        
  5        2               25023.17        26497.17        1474.00        
  3        4               26655.17        27735.17        1080.00        
  16       3               27735.17        29394.17        1659.00        
  5        4               29394.17        30380.17        986.00         
  13       3               30380.17        32040.17        1660.00        
  4        6               32040.17        33114.17        1074.00        
  18       2               33877.09        35454.09        1577.00        
  17       3               35655.09        37012.09        1357.00        
  16       6               37012.09        37985.09        973.00         
  17       4               37985.09        39586.09        1601.00        
  1        9               39586.09        40667.09        1081.00        
  10       8               40667.09        41847.09        1180.00        
  2        6               41847.09        43002.09        1155.00        
  7        7               43002.09        44307.09        1305.00        
  2        7               44307.09        45904.09        1597.00        
  2        8               45904.09        47327.09        1423.00        

  机器利用率: 64.21% (忙碌时间: 30698.00 / 总时间: 47812.09)

【打印批次详细信息】
----------------------------------------------------------------------------------------------------

打印机 1 (尺寸: 845.0 x 507.0 x 542.0):
--------------------------------------------------------------------------------
  批次 1: 零件数=7, 占用率=53.00%
    - 2: 尺寸 347.0 x 98.0 x 140.0
    - 18: 尺寸 197.0 x 134.0 x 133.0
    - 17: 尺寸 184.0 x 118.0 x 187.0
    - 12: 尺寸 110.0 x 136.0 x 21.0
    - 7: 尺寸 56.0 x 109.0 x 47.0
    - 9: 尺寸 180.0 x 111.0 x 90.0
    - 15: 尺寸 742.0 x 140.0 x 188.0

打印机 2 (尺寸: 833.0 x 577.0 x 594.0):
--------------------------------------------------------------------------------
  批次 1: 零件数=8, 占用率=54.34%
    - 14: 尺寸 159.0 x 81.0 x 15.0
    - 16: 尺寸 317.0 x 183.0 x 84.0
    - 11: 尺寸 322.0 x 179.0 x 91.0
    - 13: 尺寸 73.0 x 78.0 x 24.0
    - 6: 尺寸 57.0 x 141.0 x 46.0
    - 5: 尺寸 100.0 x 89.0 x 64.0
    - 19: 尺寸 212.0 x 119.0 x 92.0
    - 3: 尺寸 547.0 x 155.0 x 80.0

打印机 3 (尺寸: 926.0 x 501.0 x 541.0):
--------------------------------------------------------------------------------
  批次 1: 零件数=5, 占用率=57.03%
    - 10: 尺寸 107.0 x 71.0 x 13.0
    - 0: 尺寸 676.0 x 234.0 x 22.0
    - 4: 尺寸 137.0 x 170.0 x 29.0
    - 8: 尺寸 85.0 x 119.0 x 26.0
    - 1: 尺寸 244.0 x 268.0 x 21.0

════════════════════════════════════════════════════════════════
