════════════════════════════════════════════════════════════════
              最优Cmax解的详细调度记录
════════════════════════════════════════════════════════════════

【基本信息】
----------------------------------------------------------------------------------------------------
Cmax (最大完工时间): 55361.29
能耗: 575.44 kWh
装箱质量: 0.3153
批次总数: 8
工件数量: 50
机器数量: 14 (打印机:4, 批处理机:2, 离散机:8)

【染色体编码】
----------------------------------------------------------------------------------------------------
工序序列 (OS): [20, 33, 46, 36, 5, 49, 38, 48, 28, 9, 29, 11, 14, 32, 6, 8, 24, 37, 17, 26, 21, 30, 22, 0, 41, 23, 43, 34, 47, 42, 40, 4, 18, 7, 1, 39, 16, 12, 10, 15, 31, 3, 27, 13, 45, 44, 2, 19, 35, 25, 39, 27, 16, 23, 4, 5, 29, 4, 44, 38, 47, 35, 15, 46, 17, 16, 22, 31, 17, 30, 6, 7, 19, 40, 19, 22, 33, 24, 0, 47, 22, 48, 35, 35, 23, 20, 1, 33, 38, 13, 0, 43, 27, 8, 20, 28, 48, 19, 9, 29, 14, 5, 46, 17, 47, 39, 19, 29, 1, 20, 22, 21, 42, 40, 48, 22, 33, 10, 26, 14, 0, 4, 21, 8, 27, 49, 0, 3, 35, 11, 19, 42, 29, 29, 11, 46, 28, 17, 0, 3, 38, 5, 30, 39, 6, 6, 47, 16, 49, 30, 13, 35, 26, 16, 20, 33, 25, 5, 17, 14, 31, 25, 28, 39, 9, 29, 23, 3, 33, 49, 4, 6, 44, 6, 49, 1, 24, 27, 4, 27, 4, 35, 27, 13, 24, 35, 21, 12, 17, 9, 39, 2, 1, 48, 10, 44, 19, 15, 6, 33, 29, 46, 21, 33, 48, 33, 39, 16, 47, 30, 7, 23, 14, 9, 3, 4, 5, 19, 28, 38, 9, 42, 10, 49, 9, 11, 47, 32, 2, 47, 30, 12, 28, 17, 16, 32, 38, 26, 11, 35, 5, 48, 39, 7, 49, 39, 24, 30, 48, 20, 1, 19, 31, 0, 17, 26, 49, 47, 4, 21]
机器选择 (MS): [1, 4, 3, 2, 2, 3, 2, 4, 1, 4, 4, 1, 1, 2, 3, 3, 4, 3, 1, 1, 1, 1, 2, 3, 2, 1, 3, 3, 4, 3, 4, 1, 4, 3, 2, 3, 1, 4, 1, 3, 1, 4, 4, 4, 4, 3, 3, 1, 3, 1, 1, 1, 2, 1, 1, 2, 2, 1, 1, 2, 3, 2, 2, 1, 1, 2, 1, 2, 2, 2, 2, 1, 3, 2, 1, 2, 1, 3, 1, 2, 1, 2, 1, 1, 1, 1, 1, 1, 1, 1, 1, 1, 1, 2, 2, 1, 1, 1, 1, 1, 2, 1, 2, 1, 1, 1, 1, 2, 1, 3, 1, 1, 3, 3, 2, 1, 2, 1, 1, 1, 1, 3, 1, 1, 1, 1, 1, 1, 1, 1, 1, 1, 1, 1, 2, 3, 1, 1, 2, 2, 3, 3, 1, 1, 1, 1, 1, 2, 1, 1, 1, 1, 2, 1, 3, 1, 1, 1, 1, 1, 1, 2, 1, 1, 2, 1, 2, 1, 1, 2, 1, 1, 1, 1, 2, 1, 1, 1, 2, 1, 3, 3, 1, 1, 1, 1, 1, 1, 1, 1, 1, 2, 1, 2, 2, 1, 1, 1, 1, 1, 1, 1, 2, 2, 1, 1, 1, 2, 1, 1, 1, 2, 1, 3, 3, 2, 1, 2, 1, 1, 1, 1, 1, 1, 2, 1, 1, 1, 1, 1, 2, 1, 1, 1, 1, 1, 1, 1, 1, 3, 2, 2, 2, 1, 3, 1, 1, 1, 1, 2, 1, 2, 1, 2, 1, 2, 1, 1, 1, 1]

【零件加工顺序记录】
----------------------------------------------------------------------------------------------------
工件号      工序号             机器号             开始时间            结束时间            加工时长           
----------------------------------------------------------------------------------------------------

工件 0:
  0        0               打印机3            0.00            13996.75        13996.75       
  0        1               批处理机2           13996.75        15059.75        1063.00        
  0        2               离散机3            15059.75        16169.75        1110.00        
  0        3               离散机5            18863.75        20337.75        1474.00        
  0        4               离散机2            22659.18        23790.18        1131.00        
  0        5               离散机2            23790.18        25036.18        1246.00        
  0        6               离散机2            25036.18        26091.18        1055.00        
  0        7               离散机4            52516.29        53889.29        1373.00        

工件 1:
  1        0               打印机2            0.00            34797.76        34797.76       
  1        1               批处理机1           34797.76        35672.76        875.00         
  1        2               离散机2            38193.76        39831.76        1638.00        
  1        3               离散机5            39831.76        41177.76        1346.00        
  1        4               离散机2            44082.76        45142.76        1060.00        
  1        5               离散机6            48923.24        49964.24        1041.00        
  1        6               离散机8            50874.29        52588.29        1714.00        

工件 2:
  2        0               打印机3            0.00            13996.75        13996.75       
  2        1               批处理机2           13996.75        15059.75        1063.00        
  2        2               离散机2            15429.18        16378.18        949.00         
  2        3               离散机6            24265.18        25601.18        1336.00        

工件 3:
  3        0               打印机4            0.00            13440.18        13440.18       
  3        1               批处理机1           13440.18        14315.18        875.00         
  3        2               离散机4            20102.18        21704.18        1602.00        
  3        3               离散机3            21979.75        23016.75        1037.00        
  3        4               离散机4            24448.18        25472.18        1024.00        
  3        5               离散机4            29875.18        30948.18        1073.00        

工件 4:
  4        0               打印机1            33290.29        39666.29        6376.00        
  4        1               批处理机1           39666.29        40541.29        875.00         
  4        2               离散机6            40541.29        41679.29        1138.00        
  4        3               离散机4            41679.29        42779.29        1100.00        
  4        4               离散机3            42779.29        43970.29        1191.00        
  4        5               离散机5            45110.76        46299.76        1189.00        
  4        6               离散机6            46441.24        47964.24        1523.00        
  4        7               离散机6            47964.24        48923.24        959.00         
  4        8               离散机4            49139.29        50053.29        914.00         
  4        9               离散机5            53613.29        55361.29        1748.00        

工件 5:
  5        0               打印机2            0.00            34797.76        34797.76       
  5        1               批处理机1           34797.76        35672.76        875.00         
  5        2               离散机4            36476.29        37561.29        1085.00        
  5        3               离散机2            39831.76        41493.76        1662.00        
  5        4               离散机8            41520.29        42895.29        1375.00        
  5        5               离散机3            46229.29        47601.29        1372.00        
  5        6               离散机7            48693.76        50290.76        1597.00        
  5        7               离散机3            50324.29        51512.29        1188.00        

工件 6:
  6        0               打印机3            0.00            13996.75        13996.75       
  6        1               批处理机2           13996.75        15059.75        1063.00        
  6        2               离散机5            16440.75        17798.75        1358.00        
  6        3               离散机8            17798.75        19403.75        1605.00        
  6        4               离散机7            20182.75        21107.75        925.00         
  6        5               离散机3            23016.75        24467.75        1451.00        
  6        6               离散机5            25924.18        27180.18        1256.00        
  6        7               离散机4            28889.18        29875.18        986.00         

工件 7:
  7        0               打印机3            0.00            13996.75        13996.75       
  7        1               批处理机2           13996.75        15059.75        1063.00        
  7        2               离散机5            17798.75        18863.75        1065.00        
  7        3               离散机6            18863.75        20042.75        1179.00        
  7        4               离散机2            32931.18        33945.18        1014.00        

工件 8:
  8        0               打印机3            0.00            13996.75        13996.75       
  8        1               批处理机2           13996.75        15059.75        1063.00        
  8        2               离散机1            17735.75        18825.75        1090.00        
  8        3               离散机7            18825.75        20182.75        1357.00        

工件 9:
  9        0               打印机4            0.00            13440.18        13440.18       
  9        1               批处理机1           13440.18        14315.18        875.00         
  9        2               离散机5            20337.75        21255.75        918.00         
  9        3               离散机4            23229.18        24448.18        1219.00        
  9        4               离散机7            24448.18        25763.18        1315.00        
  9        5               离散机5            28656.18        30252.18        1596.00        
  9        6               离散机1            30252.18        31355.18        1103.00        
  9        7               离散机1            31355.18        32519.18        1164.00        

工件 10:
  10       0               打印机1            0.00            33290.29        33290.29       
  10       1               批处理机2           33290.29        34353.29        1063.00        
  10       2               离散机8            34852.16        35758.16        906.00         
  10       3               离散机2            46890.76        48085.76        1195.00        
  10       4               离散机6            49964.24        51598.24        1634.00        

工件 11:
  11       0               打印机1            0.00            33290.29        33290.29       
  11       1               批处理机2           33290.29        34353.29        1063.00        
  11       2               离散机5            35851.29        37156.29        1305.00        
  11       3               离散机3            38488.29        39401.29        913.00         
  11       4               离散机3            41028.29        42672.29        1644.00        
  11       5               离散机5            52224.29        53613.29        1389.00        

工件 12:
  12       0               打印机4            13440.18        31390.16        17949.98       
  12       1               批处理机1           31390.16        32265.16        875.00         
  12       2               离散机5            32265.16        33281.16        1016.00        
  12       3               离散机2            50675.76        52130.76        1455.00        

工件 13:
  13       0               打印机4            31390.16        42085.24        10695.08       
  13       1               批处理机1           42085.24        42960.24        875.00         
  13       2               离散机6            42960.24        43928.24        968.00         
  13       3               离散机3            43970.29        45224.29        1254.00        
  13       4               离散机7            45557.76        46997.76        1440.00        

工件 14:
  14       0               打印机1            33290.29        39666.29        6376.00        
  14       1               批处理机1           39666.29        40541.29        875.00         
  14       2               离散机8            40541.29        41520.29        979.00         
  14       3               离散机5            42304.76        43716.76        1412.00        
  14       4               离散机8            44684.29        45631.29        947.00         
  14       5               离散机4            48211.29        49139.29        928.00         

工件 15:
  15       0               打印机3            0.00            13996.75        13996.75       
  15       1               批处理机2           13996.75        15059.75        1063.00        
  15       2               离散机6            15059.75        15963.75        904.00         
  15       3               离散机4            27929.18        28889.18        960.00         

工件 16:
  16       0               打印机1            0.00            33290.29        33290.29       
  16       1               批处理机2           33290.29        34353.29        1063.00        
  16       2               离散机4            34353.29        35296.29        943.00         
  16       3               离散机7            35296.29        36714.29        1418.00        
  16       4               离散机7            42373.76        44001.76        1628.00        
  16       5               离散机3            45224.29        46229.29        1005.00        
  16       6               离散机1            46486.76        47835.76        1349.00        
  16       7               离散机8            49487.29        50874.29        1387.00        

工件 17:
  17       0               打印机1            0.00            33290.29        33290.29       
  17       1               批处理机2           33290.29        34353.29        1063.00        
  17       2               离散机1            34353.29        35501.29        1148.00        
  17       3               离散机2            36903.76        38193.76        1290.00        
  17       4               离散机1            38467.76        40137.76        1670.00        
  17       5               离散机7            40685.76        42373.76        1688.00        
  17       6               离散机8            42895.29        44684.29        1789.00        
  17       7               离散机4            47204.29        48211.29        1007.00        
  17       8               离散机7            50290.76        51743.76        1453.00        
  17       9               离散机7            52681.76        54316.76        1635.00        

工件 18:
  18       0               打印机4            13440.18        31390.16        17949.98       
  18       1               批处理机1           31390.16        32265.16        875.00         

工件 19:
  19       0               打印机1            0.00            33290.29        33290.29       
  19       1               批处理机2           33290.29        34353.29        1063.00        
  19       2               离散机2            34353.29        35305.29        952.00         
  19       3               离散机3            35305.29        36894.29        1589.00        
  19       4               离散机7            37895.76        39503.76        1608.00        
  19       5               离散机4            39882.29        41534.29        1652.00        
  19       6               离散机6            41679.29        42770.29        1091.00        
  19       7               离散机8            47484.29        48585.29        1101.00        
  19       8               离散机4            50053.29        51073.29        1020.00        
  19       9               离散机1            51757.76        52964.76        1207.00        

工件 20:
  20       0               打印机1            0.00            33290.29        33290.29       
  20       1               批处理机2           33290.29        34353.29        1063.00        
  20       2               离散机5            34353.29        35851.29        1498.00        
  20       3               离散机3            36894.29        38488.29        1594.00        
  20       4               离散机7            39503.76        40685.76        1182.00        
  20       5               离散机7            44001.76        45557.76        1556.00        
  20       6               离散机1            50683.76        51757.76        1074.00        

工件 21:
  21       0               打印机1            0.00            33290.29        33290.29       
  21       1               批处理机2           33290.29        34353.29        1063.00        
  21       2               离散机1            41168.76        42759.76        1591.00        
  21       3               离散机1            42759.76        44329.76        1570.00        
  21       4               离散机2            45142.76        46890.76        1748.00        
  21       5               离散机7            46997.76        48693.76        1696.00        
  21       6               离散机8            52588.29        54237.29        1649.00        

工件 22:
  22       0               打印机2            0.00            34797.76        34797.76       
  22       1               批处理机1           34797.76        35672.76        875.00         
  22       2               离散机2            35672.76        36903.76        1231.00        
  22       3               离散机6            36903.76        37912.76        1009.00        
  22       4               离散机4            38795.29        39882.29        1087.00        
  22       5               离散机1            40137.76        41168.76        1031.00        
  22       6               离散机5            41177.76        42304.76        1127.00        

工件 23:
  23       0               打印机1            0.00            33290.29        33290.29       
  23       1               批处理机2           33290.29        34353.29        1063.00        
  23       2               离散机4            35296.29        36476.29        1180.00        
  23       3               离散机8            36476.29        37446.29        970.00         
  23       4               离散机6            45497.24        46441.24        944.00         
  23       5               离散机1            47835.76        49076.76        1241.00        

工件 24:
  24       0               打印机4            13440.18        31390.16        17949.98       
  24       1               批处理机1           31390.16        32265.16        875.00         
  24       2               离散机4            32265.16        33462.16        1197.00        
  24       3               离散机5            38184.29        39248.29        1064.00        
  24       4               离散机3            39401.29        41028.29        1627.00        
  24       5               离散机3            52435.29        53849.29        1414.00        

工件 25:
  25       0               打印机1            0.00            33290.29        33290.29       
  25       1               批处理机2           33290.29        34353.29        1063.00        
  25       2               离散机2            42912.76        44082.76        1170.00        
  25       3               离散机3            47601.29        48527.29        926.00         

工件 26:
  26       0               打印机1            0.00            33290.29        33290.29       
  26       1               批处理机2           33290.29        34353.29        1063.00        
  26       2               离散机4            42779.29        44419.29        1640.00        
  26       3               离散机4            46195.29        47204.29        1009.00        
  26       4               离散机3            48527.29        50324.29        1797.00        
  26       5               离散机4            53889.29        55213.29        1324.00        

工件 27:
  27       0               打印机4            0.00            13440.18        13440.18       
  27       1               批处理机1           13440.18        14315.18        875.00         
  27       2               离散机4            14315.18        15830.18        1515.00        
  27       3               离散机4            15830.18        17025.18        1195.00        
  27       4               离散机7            17025.18        18147.18        1122.00        
  27       5               离散机5            22821.75        23866.75        1045.00        
  27       6               离散机2            26091.18        27026.18        935.00         
  27       7               离散机4            27026.18        27929.18        903.00         

工件 28:
  28       0               打印机1            0.00            33290.29        33290.29       
  28       1               批处理机2           33290.29        34353.29        1063.00        
  28       2               离散机6            34353.29        35732.29        1379.00        
  28       3               离散机6            35732.29        36800.29        1068.00        
  28       4               离散机5            37156.29        38184.29        1028.00        
  28       5               离散机2            48085.76        48995.76        910.00         
  28       6               离散机2            52130.76        53292.76        1162.00        

工件 29:
  29       0               打印机4            0.00            13440.18        13440.18       
  29       1               批处理机1           13440.18        14315.18        875.00         
  29       2               离散机8            14315.18        15337.18        1022.00        
  29       3               离散机3            18538.75        19593.75        1055.00        
  29       4               离散机8            19593.75        20750.75        1157.00        
  29       5               离散机8            20750.75        21792.75        1042.00        
  29       6               离散机6            22584.18        24265.18        1681.00        
  29       7               离散机5            24265.18        25924.18        1659.00        
  29       8               离散机3            25924.18        27011.18        1087.00        

工件 30:
  30       0               打印机1            0.00            33290.29        33290.29       
  30       1               批处理机2           33290.29        34353.29        1063.00        
  30       2               离散机1            36832.76        38467.76        1635.00        
  30       3               离散机4            44419.29        46195.29        1776.00        
  30       4               离散机8            46195.29        47484.29        1289.00        
  30       5               离散机5            47484.29        49048.29        1564.00        
  30       6               离散机5            49048.29        50517.29        1469.00        
  30       7               离散机7            51743.76        52681.76        938.00         

工件 31:
  31       0               打印机1            0.00            33290.29        33290.29       
  31       1               批处理机2           33290.29        34353.29        1063.00        
  31       2               离散机4            37561.29        38795.29        1234.00        
  31       3               离散机6            39160.76        40214.76        1054.00        
  31       4               离散机4            51073.29        52516.29        1443.00        

工件 32:
  32       0               打印机2            0.00            34797.76        34797.76       
  32       1               批处理机1           34797.76        35672.76        875.00         
  32       2               离散机8            48585.29        49487.29        902.00         
  32       3               离散机2            53292.76        54974.76        1682.00        

工件 33:
  33       0               打印机4            0.00            13440.18        13440.18       
  33       1               批处理机1           13440.18        14315.18        875.00         
  33       2               离散机1            16646.75        17735.75        1089.00        
  33       3               离散机2            20327.18        21230.18        903.00         
  33       4               离散机6            21230.18        22584.18        1354.00        
  33       5               离散机7            22584.18        23908.18        1324.00        
  33       6               离散机1            24752.18        25867.18        1115.00        
  33       7               离散机2            27026.18        28432.18        1406.00        
  33       8               离散机6            28432.18        30047.18        1615.00        
  33       9               离散机2            30874.18        31840.18        966.00         

工件 34:
  34       0               打印机3            13996.75        32620.00        18623.25       
  34       1               批处理机1           32620.00        33495.00        875.00         

工件 35:
  35       0               打印机3            0.00            13996.75        13996.75       
  35       1               批处理机2           13996.75        15059.75        1063.00        
  35       2               离散机8            15337.18        17063.18        1726.00        
  35       3               离散机2            17063.18        18813.18        1750.00        
  35       4               离散机2            18813.18        20327.18        1514.00        
  35       5               离散机5            21255.75        22821.75        1566.00        
  35       6               离散机1            23834.18        24752.18        918.00         
  35       7               离散机8            24752.18        26345.18        1593.00        
  35       8               离散机5            27180.18        28656.18        1476.00        
  35       9               离散机2            31840.18        32931.18        1091.00        

工件 36:
  36       0               打印机2            0.00            34797.76        34797.76       
  36       1               批处理机1           34797.76        35672.76        875.00         

工件 37:
  37       0               打印机3            13996.75        32620.00        18623.25       
  37       1               批处理机1           32620.00        33495.00        875.00         

工件 38:
  38       0               打印机2            0.00            34797.76        34797.76       
  38       1               批处理机1           34797.76        35672.76        875.00         
  38       2               离散机1            35672.76        36832.76        1160.00        
  38       3               离散机7            36832.76        37895.76        1063.00        
  38       4               离散机8            37895.76        38962.76        1067.00        
  38       5               离散机8            38962.76        40027.76        1065.00        
  38       6               离散机5            50517.29        52224.29        1707.00        

工件 39:
  39       0               打印机3            0.00            13996.75        13996.75       
  39       1               批处理机2           13996.75        15059.75        1063.00        
  39       2               离散机7            15059.75        16093.75        1034.00        
  39       3               离散机4            17025.18        18397.18        1372.00        
  39       4               离散机1            18825.75        20458.75        1633.00        
  39       5               离散机1            20458.75        21973.75        1515.00        
  39       6               离散机4            25472.18        26923.18        1451.00        
  39       7               离散机1            26923.18        28150.18        1227.00        
  39       8               离散机1            28150.18        29727.18        1577.00        
  39       9               离散机3            29727.18        30863.18        1136.00        

工件 40:
  40       0               打印机4            0.00            13440.18        13440.18       
  40       1               批处理机1           13440.18        14315.18        875.00         
  40       2               离散机2            14315.18        15429.18        1114.00        
  40       3               离散机4            18397.18        20102.18        1705.00        

工件 41:
  41       0               打印机2            0.00            34797.76        34797.76       
  41       1               批处理机1           34797.76        35672.76        875.00         

工件 42:
  42       0               打印机3            0.00            13996.75        13996.75       
  42       1               批处理机2           13996.75        15059.75        1063.00        
  42       2               离散机6            15963.75        17565.75        1602.00        
  42       3               离散机3            20790.75        21979.75        1189.00        
  42       4               离散机3            27011.18        28204.18        1193.00        

工件 43:
  43       0               打印机3            0.00            13996.75        13996.75       
  43       1               批处理机2           13996.75        15059.75        1063.00        
  43       2               离散机3            17424.75        18538.75        1114.00        

工件 44:
  44       0               打印机3            0.00            13996.75        13996.75       
  44       1               批处理机2           13996.75        15059.75        1063.00        
  44       2               离散机5            15059.75        16440.75        1381.00        
  44       3               离散机8            21792.75        23570.75        1778.00        
  44       4               离散机3            24467.75        25775.75        1308.00        

工件 45:
  45       0               打印机4            13440.18        31390.16        17949.98       
  45       1               批处理机1           31390.16        32265.16        875.00         

工件 46:
  46       0               打印机3            0.00            13996.75        13996.75       
  46       1               批处理机2           13996.75        15059.75        1063.00        
  46       2               离散机1            15059.75        16646.75        1587.00        
  46       3               离散机3            19593.75        20790.75        1197.00        
  46       4               离散机4            21704.18        23229.18        1525.00        
  46       5               离散机2            28432.18        29878.18        1446.00        

工件 47:
  47       0               打印机4            13440.18        31390.16        17949.98       
  47       1               批处理机1           31390.16        32265.16        875.00         
  47       2               离散机6            32265.16        33732.16        1467.00        
  47       3               离散机8            33732.16        34852.16        1120.00        
  47       4               离散机6            37912.76        39160.76        1248.00        
  47       5               离散机6            43928.24        45497.24        1569.00        
  47       6               离散机5            46299.76        47330.76        1031.00        
  47       7               离散机1            49076.76        50683.76        1607.00        
  47       8               离散机6            51598.24        52921.24        1323.00        
  47       9               离散机3            53849.29        55151.29        1302.00        

工件 48:
  48       0               打印机4            0.00            13440.18        13440.18       
  48       1               批处理机1           13440.18        14315.18        875.00         
  48       2               离散机3            16169.75        17424.75        1255.00        
  48       3               离散机2            21230.18        22659.18        1429.00        
  48       4               离散机1            22659.18        23834.18        1175.00        
  48       5               离散机8            26345.18        27485.18        1140.00        
  48       6               离散机2            29878.18        30874.18        996.00         
  48       7               离散机4            30948.18        32160.18        1212.00        
  48       8               离散机1            32519.18        33809.18        1290.00        

工件 49:
  49       0               打印机3            13996.75        32620.00        18623.25       
  49       1               批处理机1           32620.00        33495.00        875.00         
  49       2               离散机3            33495.00        34734.00        1239.00        
  49       3               离散机2            41493.76        42912.76        1419.00        
  49       4               离散机5            43716.76        45110.76        1394.00        
  49       5               离散机1            45110.76        46486.76        1376.00        
  49       6               离散机2            48995.76        50675.76        1680.00        
  49       7               离散机3            51512.29        52435.29        923.00         
  49       8               离散机1            52964.76        54581.76        1617.00        

【机器加工顺序记录】
----------------------------------------------------------------------------------------------------

打印机1:
工件号      工序号             开始时间            结束时间            加工时长           
--------------------------------------------------------------------------------
  10       0               0.00            33290.29        33290.29       
  11       0               0.00            33290.29        33290.29       
  16       0               0.00            33290.29        33290.29       
  17       0               0.00            33290.29        33290.29       
  19       0               0.00            33290.29        33290.29       
  20       0               0.00            33290.29        33290.29       
  21       0               0.00            33290.29        33290.29       
  23       0               0.00            33290.29        33290.29       
  25       0               0.00            33290.29        33290.29       
  26       0               0.00            33290.29        33290.29       
  28       0               0.00            33290.29        33290.29       
  30       0               0.00            33290.29        33290.29       
  31       0               0.00            33290.29        33290.29       
  4        0               33290.29        39666.29        6376.00        
  14       0               33290.29        39666.29        6376.00        

  机器利用率: 804.76% (忙碌时间: 445525.71 / 总时间: 55361.29)

打印机2:
工件号      工序号             开始时间            结束时间            加工时长           
--------------------------------------------------------------------------------
  1        0               0.00            34797.76        34797.76       
  5        0               0.00            34797.76        34797.76       
  22       0               0.00            34797.76        34797.76       
  32       0               0.00            34797.76        34797.76       
  36       0               0.00            34797.76        34797.76       
  38       0               0.00            34797.76        34797.76       
  41       0               0.00            34797.76        34797.76       

  机器利用率: 439.99% (忙碌时间: 243584.31 / 总时间: 55361.29)

打印机3:
工件号      工序号             开始时间            结束时间            加工时长           
--------------------------------------------------------------------------------
  0        0               0.00            13996.75        13996.75       
  2        0               0.00            13996.75        13996.75       
  6        0               0.00            13996.75        13996.75       
  7        0               0.00            13996.75        13996.75       
  8        0               0.00            13996.75        13996.75       
  15       0               0.00            13996.75        13996.75       
  35       0               0.00            13996.75        13996.75       
  39       0               0.00            13996.75        13996.75       
  42       0               0.00            13996.75        13996.75       
  43       0               0.00            13996.75        13996.75       
  44       0               0.00            13996.75        13996.75       
  46       0               0.00            13996.75        13996.75       
  34       0               13996.75        32620.00        18623.25       
  37       0               13996.75        32620.00        18623.25       
  49       0               13996.75        32620.00        18623.25       

  机器利用率: 404.31% (忙碌时间: 223830.72 / 总时间: 55361.29)

打印机4:
工件号      工序号             开始时间            结束时间            加工时长           
--------------------------------------------------------------------------------
  3        0               0.00            13440.18        13440.18       
  9        0               0.00            13440.18        13440.18       
  27       0               0.00            13440.18        13440.18       
  29       0               0.00            13440.18        13440.18       
  33       0               0.00            13440.18        13440.18       
  40       0               0.00            13440.18        13440.18       
  48       0               0.00            13440.18        13440.18       
  12       0               13440.18        31390.16        17949.98       
  18       0               13440.18        31390.16        17949.98       
  24       0               13440.18        31390.16        17949.98       
  45       0               13440.18        31390.16        17949.98       
  47       0               13440.18        31390.16        17949.98       
  13       0               31390.16        42085.24        10695.08       

  机器利用率: 351.38% (忙碌时间: 194526.22 / 总时间: 55361.29)

批处理机1:
工件号      工序号             开始时间            结束时间            加工时长           
--------------------------------------------------------------------------------
  3        1               13440.18        14315.18        875.00         
  9        1               13440.18        14315.18        875.00         
  27       1               13440.18        14315.18        875.00         
  29       1               13440.18        14315.18        875.00         
  33       1               13440.18        14315.18        875.00         
  40       1               13440.18        14315.18        875.00         
  48       1               13440.18        14315.18        875.00         
  12       1               31390.16        32265.16        875.00         
  18       1               31390.16        32265.16        875.00         
  24       1               31390.16        32265.16        875.00         
  45       1               31390.16        32265.16        875.00         
  47       1               31390.16        32265.16        875.00         
  34       1               32620.00        33495.00        875.00         
  37       1               32620.00        33495.00        875.00         
  49       1               32620.00        33495.00        875.00         
  1        1               34797.76        35672.76        875.00         
  5        1               34797.76        35672.76        875.00         
  22       1               34797.76        35672.76        875.00         
  32       1               34797.76        35672.76        875.00         
  36       1               34797.76        35672.76        875.00         
  38       1               34797.76        35672.76        875.00         
  41       1               34797.76        35672.76        875.00         
  4        1               39666.29        40541.29        875.00         
  14       1               39666.29        40541.29        875.00         
  13       1               42085.24        42960.24        875.00         

  机器利用率: 39.51% (忙碌时间: 21875.00 / 总时间: 55361.29)

批处理机2:
工件号      工序号             开始时间            结束时间            加工时长           
--------------------------------------------------------------------------------
  0        1               13996.75        15059.75        1063.00        
  2        1               13996.75        15059.75        1063.00        
  6        1               13996.75        15059.75        1063.00        
  7        1               13996.75        15059.75        1063.00        
  8        1               13996.75        15059.75        1063.00        
  15       1               13996.75        15059.75        1063.00        
  35       1               13996.75        15059.75        1063.00        
  39       1               13996.75        15059.75        1063.00        
  42       1               13996.75        15059.75        1063.00        
  43       1               13996.75        15059.75        1063.00        
  44       1               13996.75        15059.75        1063.00        
  46       1               13996.75        15059.75        1063.00        
  10       1               33290.29        34353.29        1063.00        
  11       1               33290.29        34353.29        1063.00        
  16       1               33290.29        34353.29        1063.00        
  17       1               33290.29        34353.29        1063.00        
  19       1               33290.29        34353.29        1063.00        
  20       1               33290.29        34353.29        1063.00        
  21       1               33290.29        34353.29        1063.00        
  23       1               33290.29        34353.29        1063.00        
  25       1               33290.29        34353.29        1063.00        
  26       1               33290.29        34353.29        1063.00        
  28       1               33290.29        34353.29        1063.00        
  30       1               33290.29        34353.29        1063.00        
  31       1               33290.29        34353.29        1063.00        

  机器利用率: 48.00% (忙碌时间: 26575.00 / 总时间: 55361.29)

离散机1:
工件号      工序号             开始时间            结束时间            加工时长           
--------------------------------------------------------------------------------
  46       2               15059.75        16646.75        1587.00        
  33       2               16646.75        17735.75        1089.00        
  8        2               17735.75        18825.75        1090.00        
  39       4               18825.75        20458.75        1633.00        
  39       5               20458.75        21973.75        1515.00        
  48       4               22659.18        23834.18        1175.00        
  35       6               23834.18        24752.18        918.00         
  33       6               24752.18        25867.18        1115.00        
  39       7               26923.18        28150.18        1227.00        
  39       8               28150.18        29727.18        1577.00        
  9        6               30252.18        31355.18        1103.00        
  9        7               31355.18        32519.18        1164.00        
  48       8               32519.18        33809.18        1290.00        
  17       2               34353.29        35501.29        1148.00        
  38       2               35672.76        36832.76        1160.00        
  30       2               36832.76        38467.76        1635.00        
  17       4               38467.76        40137.76        1670.00        
  22       5               40137.76        41168.76        1031.00        
  21       2               41168.76        42759.76        1591.00        
  21       3               42759.76        44329.76        1570.00        
  49       5               45110.76        46486.76        1376.00        
  16       6               46486.76        47835.76        1349.00        
  23       5               47835.76        49076.76        1241.00        
  47       7               49076.76        50683.76        1607.00        
  20       6               50683.76        51757.76        1074.00        
  19       9               51757.76        52964.76        1207.00        
  49       8               52964.76        54581.76        1617.00        

  机器利用率: 64.59% (忙碌时间: 35759.00 / 总时间: 55361.29)

离散机2:
工件号      工序号             开始时间            结束时间            加工时长           
--------------------------------------------------------------------------------
  40       2               14315.18        15429.18        1114.00        
  2        2               15429.18        16378.18        949.00         
  35       3               17063.18        18813.18        1750.00        
  35       4               18813.18        20327.18        1514.00        
  33       3               20327.18        21230.18        903.00         
  48       3               21230.18        22659.18        1429.00        
  0        4               22659.18        23790.18        1131.00        
  0        5               23790.18        25036.18        1246.00        
  0        6               25036.18        26091.18        1055.00        
  27       6               26091.18        27026.18        935.00         
  33       7               27026.18        28432.18        1406.00        
  46       5               28432.18        29878.18        1446.00        
  48       6               29878.18        30874.18        996.00         
  33       9               30874.18        31840.18        966.00         
  35       9               31840.18        32931.18        1091.00        
  7        4               32931.18        33945.18        1014.00        
  19       2               34353.29        35305.29        952.00         
  22       2               35672.76        36903.76        1231.00        
  17       3               36903.76        38193.76        1290.00        
  1        2               38193.76        39831.76        1638.00        
  5        3               39831.76        41493.76        1662.00        
  49       3               41493.76        42912.76        1419.00        
  25       2               42912.76        44082.76        1170.00        
  1        4               44082.76        45142.76        1060.00        
  21       4               45142.76        46890.76        1748.00        
  10       3               46890.76        48085.76        1195.00        
  28       5               48085.76        48995.76        910.00         
  49       6               48995.76        50675.76        1680.00        
  12       3               50675.76        52130.76        1455.00        
  28       6               52130.76        53292.76        1162.00        
  32       3               53292.76        54974.76        1682.00        

  机器利用率: 70.81% (忙碌时间: 39199.00 / 总时间: 55361.29)

离散机3:
工件号      工序号             开始时间            结束时间            加工时长           
--------------------------------------------------------------------------------
  0        2               15059.75        16169.75        1110.00        
  48       2               16169.75        17424.75        1255.00        
  43       2               17424.75        18538.75        1114.00        
  29       3               18538.75        19593.75        1055.00        
  46       3               19593.75        20790.75        1197.00        
  42       3               20790.75        21979.75        1189.00        
  3        3               21979.75        23016.75        1037.00        
  6        5               23016.75        24467.75        1451.00        
  44       4               24467.75        25775.75        1308.00        
  29       8               25924.18        27011.18        1087.00        
  42       4               27011.18        28204.18        1193.00        
  39       9               29727.18        30863.18        1136.00        
  49       2               33495.00        34734.00        1239.00        
  19       3               35305.29        36894.29        1589.00        
  20       3               36894.29        38488.29        1594.00        
  11       3               38488.29        39401.29        913.00         
  24       4               39401.29        41028.29        1627.00        
  11       4               41028.29        42672.29        1644.00        
  4        4               42779.29        43970.29        1191.00        
  13       3               43970.29        45224.29        1254.00        
  16       5               45224.29        46229.29        1005.00        
  5        5               46229.29        47601.29        1372.00        
  25       3               47601.29        48527.29        926.00         
  26       4               48527.29        50324.29        1797.00        
  5        7               50324.29        51512.29        1188.00        
  49       7               51512.29        52435.29        923.00         
  24       5               52435.29        53849.29        1414.00        
  47       9               53849.29        55151.29        1302.00        

  机器利用率: 63.42% (忙碌时间: 35110.00 / 总时间: 55361.29)

离散机4:
工件号      工序号             开始时间            结束时间            加工时长           
--------------------------------------------------------------------------------
  27       2               14315.18        15830.18        1515.00        
  27       3               15830.18        17025.18        1195.00        
  39       3               17025.18        18397.18        1372.00        
  40       3               18397.18        20102.18        1705.00        
  3        2               20102.18        21704.18        1602.00        
  46       4               21704.18        23229.18        1525.00        
  9        3               23229.18        24448.18        1219.00        
  3        4               24448.18        25472.18        1024.00        
  39       6               25472.18        26923.18        1451.00        
  27       7               27026.18        27929.18        903.00         
  15       3               27929.18        28889.18        960.00         
  6        7               28889.18        29875.18        986.00         
  3        5               29875.18        30948.18        1073.00        
  48       7               30948.18        32160.18        1212.00        
  24       2               32265.16        33462.16        1197.00        
  16       2               34353.29        35296.29        943.00         
  23       2               35296.29        36476.29        1180.00        
  5        2               36476.29        37561.29        1085.00        
  31       2               37561.29        38795.29        1234.00        
  22       4               38795.29        39882.29        1087.00        
  19       5               39882.29        41534.29        1652.00        
  4        3               41679.29        42779.29        1100.00        
  26       2               42779.29        44419.29        1640.00        
  30       3               44419.29        46195.29        1776.00        
  26       3               46195.29        47204.29        1009.00        
  17       7               47204.29        48211.29        1007.00        
  14       5               48211.29        49139.29        928.00         
  4        8               49139.29        50053.29        914.00         
  19       8               50053.29        51073.29        1020.00        
  31       4               51073.29        52516.29        1443.00        
  0        7               52516.29        53889.29        1373.00        
  26       5               53889.29        55213.29        1324.00        

  机器利用率: 71.63% (忙碌时间: 39654.00 / 总时间: 55361.29)

离散机5:
工件号      工序号             开始时间            结束时间            加工时长           
--------------------------------------------------------------------------------
  44       2               15059.75        16440.75        1381.00        
  6        2               16440.75        17798.75        1358.00        
  7        2               17798.75        18863.75        1065.00        
  0        3               18863.75        20337.75        1474.00        
  9        2               20337.75        21255.75        918.00         
  35       5               21255.75        22821.75        1566.00        
  27       5               22821.75        23866.75        1045.00        
  29       7               24265.18        25924.18        1659.00        
  6        6               25924.18        27180.18        1256.00        
  35       8               27180.18        28656.18        1476.00        
  9        5               28656.18        30252.18        1596.00        
  12       2               32265.16        33281.16        1016.00        
  20       2               34353.29        35851.29        1498.00        
  11       2               35851.29        37156.29        1305.00        
  28       4               37156.29        38184.29        1028.00        
  24       3               38184.29        39248.29        1064.00        
  1        3               39831.76        41177.76        1346.00        
  22       6               41177.76        42304.76        1127.00        
  14       3               42304.76        43716.76        1412.00        
  49       4               43716.76        45110.76        1394.00        
  4        5               45110.76        46299.76        1189.00        
  47       6               46299.76        47330.76        1031.00        
  30       5               47484.29        49048.29        1564.00        
  30       6               49048.29        50517.29        1469.00        
  38       6               50517.29        52224.29        1707.00        
  11       5               52224.29        53613.29        1389.00        
  4        9               53613.29        55361.29        1748.00        

  机器利用率: 65.17% (忙碌时间: 36081.00 / 总时间: 55361.29)

离散机6:
工件号      工序号             开始时间            结束时间            加工时长           
--------------------------------------------------------------------------------
  15       2               15059.75        15963.75        904.00         
  42       2               15963.75        17565.75        1602.00        
  7        3               18863.75        20042.75        1179.00        
  33       4               21230.18        22584.18        1354.00        
  29       6               22584.18        24265.18        1681.00        
  2        3               24265.18        25601.18        1336.00        
  33       8               28432.18        30047.18        1615.00        
  47       2               32265.16        33732.16        1467.00        
  28       2               34353.29        35732.29        1379.00        
  28       3               35732.29        36800.29        1068.00        
  22       3               36903.76        37912.76        1009.00        
  47       4               37912.76        39160.76        1248.00        
  31       3               39160.76        40214.76        1054.00        
  4        2               40541.29        41679.29        1138.00        
  19       6               41679.29        42770.29        1091.00        
  13       2               42960.24        43928.24        968.00         
  47       5               43928.24        45497.24        1569.00        
  23       4               45497.24        46441.24        944.00         
  4        6               46441.24        47964.24        1523.00        
  4        7               47964.24        48923.24        959.00         
  1        5               48923.24        49964.24        1041.00        
  10       4               49964.24        51598.24        1634.00        
  47       8               51598.24        52921.24        1323.00        

  机器利用率: 52.54% (忙碌时间: 29086.00 / 总时间: 55361.29)

离散机7:
工件号      工序号             开始时间            结束时间            加工时长           
--------------------------------------------------------------------------------
  39       2               15059.75        16093.75        1034.00        
  27       4               17025.18        18147.18        1122.00        
  8        3               18825.75        20182.75        1357.00        
  6        4               20182.75        21107.75        925.00         
  33       5               22584.18        23908.18        1324.00        
  9        4               24448.18        25763.18        1315.00        
  16       3               35296.29        36714.29        1418.00        
  38       3               36832.76        37895.76        1063.00        
  19       4               37895.76        39503.76        1608.00        
  20       4               39503.76        40685.76        1182.00        
  17       5               40685.76        42373.76        1688.00        
  16       4               42373.76        44001.76        1628.00        
  20       5               44001.76        45557.76        1556.00        
  13       4               45557.76        46997.76        1440.00        
  21       5               46997.76        48693.76        1696.00        
  5        6               48693.76        50290.76        1597.00        
  17       8               50290.76        51743.76        1453.00        
  30       7               51743.76        52681.76        938.00         
  17       9               52681.76        54316.76        1635.00        

  机器利用率: 46.93% (忙碌时间: 25979.00 / 总时间: 55361.29)

离散机8:
工件号      工序号             开始时间            结束时间            加工时长           
--------------------------------------------------------------------------------
  29       2               14315.18        15337.18        1022.00        
  35       2               15337.18        17063.18        1726.00        
  6        3               17798.75        19403.75        1605.00        
  29       4               19593.75        20750.75        1157.00        
  29       5               20750.75        21792.75        1042.00        
  44       3               21792.75        23570.75        1778.00        
  35       7               24752.18        26345.18        1593.00        
  48       5               26345.18        27485.18        1140.00        
  47       3               33732.16        34852.16        1120.00        
  10       2               34852.16        35758.16        906.00         
  23       3               36476.29        37446.29        970.00         
  38       4               37895.76        38962.76        1067.00        
  38       5               38962.76        40027.76        1065.00        
  14       2               40541.29        41520.29        979.00         
  5        4               41520.29        42895.29        1375.00        
  17       6               42895.29        44684.29        1789.00        
  14       4               44684.29        45631.29        947.00         
  30       4               46195.29        47484.29        1289.00        
  19       7               47484.29        48585.29        1101.00        
  32       2               48585.29        49487.29        902.00         
  16       7               49487.29        50874.29        1387.00        
  1        6               50874.29        52588.29        1714.00        
  21       6               52588.29        54237.29        1649.00        

  机器利用率: 52.97% (忙碌时间: 29323.00 / 总时间: 55361.29)

【打印批次详细信息】
----------------------------------------------------------------------------------------------------

打印机 1 (尺寸: 1036.0 x 572.0 x 693.0):
--------------------------------------------------------------------------------
  批次 1: 零件数=13, 占用率=84.21%
    - 20: 尺寸 276.0 x 261.0 x 192.0
    - 28: 尺寸 182.0 x 125.0 x 15.0
    - 11: 尺寸 353.0 x 250.0 x 26.0
    - 17: 尺寸 199.0 x 228.0 x 153.0
    - 23: 尺寸 200.0 x 248.0 x 148.0
    - 26: 尺寸 172.0 x 69.0 x 170.0
    - 25: 尺寸 353.0 x 234.0 x 80.0
    - 21: 尺寸 150.0 x 124.0 x 154.0
    - 30: 尺寸 108.0 x 160.0 x 85.0
    - 16: 尺寸 150.0 x 106.0 x 169.0
    - 31: 尺寸 155.0 x 63.0 x 53.0
    - 19: 尺寸 127.0 x 169.0 x 192.0
    - 10: 尺寸 396.0 x 110.0 x 31.0
  批次 2: 零件数=2, 占用率=31.53%
    - 14: 尺寸 401.0 x 244.0 x 33.0
    - 4: 尺寸 466.0 x 191.0 x 35.0

打印机 2 (尺寸: 1105.0 x 427.0 x 530.0):
--------------------------------------------------------------------------------
  批次 1: 零件数=7, 占用率=58.20%
    - 36: 尺寸 330.0 x 241.0 x 21.0
    - 41: 尺寸 149.0 x 241.0 x 28.0
    - 5: 尺寸 122.0 x 107.0 x 86.0
    - 38: 尺寸 198.0 x 151.0 x 55.0
    - 32: 尺寸 211.0 x 136.0 x 100.0
    - 1: 尺寸 189.0 x 101.0 x 88.0
    - 22: 尺寸 351.0 x 195.0 x 49.0

打印机 3 (尺寸: 910.0 x 565.0 x 578.0):
--------------------------------------------------------------------------------
  批次 1: 零件数=12, 占用率=92.28%
    - 43: 尺寸 245.0 x 565.0 x 29.0
    - 46: 尺寸 438.0 x 233.0 x 56.0
    - 6: 尺寸 119.0 x 52.0 x 71.0
    - 42: 尺寸 104.0 x 374.0 x 45.0
    - 0: 尺寸 120.0 x 105.0 x 57.0
    - 8: 尺寸 81.0 x 61.0 x 46.0
    - 7: 尺寸 87.0 x 63.0 x 17.0
    - 44: 尺寸 415.0 x 192.0 x 36.0
    - 39: 尺寸 74.0 x 133.0 x 67.0
    - 2: 尺寸 165.0 x 191.0 x 40.0
    - 15: 尺寸 134.0 x 96.0 x 19.0
    - 35: 尺寸 237.0 x 135.0 x 18.0
  批次 2: 零件数=3, 占用率=61.19%
    - 49: 尺寸 716.0 x 244.0 x 95.0
    - 37: 尺寸 128.0 x 419.0 x 58.0
    - 34: 尺寸 345.0 x 250.0 x 69.0

打印机 4 (尺寸: 966.0 x 498.0 x 666.0):
--------------------------------------------------------------------------------
  批次 1: 零件数=7, 占用率=83.85%
    - 33: 尺寸 97.0 x 92.0 x 31.0
    - 48: 尺寸 427.0 x 121.0 x 12.0
    - 40: 尺寸 407.0 x 226.0 x 66.0
    - 27: 尺寸 426.0 x 351.0 x 52.0
    - 3: 尺寸 130.0 x 246.0 x 62.0
    - 29: 尺寸 354.0 x 131.0 x 34.0
    - 9: 尺寸 175.0 x 131.0 x 37.0
  批次 2: 零件数=5, 占用率=71.28%
    - 24: 尺寸 280.0 x 106.0 x 89.0
    - 47: 尺寸 469.0 x 174.0 x 85.0
    - 18: 尺寸 184.0 x 146.0 x 14.0
    - 12: 尺寸 284.0 x 250.0 x 43.0
    - 45: 尺寸 535.0 x 250.0 x 65.0
  批次 3: 零件数=1, 占用率=39.51%
    - 13: 尺寸 540.0 x 352.0 x 52.0

════════════════════════════════════════════════════════════════
