════════════════════════════════════════════════════════════════
              最优Cmax解的详细调度记录
════════════════════════════════════════════════════════════════

【基本信息】
----------------------------------------------------------------------------------------------------
Cmax (最大完工时间): 45120.09
能耗: 276.55 kWh
装箱质量: 0.5260
批次总数: 3
工件数量: 20
机器数量: 10 (打印机:3, 批处理机:2, 离散机:5)

【染色体编码】
----------------------------------------------------------------------------------------------------
工序序列 (OS): [4, 5, 13, 7, 15, 16, 0, 18, 12, 10, 14, 19, 6, 9, 8, 11, 17, 2, 3, 1, 5, 8, 10, 8, 18, 11, 9, 4, 5, 19, 3, 12, 1, 0, 16, 11, 1, 0, 17, 4, 19, 19, 9, 0, 7, 0, 14, 14, 9, 5, 16, 1, 16, 10, 16, 0, 18, 2, 9, 2, 7, 1, 10, 3, 5, 2, 18, 2, 11, 15, 17, 11, 9, 15, 5, 7, 17, 0, 1, 18, 12, 3, 19, 2, 8, 4, 5, 7, 3, 3, 1, 19, 19, 15, 0, 16, 7, 4, 14, 11, 11, 9, 9, 0, 11, 18, 13, 10, 7, 13, 8, 1, 2, 10, 5, 17, 10, 11, 4, 17, 1, 10, 9, 2]
机器选择 (MS): [2, 2, 3, 1, 1, 2, 3, 1, 3, 3, 2, 1, 1, 2, 2, 2, 1, 1, 2, 3, 1, 1, 1, 1, 1, 1, 2, 3, 2, 2, 2, 3, 1, 1, 1, 2, 1, 2, 2, 2, 1, 1, 2, 3, 1, 1, 1, 1, 1, 1, 1, 1, 1, 2, 2, 2, 1, 1, 2, 1, 2, 3, 2, 2, 1, 1, 1, 1, 1, 1, 1, 1, 3, 2, 1, 1, 2, 1, 1, 2, 1, 1, 1, 1, 1, 2, 3, 2, 3, 1, 1, 1, 1, 1, 3, 1, 1, 1, 1, 1, 1, 1, 2, 2, 1, 1, 1, 3, 1, 3, 1, 1, 1, 1, 1, 2, 3, 1, 1, 2, 2, 2, 1, 1]

【零件加工顺序记录】
----------------------------------------------------------------------------------------------------
工件号      工序号             机器号             开始时间            结束时间            加工时长           
----------------------------------------------------------------------------------------------------

工件 0:
  0        0               打印机3            0.00            8520.59         8520.59        
  0        1               批处理机2           8520.59         9620.59         1100.00        
  0        2               离散机1            9620.59         10735.59        1115.00        
  0        3               离散机1            10735.59        12429.59        1694.00        
  0        4               离散机1            12429.59        13949.59        1520.00        
  0        5               离散机1            13949.59        15121.59        1172.00        
  0        6               离散机1            15121.59        16094.59        973.00         
  0        7               离散机4            16094.59        17555.59        1461.00        
  0        8               离散机4            17555.59        18779.59        1224.00        
  0        9               离散机5            18779.59        20085.59        1306.00        

工件 1:
  1        0               打印机3            0.00            8520.59         8520.59        
  1        1               批处理机2           8520.59         9620.59         1100.00        
  1        2               离散机4            10664.59        12113.59        1449.00        
  1        3               离散机4            12113.59        13402.59        1289.00        
  1        4               离散机3            13402.59        14355.59        953.00         
  1        5               离散机5            14355.59        15368.59        1013.00        
  1        6               离散机2            15368.59        16885.59        1517.00        
  1        7               离散机5            16885.59        18217.59        1332.00        
  1        8               离散机3            18217.59        19963.59        1746.00        
  1        9               离散机5            20085.59        21166.59        1081.00        

工件 2:
  2        0               打印机1            0.00            32777.09        32777.09       
  2        1               批处理机2           32777.09        33877.09        1100.00        
  2        2               离散机1            35028.09        36595.09        1567.00        
  2        3               离散机4            36836.09        38134.09        1298.00        
  2        4               离散机3            38134.09        39375.09        1241.00        
  2        5               离散机3            39375.09        40514.09        1139.00        
  2        6               离散机5            40529.09        41684.09        1155.00        
  2        7               离散机3            42234.09        43697.09        1463.00        
  2        8               离散机5            43697.09        45120.09        1423.00        

工件 3:
  3        0               打印机2            0.00            22239.73        22239.73       
  3        1               批处理机2           22239.73        23339.73        1100.00        
  3        2               离散机4            26957.73        28049.73        1092.00        
  3        3               离散机2            28748.73        30351.73        1603.00        
  3        4               离散机2            31376.73        32454.73        1078.00        
  3        5               离散机4            32454.73        33780.73        1326.00        
  3        6               离散机1            37999.09        39590.09        1591.00        

工件 4:
  4        0               打印机2            0.00            22239.73        22239.73       
  4        1               批处理机2           22239.73        23339.73        1100.00        
  4        2               离散机2            24812.73        25957.73        1145.00        
  4        3               离散机1            26998.73        28692.73        1694.00        
  4        4               离散机3            29758.73        30816.73        1058.00        
  4        5               离散机2            32454.73        33613.73        1159.00        
  4        6               离散机2            43440.09        44932.09        1492.00        

工件 5:
  5        0               打印机2            0.00            22239.73        22239.73       
  5        1               批处理机2           22239.73        23339.73        1100.00        
  5        2               离散机4            23339.73        24256.73        917.00         
  5        3               离散机4            25943.73        26957.73        1014.00        
  5        4               离散机5            27753.73        28739.73        986.00         
  5        5               离散机4            28739.73        29894.73        1155.00        
  5        6               离散机1            29894.73        31005.73        1111.00        
  5        7               离散机3            31005.73        32211.73        1206.00        
  5        8               离散机1            39590.09        40572.09        982.00         

工件 6:
  6        0               打印机1            0.00            32777.09        32777.09       
  6        1               批处理机2           32777.09        33877.09        1100.00        

工件 7:
  7        0               打印机1            0.00            32777.09        32777.09       
  7        1               批处理机2           32777.09        33877.09        1100.00        
  7        2               离散机4            33877.09        35196.09        1319.00        
  7        3               离散机3            35196.09        36342.09        1146.00        
  7        4               离散机3            36342.09        37536.09        1194.00        
  7        5               离散机4            38134.09        39137.09        1003.00        
  7        6               离散机4            39137.09        40804.09        1667.00        
  7        7               离散机5            41684.09        42989.09        1305.00        

工件 8:
  8        0               打印机2            0.00            22239.73        22239.73       
  8        1               批处理机2           22239.73        23339.73        1100.00        
  8        2               离散机4            24256.73        25943.73        1687.00        
  8        3               离散机1            25943.73        26998.73        1055.00        
  8        4               离散机5            29951.73        31148.73        1197.00        
  8        5               离散机1            31148.73        32688.73        1540.00        

工件 9:
  9        0               打印机2            0.00            22239.73        22239.73       
  9        1               批处理机2           22239.73        23339.73        1100.00        
  9        2               离散机1            23339.73        24608.73        1269.00        
  9        3               离散机3            24608.73        25563.73        955.00         
  9        4               离散机5            26203.73        27753.73        1550.00        
  9        5               离散机5            28739.73        29951.73        1212.00        
  9        6               离散机2            30351.73        31376.73        1025.00        
  9        7               离散机3            32211.73        33553.73        1342.00        
  9        8               离散机2            40786.09        42120.09        1334.00        
  9        9               离散机1            44007.09        44913.09        906.00         

工件 10:
  10       0               打印机3            0.00            8520.59         8520.59        
  10       1               批处理机2           8520.59         9620.59         1100.00        
  10       2               离散机4            9620.59         10664.59        1044.00        
  10       3               离散机3            10664.59        11804.59        1140.00        
  10       4               离散机3            11804.59        13184.59        1380.00        
  10       5               离散机1            16094.59        17314.59        1220.00        
  10       6               离散机1            17314.59        18738.59        1424.00        
  10       7               离散机1            18738.59        19786.59        1048.00        
  10       8               离散机5            21166.59        22346.59        1180.00        

工件 11:
  11       0               打印机2            0.00            22239.73        22239.73       
  11       1               批处理机2           22239.73        23339.73        1100.00        
  11       2               离散机2            23339.73        24812.73        1473.00        
  11       3               离散机5            24812.73        26203.73        1391.00        
  11       4               离散机4            29894.73        31631.73        1737.00        
  11       5               离散机5            31631.73        32747.73        1116.00        
  11       6               离散机1            32747.73        33666.73        919.00         
  11       7               离散机3            33666.73        34644.73        978.00         
  11       8               离散机2            35343.09        36391.09        1048.00        
  11       9               离散机4            42394.09        43903.09        1509.00        

工件 12:
  12       0               打印机3            0.00            8520.59         8520.59        
  12       1               批处理机2           8520.59         9620.59         1100.00        
  12       2               离散机2            9620.59         11315.59        1695.00        
  12       3               离散机4            13402.59        14715.59        1313.00        

工件 13:
  13       0               打印机3            0.00            8520.59         8520.59        
  13       1               批处理机2           8520.59         9620.59         1100.00        
  13       2               离散机2            11315.59        12440.59        1125.00        
  13       3               离散机5            12440.59        14100.59        1660.00        

工件 14:
  14       0               打印机2            0.00            22239.73        22239.73       
  14       1               批处理机2           22239.73        23339.73        1100.00        
  14       2               离散机1            24608.73        25674.73        1066.00        
  14       3               离散机3            25674.73        27042.73        1368.00        
  14       4               离散机3            27042.73        28256.73        1214.00        

工件 15:
  15       0               打印机1            0.00            32777.09        32777.09       
  15       1               批处理机2           32777.09        33877.09        1100.00        
  15       2               离散机1            36595.09        37999.09        1404.00        
  15       3               离散机2            38474.09        39704.09        1230.00        
  15       4               离散机3            40514.09        42234.09        1720.00        

工件 16:
  16       0               打印机2            0.00            22239.73        22239.73       
  16       1               批处理机2           22239.73        23339.73        1100.00        
  16       2               离散机5            23339.73        24783.73        1444.00        
  16       3               离散机2            25957.73        27491.73        1534.00        
  16       4               离散机2            27491.73        28748.73        1257.00        
  16       5               离散机3            28748.73        29758.73        1010.00        
  16       6               离散机5            32747.73        33720.73        973.00         

工件 17:
  17       0               打印机1            0.00            32777.09        32777.09       
  17       1               批处理机2           32777.09        33877.09        1100.00        
  17       2               离散机2            33877.09        35343.09        1466.00        
  17       3               离散机5            36475.09        37832.09        1357.00        
  17       4               离散机5            37832.09        39433.09        1601.00        
  17       5               离散机2            42120.09        43440.09        1320.00        
  17       6               离散机3            43697.09        44952.09        1255.00        

工件 18:
  18       0               打印机1            0.00            32777.09        32777.09       
  18       1               批处理机2           32777.09        33877.09        1100.00        
  18       2               离散机5            33877.09        35454.09        1577.00        
  18       3               离散机4            35454.09        36836.09        1382.00        
  18       4               离散机2            37433.09        38474.09        1041.00        
  18       5               离散机5            39433.09        40529.09        1096.00        
  18       6               离散机4            40804.09        42394.09        1590.00        

工件 19:
  19       0               打印机1            0.00            32777.09        32777.09       
  19       1               批处理机2           32777.09        33877.09        1100.00        
  19       2               离散机1            33877.09        35028.09        1151.00        
  19       3               离散机5            35454.09        36475.09        1021.00        
  19       4               离散机2            36475.09        37433.09        958.00         
  19       5               离散机2            39704.09        40786.09        1082.00        
  19       6               离散机1            40786.09        42564.09        1778.00        
  19       7               离散机1            42564.09        44007.09        1443.00        

【机器加工顺序记录】
----------------------------------------------------------------------------------------------------

打印机1:
工件号      工序号             开始时间            结束时间            加工时长           
--------------------------------------------------------------------------------
  2        0               0.00            32777.09        32777.09       
  6        0               0.00            32777.09        32777.09       
  7        0               0.00            32777.09        32777.09       
  15       0               0.00            32777.09        32777.09       
  17       0               0.00            32777.09        32777.09       
  18       0               0.00            32777.09        32777.09       
  19       0               0.00            32777.09        32777.09       

  机器利用率: 508.51% (忙碌时间: 229439.60 / 总时间: 45120.09)

打印机2:
工件号      工序号             开始时间            结束时间            加工时长           
--------------------------------------------------------------------------------
  3        0               0.00            22239.73        22239.73       
  4        0               0.00            22239.73        22239.73       
  5        0               0.00            22239.73        22239.73       
  8        0               0.00            22239.73        22239.73       
  9        0               0.00            22239.73        22239.73       
  11       0               0.00            22239.73        22239.73       
  14       0               0.00            22239.73        22239.73       
  16       0               0.00            22239.73        22239.73       

  机器利用率: 394.32% (忙碌时间: 177917.86 / 总时间: 45120.09)

打印机3:
工件号      工序号             开始时间            结束时间            加工时长           
--------------------------------------------------------------------------------
  0        0               0.00            8520.59         8520.59        
  1        0               0.00            8520.59         8520.59        
  10       0               0.00            8520.59         8520.59        
  12       0               0.00            8520.59         8520.59        
  13       0               0.00            8520.59         8520.59        

  机器利用率: 94.42% (忙碌时间: 42602.97 / 总时间: 45120.09)

批处理机1:
工件号      工序号             开始时间            结束时间            加工时长           
--------------------------------------------------------------------------------

  机器利用率: 0.00% (忙碌时间: 0.00 / 总时间: 45120.09)

批处理机2:
工件号      工序号             开始时间            结束时间            加工时长           
--------------------------------------------------------------------------------
  0        1               8520.59         9620.59         1100.00        
  1        1               8520.59         9620.59         1100.00        
  10       1               8520.59         9620.59         1100.00        
  12       1               8520.59         9620.59         1100.00        
  13       1               8520.59         9620.59         1100.00        
  3        1               22239.73        23339.73        1100.00        
  4        1               22239.73        23339.73        1100.00        
  5        1               22239.73        23339.73        1100.00        
  8        1               22239.73        23339.73        1100.00        
  9        1               22239.73        23339.73        1100.00        
  11       1               22239.73        23339.73        1100.00        
  14       1               22239.73        23339.73        1100.00        
  16       1               22239.73        23339.73        1100.00        
  2        1               32777.09        33877.09        1100.00        
  6        1               32777.09        33877.09        1100.00        
  7        1               32777.09        33877.09        1100.00        
  15       1               32777.09        33877.09        1100.00        
  17       1               32777.09        33877.09        1100.00        
  18       1               32777.09        33877.09        1100.00        
  19       1               32777.09        33877.09        1100.00        

  机器利用率: 48.76% (忙碌时间: 22000.00 / 总时间: 45120.09)

离散机1:
工件号      工序号             开始时间            结束时间            加工时长           
--------------------------------------------------------------------------------
  0        2               9620.59         10735.59        1115.00        
  0        3               10735.59        12429.59        1694.00        
  0        4               12429.59        13949.59        1520.00        
  0        5               13949.59        15121.59        1172.00        
  0        6               15121.59        16094.59        973.00         
  10       5               16094.59        17314.59        1220.00        
  10       6               17314.59        18738.59        1424.00        
  10       7               18738.59        19786.59        1048.00        
  9        2               23339.73        24608.73        1269.00        
  14       2               24608.73        25674.73        1066.00        
  8        3               25943.73        26998.73        1055.00        
  4        3               26998.73        28692.73        1694.00        
  5        6               29894.73        31005.73        1111.00        
  8        5               31148.73        32688.73        1540.00        
  11       6               32747.73        33666.73        919.00         
  19       2               33877.09        35028.09        1151.00        
  2        2               35028.09        36595.09        1567.00        
  15       2               36595.09        37999.09        1404.00        
  3        6               37999.09        39590.09        1591.00        
  5        8               39590.09        40572.09        982.00         
  19       6               40786.09        42564.09        1778.00        
  19       7               42564.09        44007.09        1443.00        
  9        9               44007.09        44913.09        906.00         

  机器利用率: 65.70% (忙碌时间: 29642.00 / 总时间: 45120.09)

离散机2:
工件号      工序号             开始时间            结束时间            加工时长           
--------------------------------------------------------------------------------
  12       2               9620.59         11315.59        1695.00        
  13       2               11315.59        12440.59        1125.00        
  1        6               15368.59        16885.59        1517.00        
  11       2               23339.73        24812.73        1473.00        
  4        2               24812.73        25957.73        1145.00        
  16       3               25957.73        27491.73        1534.00        
  16       4               27491.73        28748.73        1257.00        
  3        3               28748.73        30351.73        1603.00        
  9        6               30351.73        31376.73        1025.00        
  3        4               31376.73        32454.73        1078.00        
  4        5               32454.73        33613.73        1159.00        
  17       2               33877.09        35343.09        1466.00        
  11       8               35343.09        36391.09        1048.00        
  19       4               36475.09        37433.09        958.00         
  18       4               37433.09        38474.09        1041.00        
  15       3               38474.09        39704.09        1230.00        
  19       5               39704.09        40786.09        1082.00        
  9        8               40786.09        42120.09        1334.00        
  17       5               42120.09        43440.09        1320.00        
  4        6               43440.09        44932.09        1492.00        

  机器利用率: 56.70% (忙碌时间: 25582.00 / 总时间: 45120.09)

离散机3:
工件号      工序号             开始时间            结束时间            加工时长           
--------------------------------------------------------------------------------
  10       3               10664.59        11804.59        1140.00        
  10       4               11804.59        13184.59        1380.00        
  1        4               13402.59        14355.59        953.00         
  1        8               18217.59        19963.59        1746.00        
  9        3               24608.73        25563.73        955.00         
  14       3               25674.73        27042.73        1368.00        
  14       4               27042.73        28256.73        1214.00        
  16       5               28748.73        29758.73        1010.00        
  4        4               29758.73        30816.73        1058.00        
  5        7               31005.73        32211.73        1206.00        
  9        7               32211.73        33553.73        1342.00        
  11       7               33666.73        34644.73        978.00         
  7        3               35196.09        36342.09        1146.00        
  7        4               36342.09        37536.09        1194.00        
  2        4               38134.09        39375.09        1241.00        
  2        5               39375.09        40514.09        1139.00        
  15       4               40514.09        42234.09        1720.00        
  2        7               42234.09        43697.09        1463.00        
  17       6               43697.09        44952.09        1255.00        

  机器利用率: 52.10% (忙碌时间: 23508.00 / 总时间: 45120.09)

离散机4:
工件号      工序号             开始时间            结束时间            加工时长           
--------------------------------------------------------------------------------
  10       2               9620.59         10664.59        1044.00        
  1        2               10664.59        12113.59        1449.00        
  1        3               12113.59        13402.59        1289.00        
  12       3               13402.59        14715.59        1313.00        
  0        7               16094.59        17555.59        1461.00        
  0        8               17555.59        18779.59        1224.00        
  5        2               23339.73        24256.73        917.00         
  8        2               24256.73        25943.73        1687.00        
  5        3               25943.73        26957.73        1014.00        
  3        2               26957.73        28049.73        1092.00        
  5        5               28739.73        29894.73        1155.00        
  11       4               29894.73        31631.73        1737.00        
  3        5               32454.73        33780.73        1326.00        
  7        2               33877.09        35196.09        1319.00        
  18       3               35454.09        36836.09        1382.00        
  2        3               36836.09        38134.09        1298.00        
  7        5               38134.09        39137.09        1003.00        
  7        6               39137.09        40804.09        1667.00        
  18       6               40804.09        42394.09        1590.00        
  11       9               42394.09        43903.09        1509.00        

  机器利用率: 58.68% (忙碌时间: 26476.00 / 总时间: 45120.09)

离散机5:
工件号      工序号             开始时间            结束时间            加工时长           
--------------------------------------------------------------------------------
  13       3               12440.59        14100.59        1660.00        
  1        5               14355.59        15368.59        1013.00        
  1        7               16885.59        18217.59        1332.00        
  0        9               18779.59        20085.59        1306.00        
  1        9               20085.59        21166.59        1081.00        
  10       8               21166.59        22346.59        1180.00        
  16       2               23339.73        24783.73        1444.00        
  11       3               24812.73        26203.73        1391.00        
  9        4               26203.73        27753.73        1550.00        
  5        4               27753.73        28739.73        986.00         
  9        5               28739.73        29951.73        1212.00        
  8        4               29951.73        31148.73        1197.00        
  11       5               31631.73        32747.73        1116.00        
  16       6               32747.73        33720.73        973.00         
  18       2               33877.09        35454.09        1577.00        
  19       3               35454.09        36475.09        1021.00        
  17       3               36475.09        37832.09        1357.00        
  17       4               37832.09        39433.09        1601.00        
  18       5               39433.09        40529.09        1096.00        
  2        6               40529.09        41684.09        1155.00        
  7        7               41684.09        42989.09        1305.00        
  2        8               43697.09        45120.09        1423.00        

  机器利用率: 62.00% (忙碌时间: 27976.00 / 总时间: 45120.09)

【打印批次详细信息】
----------------------------------------------------------------------------------------------------

打印机 1 (尺寸: 845.0 x 507.0 x 542.0):
--------------------------------------------------------------------------------
  批次 1: 零件数=7, 占用率=52.60%
    - 7: 尺寸 56.0 x 109.0 x 47.0
    - 15: 尺寸 742.0 x 140.0 x 188.0
    - 18: 尺寸 197.0 x 134.0 x 133.0
    - 19: 尺寸 212.0 x 119.0 x 92.0
    - 6: 尺寸 57.0 x 141.0 x 46.0
    - 2: 尺寸 347.0 x 98.0 x 140.0
    - 17: 尺寸 184.0 x 118.0 x 187.0

打印机 2 (尺寸: 833.0 x 577.0 x 594.0):
--------------------------------------------------------------------------------
  批次 1: 零件数=8, 占用率=57.34%
    - 4: 尺寸 170.0 x 137.0 x 29.0
    - 5: 尺寸 100.0 x 89.0 x 64.0
    - 3: 尺寸 547.0 x 155.0 x 80.0
    - 9: 尺寸 111.0 x 180.0 x 90.0
    - 14: 尺寸 159.0 x 81.0 x 15.0
    - 16: 尺寸 317.0 x 183.0 x 84.0
    - 8: 尺寸 85.0 x 119.0 x 26.0
    - 11: 尺寸 179.0 x 322.0 x 91.0

打印机 3 (尺寸: 926.0 x 501.0 x 541.0):
--------------------------------------------------------------------------------
  批次 1: 零件数=5, 占用率=54.28%
    - 13: 尺寸 73.0 x 78.0 x 24.0
    - 0: 尺寸 676.0 x 234.0 x 22.0
    - 12: 尺寸 110.0 x 136.0 x 21.0
    - 10: 尺寸 107.0 x 71.0 x 13.0
    - 1: 尺寸 244.0 x 268.0 x 21.0

════════════════════════════════════════════════════════════════
