════════════════════════════════════════════════════════════════
              最优Cmax解的详细调度记录
════════════════════════════════════════════════════════════════

【基本信息】
----------------------------------------------------------------------------------------------------
Cmax (最大完工时间): 43315.06
能耗: 106.57 kWh
装箱质量: 0.3882
批次总数: 3
工件数量: 10
机器数量: 5 (打印机:2, 批处理机:1, 离散机:2)

【染色体编码】
----------------------------------------------------------------------------------------------------
工序序列 (OS): [5, 2, 8, 1, 3, 7, 0, 4, 9, 6, 1, 2, 2, 6, 6, 1, 3, 6, 2, 4, 0, 6, 1, 4, 1, 2, 3, 4, 4, 3, 3, 7, 6, 7, 0, 4, 0, 6, 2, 2, 2, 5, 6, 6, 4, 1, 1, 0, 1]
机器选择 (MS): [1, 1, 1, 1, 1, 1, 1, 1, 1, 1, 1, 1, 2, 1, 1, 1, 1, 1, 1, 1, 1, 1, 2, 1, 2, 1, 1, 2, 1, 1, 1, 1, 1, 1, 1, 2, 1, 1, 1, 2, 1, 2, 1, 2, 1, 1, 1, 1, 1]

【零件加工顺序记录】
----------------------------------------------------------------------------------------------------
工件号      工序号             机器号             开始时间            结束时间            加工时长           
----------------------------------------------------------------------------------------------------

工件 0:
  0        0               打印机1            19330.52        35949.06        16618.53       
  0        1               批处理机1           35949.06        36888.06        939.00         
  0        2               离散机2            36888.06        38481.06        1593.00        
  0        3               离散机1            38481.06        39513.06        1032.00        
  0        4               离散机2            39513.06        40993.06        1480.00        
  0        5               离散机1            42170.06        43315.06        1145.00        

工件 1:
  1        0               打印机1            0.00            15160.59        15160.59       
  1        1               批处理机1           15160.59        16099.59        939.00         
  1        2               离散机1            16099.59        17436.59        1337.00        
  1        3               离散机2            17436.59        18884.59        1448.00        
  1        4               离散机2            24550.52        26148.52        1598.00        
  1        5               离散机1            26254.52        27407.52        1153.00        
  1        6               离散机2            32572.52        33588.52        1016.00        
  1        7               离散机2            33588.52        35154.52        1566.00        
  1        8               离散机2            35154.52        36671.52        1517.00        

工件 2:
  2        0               打印机1            15160.59        19330.52        4169.93        
  2        1               批处理机1           19330.52        20269.52        939.00         
  2        2               离散机1            20269.52        21452.52        1183.00        
  2        3               离散机2            21452.52        22904.52        1452.00        
  2        4               离散机2            22904.52        24550.52        1646.00        
  2        5               离散机2            26148.52        27802.52        1654.00        
  2        6               离散机1            34421.52        35914.52        1493.00        
  2        7               离散机1            35914.52        37180.52        1266.00        
  2        8               离散机2            38481.06        39428.06        947.00         

工件 3:
  3        0               打印机1            0.00            15160.59        15160.59       
  3        1               批处理机1           15160.59        16099.59        939.00         
  3        2               离散机1            18800.59        19737.59        937.00         
  3        3               离散机2            20290.59        21432.59        1142.00        
  3        4               离散机1            27407.52        28681.52        1274.00        
  3        5               离散机1            28681.52        30293.52        1612.00        

工件 4:
  4        0               打印机1            0.00            15160.59        15160.59       
  4        1               批处理机1           15160.59        16099.59        939.00         
  4        2               离散机1            21452.52        22811.52        1359.00        
  4        3               离散机1            24544.52        26254.52        1710.00        
  4        4               离散机2            27802.52        29147.52        1345.00        
  4        5               离散机2            29147.52        30431.52        1284.00        
  4        6               离散机1            31562.52        33295.52        1733.00        
  4        7               离散机1            41184.06        42170.06        986.00         

工件 5:
  5        0               打印机1            0.00            15160.59        15160.59       
  5        1               批处理机1           15160.59        16099.59        939.00         
  5        2               离散机1            39513.06        41184.06        1671.00        

工件 6:
  6        0               打印机1            0.00            15160.59        15160.59       
  6        1               批处理机1           15160.59        16099.59        939.00         
  6        2               离散机2            16099.59        17368.59        1269.00        
  6        3               离散机1            17436.59        18800.59        1364.00        
  6        4               离散机2            18884.59        20290.59        1406.00        
  6        5               离散机1            22811.52        24544.52        1733.00        
  6        6               离散机2            30431.52        31497.52        1066.00        
  6        7               离散机1            33295.52        34421.52        1126.00        
  6        8               离散机1            37180.52        38169.52        989.00         
  6        9               离散机2            40993.06        42627.06        1634.00        

工件 7:
  7        0               打印机1            0.00            15160.59        15160.59       
  7        1               批处理机1           15160.59        16099.59        939.00         
  7        2               离散机1            30293.52        31562.52        1269.00        
  7        3               离散机2            31562.52        32572.52        1010.00        

工件 8:
  8        0               打印机1            0.00            15160.59        15160.59       
  8        1               批处理机1           15160.59        16099.59        939.00         

工件 9:
  9        0               打印机1            0.00            15160.59        15160.59       
  9        1               批处理机1           15160.59        16099.59        939.00         

【机器加工顺序记录】
----------------------------------------------------------------------------------------------------

打印机1:
工件号      工序号             开始时间            结束时间            加工时长           
--------------------------------------------------------------------------------
  1        0               0.00            15160.59        15160.59       
  3        0               0.00            15160.59        15160.59       
  4        0               0.00            15160.59        15160.59       
  5        0               0.00            15160.59        15160.59       
  6        0               0.00            15160.59        15160.59       
  7        0               0.00            15160.59        15160.59       
  8        0               0.00            15160.59        15160.59       
  9        0               0.00            15160.59        15160.59       
  2        0               15160.59        19330.52        4169.93        
  0        0               19330.52        35949.06        16618.53       

  机器利用率: 328.00% (忙碌时间: 142073.18 / 总时间: 43315.06)

打印机2:
工件号      工序号             开始时间            结束时间            加工时长           
--------------------------------------------------------------------------------

  机器利用率: 0.00% (忙碌时间: 0.00 / 总时间: 43315.06)

批处理机1:
工件号      工序号             开始时间            结束时间            加工时长           
--------------------------------------------------------------------------------
  1        1               15160.59        16099.59        939.00         
  3        1               15160.59        16099.59        939.00         
  4        1               15160.59        16099.59        939.00         
  5        1               15160.59        16099.59        939.00         
  6        1               15160.59        16099.59        939.00         
  7        1               15160.59        16099.59        939.00         
  8        1               15160.59        16099.59        939.00         
  9        1               15160.59        16099.59        939.00         
  2        1               19330.52        20269.52        939.00         
  0        1               35949.06        36888.06        939.00         

  机器利用率: 21.68% (忙碌时间: 9390.00 / 总时间: 43315.06)

离散机1:
工件号      工序号             开始时间            结束时间            加工时长           
--------------------------------------------------------------------------------
  1        2               16099.59        17436.59        1337.00        
  6        3               17436.59        18800.59        1364.00        
  3        2               18800.59        19737.59        937.00         
  2        2               20269.52        21452.52        1183.00        
  4        2               21452.52        22811.52        1359.00        
  6        5               22811.52        24544.52        1733.00        
  4        3               24544.52        26254.52        1710.00        
  1        5               26254.52        27407.52        1153.00        
  3        4               27407.52        28681.52        1274.00        
  3        5               28681.52        30293.52        1612.00        
  7        2               30293.52        31562.52        1269.00        
  4        6               31562.52        33295.52        1733.00        
  6        7               33295.52        34421.52        1126.00        
  2        6               34421.52        35914.52        1493.00        
  2        7               35914.52        37180.52        1266.00        
  6        8               37180.52        38169.52        989.00         
  0        3               38481.06        39513.06        1032.00        
  5        2               39513.06        41184.06        1671.00        
  4        7               41184.06        42170.06        986.00         
  0        5               42170.06        43315.06        1145.00        

  机器利用率: 60.88% (忙碌时间: 26372.00 / 总时间: 43315.06)

离散机2:
工件号      工序号             开始时间            结束时间            加工时长           
--------------------------------------------------------------------------------
  6        2               16099.59        17368.59        1269.00        
  1        3               17436.59        18884.59        1448.00        
  6        4               18884.59        20290.59        1406.00        
  3        3               20290.59        21432.59        1142.00        
  2        3               21452.52        22904.52        1452.00        
  2        4               22904.52        24550.52        1646.00        
  1        4               24550.52        26148.52        1598.00        
  2        5               26148.52        27802.52        1654.00        
  4        4               27802.52        29147.52        1345.00        
  4        5               29147.52        30431.52        1284.00        
  6        6               30431.52        31497.52        1066.00        
  7        3               31562.52        32572.52        1010.00        
  1        6               32572.52        33588.52        1016.00        
  1        7               33588.52        35154.52        1566.00        
  1        8               35154.52        36671.52        1517.00        
  0        2               36888.06        38481.06        1593.00        
  2        8               38481.06        39428.06        947.00         
  0        4               39513.06        40993.06        1480.00        
  6        9               40993.06        42627.06        1634.00        

  机器利用率: 60.19% (忙碌时间: 26073.00 / 总时间: 43315.06)

【打印批次详细信息】
----------------------------------------------------------------------------------------------------

打印机 1 (尺寸: 836.0 x 407.0 x 538.0):
--------------------------------------------------------------------------------
  批次 1: 零件数=8, 占用率=70.55%
    - 5: 尺寸 123.0 x 117.0 x 87.0
    - 1: 尺寸 693.0 x 205.0 x 53.0
    - 7: 尺寸 120.0 x 151.0 x 84.0
    - 8: 尺寸 151.0 x 132.0 x 90.0
    - 3: 尺寸 119.0 x 56.0 x 131.0
    - 4: 尺寸 60.0 x 90.0 x 93.0
    - 9: 尺寸 75.0 x 81.0 x 91.0
    - 6: 尺寸 214.0 x 128.0 x 125.0
  批次 2: 零件数=1, 占用率=32.68%
    - 2: 尺寸 443.0 x 251.0 x 33.0
  批次 3: 零件数=1, 占用率=38.82%
    - 0: 尺寸 514.0 x 257.0 x 144.0

════════════════════════════════════════════════════════════════
