════════════════════════════════════════════════════════════════
              最优Cmax解的详细调度记录
════════════════════════════════════════════════════════════════

【基本信息】
----------------------------------------------------------------------------------------------------
Cmax (最大完工时间): 57821.59
能耗: 576.59 kWh
装箱质量: 0.1968
批次总数: 8
工件数量: 50
机器数量: 14 (打印机:4, 批处理机:2, 离散机:8)

【染色体编码】
----------------------------------------------------------------------------------------------------
工序序列 (OS): [12, 45, 46, 15, 25, 26, 21, 28, 36, 32, 23, 18, 30, 11, 13, 20, 6, 49, 42, 2, 47, 27, 35, 17, 0, 48, 43, 10, 41, 22, 24, 1, 34, 8, 7, 31, 37, 16, 39, 14, 4, 33, 44, 29, 19, 9, 40, 5, 38, 3, 9, 42, 16, 22, 43, 11, 36, 11, 35, 42, 11, 38, 46, 15, 1, 7, 36, 27, 26, 18, 16, 27, 46, 15, 7, 30, 38, 44, 40, 49, 40, 19, 6, 40, 39, 1, 16, 44, 44, 22, 16, 41, 30, 1, 43, 30, 20, 9, 46, 23, 10, 42, 2, 11, 45, 14, 49, 43, 11, 38, 30, 47, 9, 20, 49, 6, 44, 22, 36, 6, 48, 47, 27, 23, 43, 17, 5, 14, 14, 16, 42, 9, 15, 11, 48, 14, 42, 11, 20, 18, 2, 36, 43, 30, 1, 44, 44, 23, 25, 42, 48, 40, 49, 6, 22, 46, 20, 38, 43, 45, 43, 39, 23, 34, 42, 48, 46, 45, 20, 2, 12, 47, 7, 45, 36, 44, 48, 28, 13, 45, 27, 11, 34, 49, 15, 1, 7, 22, 26, 9, 34, 19, 6, 47, 45, 41, 14, 2, 25, 2, 18, 9, 39, 38, 2, 0, 46, 27, 30, 13, 13, 23, 44, 34, 36, 2, 35, 14, 32, 13, 1, 36, 33, 7, 48, 23, 26, 25, 7, 9, 23, 6, 42, 47]
机器选择 (MS): [4, 4, 4, 4, 3, 3, 1, 1, 3, 1, 4, 3, 1, 4, 1, 4, 4, 4, 4, 3, 1, 3, 4, 4, 2, 4, 1, 3, 2, 3, 3, 4, 2, 4, 4, 1, 3, 1, 3, 1, 4, 1, 2, 4, 1, 1, 1, 3, 3, 1, 1, 3, 1, 1, 1, 3, 1, 1, 1, 1, 1, 2, 1, 1, 2, 2, 2, 1, 1, 1, 2, 1, 1, 2, 3, 2, 1, 2, 2, 1, 3, 1, 1, 1, 1, 1, 1, 1, 1, 1, 2, 1, 1, 2, 2, 1, 1, 2, 1, 3, 3, 1, 1, 1, 1, 1, 2, 3, 1, 1, 1, 2, 1, 1, 2, 1, 3, 2, 2, 1, 1, 2, 2, 3, 1, 1, 1, 2, 1, 1, 1, 1, 1, 2, 2, 1, 1, 1, 2, 2, 1, 1, 3, 2, 1, 1, 3, 1, 1, 1, 2, 1, 1, 1, 2, 3, 1, 1, 2, 2, 2, 1, 1, 3, 1, 2, 2, 1, 1, 1, 2, 1, 1, 2, 2, 2, 3, 3, 2, 1, 1, 1, 1, 2, 2, 1, 2, 1, 1, 2, 2, 1, 1, 2, 1, 2, 1, 1, 1, 1, 2, 1, 2, 2, 2, 1, 3, 1, 1, 2, 3, 1, 2, 1, 2, 2, 2, 1, 1, 1, 1, 1, 1, 1, 1, 1, 1, 1, 2, 1, 1, 1, 1, 1]

【零件加工顺序记录】
----------------------------------------------------------------------------------------------------
工件号      工序号             机器号             开始时间            结束时间            加工时长           
----------------------------------------------------------------------------------------------------

工件 0:
  0        0               打印机2            0.00            15445.04        15445.04       
  0        1               批处理机2           15445.04        16280.04        835.00         
  0        2               离散机2            18734.04        19958.04        1224.00        

工件 1:
  1        0               打印机4            0.00            22605.72        22605.72       
  1        1               批处理机2           22605.72        23440.72        835.00         
  1        2               离散机7            24841.72        26392.72        1551.00        
  1        3               离散机2            26392.72        27870.72        1478.00        
  1        4               离散机3            27870.72        29640.72        1770.00        
  1        5               离散机8            30149.72        31735.72        1586.00        
  1        6               离散机7            34277.72        35331.72        1054.00        
  1        7               离散机1            49086.69        50020.69        934.00         

工件 2:
  2        0               打印机3            0.00            39864.37        39864.37       
  2        1               批处理机2           39864.37        40699.37        835.00         
  2        2               离散机4            40699.37        41696.37        997.00         
  2        3               离散机1            43340.37        44808.37        1468.00        
  2        4               离散机2            48390.37        49692.37        1302.00        
  2        5               离散机7            51340.59        52765.59        1425.00        
  2        6               离散机7            52765.59        53907.59        1142.00        
  2        7               离散机1            53907.59        55354.59        1447.00        
  2        8               离散机3            56646.59        57821.59        1175.00        

工件 3:
  3        0               打印机1            0.00            21246.88        21246.88       
  3        1               批处理机2           21246.88        22081.88        835.00         

工件 4:
  4        0               打印机4            0.00            22605.72        22605.72       
  4        1               批处理机2           22605.72        23440.72        835.00         

工件 5:
  5        0               打印机3            0.00            39864.37        39864.37       
  5        1               批处理机2           39864.37        40699.37        835.00         
  5        2               离散机8            40699.37        41639.37        940.00         

工件 6:
  6        0               打印机4            22605.72        43978.69        21372.97       
  6        1               批处理机2           43978.69        44813.69        835.00         
  6        2               离散机5            44813.69        46024.69        1211.00        
  6        3               离散机4            46024.69        47206.69        1182.00        
  6        4               离散机7            47206.69        48311.69        1105.00        
  6        5               离散机4            48311.69        49678.69        1367.00        
  6        6               离散机2            49692.37        51423.37        1731.00        
  6        7               离散机6            54520.59        56038.59        1518.00        

工件 7:
  7        0               打印机4            0.00            22605.72        22605.72       
  7        1               批处理机2           22605.72        23440.72        835.00         
  7        2               离散机6            23440.72        24541.72        1101.00        
  7        3               离散机1            27731.72        29094.72        1363.00        
  7        4               离散机4            30875.72        31992.72        1117.00        
  7        5               离散机7            35331.72        36330.72        999.00         
  7        6               离散机7            36330.72        37395.72        1065.00        
  7        7               离散机5            38977.72        40146.72        1169.00        

工件 8:
  8        0               打印机4            43978.69        45403.38        1424.69        
  8        1               批处理机2           45403.38        46238.38        835.00         

工件 9:
  9        0               打印机1            0.00            21246.88        21246.88       
  9        1               批处理机2           21246.88        22081.88        835.00         
  9        2               离散机5            22081.88        23817.88        1736.00        
  9        3               离散机5            26611.88        27709.88        1098.00        
  9        4               离散机3            31955.72        33086.72        1131.00        
  9        5               离散机6            33086.72        34644.72        1558.00        
  9        6               离散机5            34644.72        36053.72        1409.00        
  9        7               离散机8            36053.72        37851.72        1798.00        
  9        8               离散机2            41685.72        42608.72        923.00         

工件 10:
  10       0               打印机3            0.00            39864.37        39864.37       
  10       1               批处理机2           39864.37        40699.37        835.00         
  10       2               离散机7            43361.37        44682.37        1321.00        

工件 11:
  11       0               打印机4            0.00            22605.72        22605.72       
  11       1               批处理机2           22605.72        23440.72        835.00         
  11       2               离散机8            23440.72        24878.72        1438.00        
  11       3               离散机8            24878.72        26332.72        1454.00        
  11       4               离散机1            26332.72        27731.72        1399.00        
  11       5               离散机3            30602.72        31955.72        1353.00        
  11       6               离散机2            31955.72        33598.72        1643.00        
  11       7               离散机6            34644.72        35595.72        951.00         
  11       8               离散机3            35595.72        37280.72        1685.00        
  11       9               离散机2            37280.72        38987.72        1707.00        

工件 12:
  12       0               打印机4            0.00            22605.72        22605.72       
  12       1               批处理机2           22605.72        23440.72        835.00         
  12       2               离散机8            31735.72        32665.72        930.00         

工件 13:
  13       0               打印机1            0.00            21246.88        21246.88       
  13       1               批处理机2           21246.88        22081.88        835.00         
  13       2               离散机6            22081.88        23167.88        1086.00        
  13       3               离散机2            23167.88        24432.88        1265.00        
  13       4               离散机4            25484.88        26875.88        1391.00        
  13       5               离散机4            31992.72        33457.72        1465.00        

工件 14:
  14       0               打印机1            0.00            21246.88        21246.88       
  14       1               批处理机2           21246.88        22081.88        835.00         
  14       2               离散机3            22081.88        23433.88        1352.00        
  14       3               离散机8            29023.72        30149.72        1126.00        
  14       4               离散机6            30149.72        31587.72        1438.00        
  14       5               离散机7            31587.72        32779.72        1192.00        
  14       6               离散机1            39532.72        40443.72        911.00         
  14       7               离散机4            41696.37        42660.37        964.00         

工件 15:
  15       0               打印机4            22605.72        43978.69        21372.97       
  15       1               批处理机2           43978.69        44813.69        835.00         
  15       2               离散机1            44813.69        46310.69        1497.00        
  15       3               离散机6            46310.69        47957.69        1647.00        
  15       4               离散机7            48311.69        49991.69        1680.00        
  15       5               离散机8            49991.69        51307.69        1316.00        

工件 16:
  16       0               打印机1            21246.88        49552.59        28305.71       
  16       1               批处理机2           49552.59        50387.59        835.00         
  16       2               离散机7            50387.59        51340.59        953.00         
  16       3               离散机3            51340.59        52685.59        1345.00        
  16       4               离散机3            52685.59        54005.59        1320.00        
  16       5               离散机3            54005.59        55441.59        1436.00        
  16       6               离散机3            55441.59        56646.59        1205.00        

工件 17:
  17       0               打印机4            22605.72        43978.69        21372.97       
  17       1               批处理机2           43978.69        44813.69        835.00         
  17       2               离散机4            44813.69        45804.69        991.00         

工件 18:
  18       0               打印机3            0.00            39864.37        39864.37       
  18       1               批处理机2           39864.37        40699.37        835.00         
  18       2               离散机6            43121.37        44223.37        1102.00        
  18       3               离散机2            46620.37        48390.37        1770.00        
  18       4               离散机8            48415.37        49942.37        1527.00        

工件 19:
  19       0               打印机1            0.00            21246.88        21246.88       
  19       1               批处理机2           21246.88        22081.88        835.00         
  19       2               离散机5            25271.88        26611.88        1340.00        
  19       3               离散机3            48553.37        49579.37        1026.00        

工件 20:
  20       0               打印机4            0.00            22605.72        22605.72       
  20       1               批处理机2           22605.72        23440.72        835.00         
  20       2               离散机1            29094.72        30054.72        960.00         
  20       3               离散机1            32402.72        34076.72        1674.00        
  20       4               离散机6            35595.72        36938.72        1343.00        
  20       5               离散机5            36938.72        37880.72        942.00         
  20       6               离散机8            37880.72        39191.72        1311.00        

工件 21:
  21       0               打印机1            0.00            21246.88        21246.88       
  21       1               批处理机2           21246.88        22081.88        835.00         

工件 22:
  22       0               打印机3            0.00            39864.37        39864.37       
  22       1               批处理机2           39864.37        40699.37        835.00         
  22       2               离散机1            40699.37        42354.37        1655.00        
  22       3               离散机1            42354.37        43340.37        986.00         
  22       4               离散机2            43934.37        45013.37        1079.00        
  22       5               离散机6            45013.37        46013.37        1000.00        
  22       6               离散机6            51430.59        53008.59        1578.00        

工件 23:
  23       0               打印机4            0.00            22605.72        22605.72       
  23       1               批处理机2           22605.72        23440.72        835.00         
  23       2               离散机3            25140.72        26326.72        1186.00        
  23       3               离散机1            34076.72        35387.72        1311.00        
  23       4               离散机6            36938.72        37882.72        944.00         
  23       5               离散机6            37882.72        39430.72        1548.00        
  23       6               离散机3            42911.37        43821.37        910.00         
  23       7               离散机8            43821.37        45348.37        1527.00        
  23       8               离散机6            49056.69        50290.69        1234.00        

工件 24:
  24       0               打印机3            39864.37        55262.99        15398.62       
  24       1               批处理机2           55262.99        56097.99        835.00         

工件 25:
  25       0               打印机3            0.00            39864.37        39864.37       
  25       1               批处理机2           39864.37        40699.37        835.00         
  25       2               离散机8            41639.37        42783.37        1144.00        
  25       3               离散机4            49678.69        51163.69        1485.00        
  25       4               离散机6            53008.59        54520.59        1512.00        

工件 26:
  26       0               打印机3            0.00            39864.37        39864.37       
  26       1               批处理机2           39864.37        40699.37        835.00         
  26       2               离散机6            41704.37        43121.37        1417.00        
  26       3               离散机1            46310.69        48104.69        1794.00        
  26       4               离散机5            48268.69        49255.69        987.00         

工件 27:
  27       0               打印机3            0.00            39864.37        39864.37       
  27       1               批处理机2           39864.37        40699.37        835.00         
  27       2               离散机7            41964.37        43361.37        1397.00        
  27       3               离散机4            43361.37        44359.37        998.00         
  27       4               离散机2            45013.37        46620.37        1607.00        
  27       5               离散机5            46965.69        48268.69        1303.00        
  27       6               离散机7            54985.59        56036.59        1051.00        

工件 28:
  28       0               打印机1            0.00            21246.88        21246.88       
  28       1               批处理机2           21246.88        22081.88        835.00         
  28       2               离散机7            22081.88        23140.88        1059.00        

工件 29:
  29       0               打印机4            0.00            22605.72        22605.72       
  29       1               批处理机2           22605.72        23440.72        835.00         

工件 30:
  30       0               打印机1            0.00            21246.88        21246.88       
  30       1               批处理机2           21246.88        22081.88        835.00         
  30       2               离散机1            23269.88        25047.88        1778.00        
  30       3               离散机6            26285.72        27414.72        1129.00        
  30       4               离散机3            29640.72        30602.72        962.00         
  30       5               离散机1            30602.72        32402.72        1800.00        
  30       6               离散机3            38269.72        39202.72        933.00         
  30       7               离散机2            39202.72        40622.72        1420.00        

工件 31:
  31       0               打印机1            21246.88        49552.59        28305.71       
  31       1               批处理机2           49552.59        50387.59        835.00         

工件 32:
  32       0               打印机1            0.00            21246.88        21246.88       
  32       1               批处理机2           21246.88        22081.88        835.00         
  32       2               离散机6            27414.72        28487.72        1073.00        

工件 33:
  33       0               打印机1            0.00            21246.88        21246.88       
  33       1               批处理机2           21246.88        22081.88        835.00         
  33       2               离散机6            28487.72        30128.72        1641.00        

工件 34:
  34       0               打印机2            0.00            15445.04        15445.04       
  34       1               批处理机2           15445.04        16280.04        835.00         
  34       2               离散机1            16280.04        17209.04        929.00         
  34       3               离散机1            17209.04        18771.04        1562.00        
  34       4               离散机6            18771.04        19809.04        1038.00        
  34       5               离散机6            19809.04        21581.04        1772.00        

工件 35:
  35       0               打印机4            0.00            22605.72        22605.72       
  35       1               批处理机2           22605.72        23440.72        835.00         
  35       2               离散机8            26332.72        28006.72        1674.00        
  35       3               离散机5            37880.72        38977.72        1097.00        

工件 36:
  36       0               打印机3            0.00            39864.37        39864.37       
  36       1               批处理机2           39864.37        40699.37        835.00         
  36       2               离散机6            40699.37        41704.37        1005.00        
  36       3               离散机5            41704.37        42617.37        913.00         
  36       4               离散机5            42617.37        44117.37        1500.00        
  36       5               离散机7            44682.37        45891.37        1209.00        
  36       6               离散机5            46024.69        46965.69        941.00         
  36       7               离散机1            48104.69        49086.69        982.00         
  36       8               离散机2            54434.59        55448.59        1014.00        

工件 37:
  37       0               打印机3            0.00            39864.37        39864.37       
  37       1               批处理机2           39864.37        40699.37        835.00         

工件 38:
  38       0               打印机3            0.00            39864.37        39864.37       
  38       1               批处理机2           39864.37        40699.37        835.00         
  38       2               离散机7            40699.37        41964.37        1265.00        
  38       3               离散机3            41964.37        42911.37        947.00         
  38       4               离散机2            42911.37        43934.37        1023.00        
  38       5               离散机3            43934.37        45414.37        1480.00        
  38       6               离散机3            49579.37        50841.37        1262.00        

工件 39:
  39       0               打印机3            0.00            39864.37        39864.37       
  39       1               批处理机2           39864.37        40699.37        835.00         
  39       2               离散机3            40699.37        41892.37        1193.00        
  39       3               离散机7            45891.37        47109.37        1218.00        
  39       4               离散机7            53907.59        54985.59        1078.00        

工件 40:
  40       0               打印机1            0.00            21246.88        21246.88       
  40       1               批处理机2           21246.88        22081.88        835.00         
  40       2               离散机4            22081.88        23072.88        991.00         
  40       3               离散机4            23072.88        24513.88        1441.00        
  40       4               离散机2            24513.88        26096.88        1583.00        
  40       5               离散机4            29586.72        30875.72        1289.00        

工件 41:
  41       0               打印机2            0.00            15445.04        15445.04       
  41       1               批处理机2           15445.04        16280.04        835.00         
  41       2               离散机4            16280.04        17802.04        1522.00        
  41       3               离散机7            17802.04        19401.04        1599.00        

工件 42:
  42       0               打印机4            0.00            22605.72        22605.72       
  42       1               批处理机2           22605.72        23440.72        835.00         
  42       2               离散机7            23440.72        24841.72        1401.00        
  42       3               离散机6            24841.72        26285.72        1444.00        
  42       4               离散机7            28564.72        30094.72        1530.00        
  42       5               离散机2            30094.72        31334.72        1240.00        
  42       6               离散机3            34004.72        35130.72        1126.00        
  42       7               离散机1            35387.72        37137.72        1750.00        
  42       8               离散机3            46952.37        48553.37        1601.00        
  42       9               离散机6            56038.59        57317.59        1279.00        

工件 43:
  43       0               打印机1            0.00            21246.88        21246.88       
  43       1               批处理机2           21246.88        22081.88        835.00         
  43       2               离散机1            22081.88        23269.88        1188.00        
  43       3               离散机7            26392.72        27334.72        942.00         
  43       4               离散机4            27334.72        28577.72        1243.00        
  43       5               离散机5            28577.72        29896.72        1319.00        
  43       6               离散机3            37280.72        38269.72        989.00         
  43       7               离散机3            45414.37        46952.37        1538.00        
  43       8               离散机8            46952.37        48415.37        1463.00        

工件 44:
  44       0               打印机2            0.00            15445.04        15445.04       
  44       1               批处理机2           15445.04        16280.04        835.00         
  44       2               离散机8            16280.04        17298.04        1018.00        
  44       3               离散机2            17298.04        18734.04        1436.00        
  44       4               离散机4            18734.04        20228.04        1494.00        
  44       5               离散机1            20228.04        22019.04        1791.00        
  44       6               离散机5            29896.72        30911.72        1015.00        
  44       7               离散机5            30911.72        32470.72        1559.00        
  44       8               离散机5            32470.72        33738.72        1268.00        
  44       9               离散机2            35189.72        36156.72        967.00         

工件 45:
  45       0               打印机4            0.00            22605.72        22605.72       
  45       1               批处理机2           22605.72        23440.72        835.00         
  45       2               离散机8            28006.72        29023.72        1017.00        
  45       3               离散机2            33598.72        35189.72        1591.00        
  45       4               离散机1            37137.72        38576.72        1439.00        
  45       5               离散机3            39202.72        40555.72        1353.00        
  45       6               离散机6            47957.69        49056.69        1099.00        
  45       7               离散机2            51423.37        52568.37        1145.00        

工件 46:
  46       0               打印机4            0.00            22605.72        22605.72       
  46       1               批处理机2           22605.72        23440.72        835.00         
  46       2               离散机3            23440.72        25140.72        1700.00        
  46       3               离散机1            25140.72        26319.72        1179.00        
  46       4               离散机7            27334.72        28564.72        1230.00        
  46       5               离散机7            30094.72        31282.72        1188.00        
  46       6               离散机7            32779.72        34277.72        1498.00        
  46       7               离散机4            35888.72        37229.72        1341.00        

工件 47:
  47       0               打印机1            21246.88        49552.59        28305.71       
  47       1               批处理机2           49552.59        50387.59        835.00         
  47       2               离散机6            50387.59        51430.59        1043.00        
  47       3               离散机1            51430.59        52660.59        1230.00        
  47       4               离散机2            52660.59        54434.59        1774.00        
  47       5               离散机4            54434.59        55900.59        1466.00        
  47       6               离散机7            56036.59        57036.59        1000.00        

工件 48:
  48       0               打印机4            0.00            22605.72        22605.72       
  48       1               批处理机2           22605.72        23440.72        835.00         
  48       2               离散机4            24513.88        25484.88        971.00         
  48       3               离散机3            26326.72        27810.72        1484.00        
  48       4               离散机4            28577.72        29586.72        1009.00        
  48       5               离散机6            31587.72        32778.72        1191.00        
  48       6               离散机1            38576.72        39532.72        956.00         
  48       7               离散机2            40622.72        41685.72        1063.00        

工件 49:
  49       0               打印机4            0.00            22605.72        22605.72       
  49       1               批处理机2           22605.72        23440.72        835.00         
  49       2               离散机5            23817.88        25271.88        1454.00        
  49       3               离散机2            27870.72        29227.72        1357.00        
  49       4               离散机3            33086.72        34004.72        918.00         
  49       5               离散机8            34004.72        34963.72        959.00         
  49       6               离散机4            34963.72        35888.72        925.00         

【机器加工顺序记录】
----------------------------------------------------------------------------------------------------

打印机1:
工件号      工序号             开始时间            结束时间            加工时长           
--------------------------------------------------------------------------------
  3        0               0.00            21246.88        21246.88       
  9        0               0.00            21246.88        21246.88       
  13       0               0.00            21246.88        21246.88       
  14       0               0.00            21246.88        21246.88       
  19       0               0.00            21246.88        21246.88       
  21       0               0.00            21246.88        21246.88       
  28       0               0.00            21246.88        21246.88       
  30       0               0.00            21246.88        21246.88       
  32       0               0.00            21246.88        21246.88       
  33       0               0.00            21246.88        21246.88       
  40       0               0.00            21246.88        21246.88       
  43       0               0.00            21246.88        21246.88       
  16       0               21246.88        49552.59        28305.71       
  31       0               21246.88        49552.59        28305.71       
  47       0               21246.88        49552.59        28305.71       

  机器利用率: 587.81% (忙碌时间: 339879.71 / 总时间: 57821.59)

打印机2:
工件号      工序号             开始时间            结束时间            加工时长           
--------------------------------------------------------------------------------
  0        0               0.00            15445.04        15445.04       
  34       0               0.00            15445.04        15445.04       
  41       0               0.00            15445.04        15445.04       
  44       0               0.00            15445.04        15445.04       

  机器利用率: 106.85% (忙碌时间: 61780.15 / 总时间: 57821.59)

打印机3:
工件号      工序号             开始时间            结束时间            加工时长           
--------------------------------------------------------------------------------
  2        0               0.00            39864.37        39864.37       
  5        0               0.00            39864.37        39864.37       
  10       0               0.00            39864.37        39864.37       
  18       0               0.00            39864.37        39864.37       
  22       0               0.00            39864.37        39864.37       
  25       0               0.00            39864.37        39864.37       
  26       0               0.00            39864.37        39864.37       
  27       0               0.00            39864.37        39864.37       
  36       0               0.00            39864.37        39864.37       
  37       0               0.00            39864.37        39864.37       
  38       0               0.00            39864.37        39864.37       
  39       0               0.00            39864.37        39864.37       
  24       0               39864.37        55262.99        15398.62       

  机器利用率: 853.96% (忙碌时间: 493771.05 / 总时间: 57821.59)

打印机4:
工件号      工序号             开始时间            结束时间            加工时长           
--------------------------------------------------------------------------------
  1        0               0.00            22605.72        22605.72       
  4        0               0.00            22605.72        22605.72       
  7        0               0.00            22605.72        22605.72       
  11       0               0.00            22605.72        22605.72       
  12       0               0.00            22605.72        22605.72       
  20       0               0.00            22605.72        22605.72       
  23       0               0.00            22605.72        22605.72       
  29       0               0.00            22605.72        22605.72       
  35       0               0.00            22605.72        22605.72       
  42       0               0.00            22605.72        22605.72       
  45       0               0.00            22605.72        22605.72       
  46       0               0.00            22605.72        22605.72       
  48       0               0.00            22605.72        22605.72       
  49       0               0.00            22605.72        22605.72       
  6        0               22605.72        43978.69        21372.97       
  15       0               22605.72        43978.69        21372.97       
  17       0               22605.72        43978.69        21372.97       
  8        0               43978.69        45403.38        1424.69        

  机器利用率: 660.69% (忙碌时间: 382023.72 / 总时间: 57821.59)

批处理机1:
工件号      工序号             开始时间            结束时间            加工时长           
--------------------------------------------------------------------------------

  机器利用率: 0.00% (忙碌时间: 0.00 / 总时间: 57821.59)

批处理机2:
工件号      工序号             开始时间            结束时间            加工时长           
--------------------------------------------------------------------------------
  0        1               15445.04        16280.04        835.00         
  34       1               15445.04        16280.04        835.00         
  41       1               15445.04        16280.04        835.00         
  44       1               15445.04        16280.04        835.00         
  3        1               21246.88        22081.88        835.00         
  9        1               21246.88        22081.88        835.00         
  13       1               21246.88        22081.88        835.00         
  14       1               21246.88        22081.88        835.00         
  19       1               21246.88        22081.88        835.00         
  21       1               21246.88        22081.88        835.00         
  28       1               21246.88        22081.88        835.00         
  30       1               21246.88        22081.88        835.00         
  32       1               21246.88        22081.88        835.00         
  33       1               21246.88        22081.88        835.00         
  40       1               21246.88        22081.88        835.00         
  43       1               21246.88        22081.88        835.00         
  1        1               22605.72        23440.72        835.00         
  4        1               22605.72        23440.72        835.00         
  7        1               22605.72        23440.72        835.00         
  11       1               22605.72        23440.72        835.00         
  12       1               22605.72        23440.72        835.00         
  20       1               22605.72        23440.72        835.00         
  23       1               22605.72        23440.72        835.00         
  29       1               22605.72        23440.72        835.00         
  35       1               22605.72        23440.72        835.00         
  42       1               22605.72        23440.72        835.00         
  45       1               22605.72        23440.72        835.00         
  46       1               22605.72        23440.72        835.00         
  48       1               22605.72        23440.72        835.00         
  49       1               22605.72        23440.72        835.00         
  2        1               39864.37        40699.37        835.00         
  5        1               39864.37        40699.37        835.00         
  10       1               39864.37        40699.37        835.00         
  18       1               39864.37        40699.37        835.00         
  22       1               39864.37        40699.37        835.00         
  25       1               39864.37        40699.37        835.00         
  26       1               39864.37        40699.37        835.00         
  27       1               39864.37        40699.37        835.00         
  36       1               39864.37        40699.37        835.00         
  37       1               39864.37        40699.37        835.00         
  38       1               39864.37        40699.37        835.00         
  39       1               39864.37        40699.37        835.00         
  6        1               43978.69        44813.69        835.00         
  15       1               43978.69        44813.69        835.00         
  17       1               43978.69        44813.69        835.00         
  8        1               45403.38        46238.38        835.00         
  16       1               49552.59        50387.59        835.00         
  31       1               49552.59        50387.59        835.00         
  47       1               49552.59        50387.59        835.00         
  24       1               55262.99        56097.99        835.00         

  机器利用率: 72.20% (忙碌时间: 41750.00 / 总时间: 57821.59)

离散机1:
工件号      工序号             开始时间            结束时间            加工时长           
--------------------------------------------------------------------------------
  34       2               16280.04        17209.04        929.00         
  34       3               17209.04        18771.04        1562.00        
  44       5               20228.04        22019.04        1791.00        
  43       2               22081.88        23269.88        1188.00        
  30       2               23269.88        25047.88        1778.00        
  46       3               25140.72        26319.72        1179.00        
  11       4               26332.72        27731.72        1399.00        
  7        3               27731.72        29094.72        1363.00        
  20       2               29094.72        30054.72        960.00         
  30       5               30602.72        32402.72        1800.00        
  20       3               32402.72        34076.72        1674.00        
  23       3               34076.72        35387.72        1311.00        
  42       7               35387.72        37137.72        1750.00        
  45       4               37137.72        38576.72        1439.00        
  48       6               38576.72        39532.72        956.00         
  14       6               39532.72        40443.72        911.00         
  22       2               40699.37        42354.37        1655.00        
  22       3               42354.37        43340.37        986.00         
  2        3               43340.37        44808.37        1468.00        
  15       2               44813.69        46310.69        1497.00        
  26       3               46310.69        48104.69        1794.00        
  36       7               48104.69        49086.69        982.00         
  1        7               49086.69        50020.69        934.00         
  47       3               51430.59        52660.59        1230.00        
  2        7               53907.59        55354.59        1447.00        

  机器利用率: 58.77% (忙碌时间: 33983.00 / 总时间: 57821.59)

离散机2:
工件号      工序号             开始时间            结束时间            加工时长           
--------------------------------------------------------------------------------
  44       3               17298.04        18734.04        1436.00        
  0        2               18734.04        19958.04        1224.00        
  13       3               23167.88        24432.88        1265.00        
  40       4               24513.88        26096.88        1583.00        
  1        3               26392.72        27870.72        1478.00        
  49       3               27870.72        29227.72        1357.00        
  42       5               30094.72        31334.72        1240.00        
  11       6               31955.72        33598.72        1643.00        
  45       3               33598.72        35189.72        1591.00        
  44       9               35189.72        36156.72        967.00         
  11       9               37280.72        38987.72        1707.00        
  30       7               39202.72        40622.72        1420.00        
  48       7               40622.72        41685.72        1063.00        
  9        8               41685.72        42608.72        923.00         
  38       4               42911.37        43934.37        1023.00        
  22       4               43934.37        45013.37        1079.00        
  27       4               45013.37        46620.37        1607.00        
  18       3               46620.37        48390.37        1770.00        
  2        4               48390.37        49692.37        1302.00        
  6        6               49692.37        51423.37        1731.00        
  45       7               51423.37        52568.37        1145.00        
  47       4               52660.59        54434.59        1774.00        
  36       8               54434.59        55448.59        1014.00        

  机器利用率: 54.20% (忙碌时间: 31342.00 / 总时间: 57821.59)

离散机3:
工件号      工序号             开始时间            结束时间            加工时长           
--------------------------------------------------------------------------------
  14       2               22081.88        23433.88        1352.00        
  46       2               23440.72        25140.72        1700.00        
  23       2               25140.72        26326.72        1186.00        
  48       3               26326.72        27810.72        1484.00        
  1        4               27870.72        29640.72        1770.00        
  30       4               29640.72        30602.72        962.00         
  11       5               30602.72        31955.72        1353.00        
  9        4               31955.72        33086.72        1131.00        
  49       4               33086.72        34004.72        918.00         
  42       6               34004.72        35130.72        1126.00        
  11       8               35595.72        37280.72        1685.00        
  43       6               37280.72        38269.72        989.00         
  30       6               38269.72        39202.72        933.00         
  45       5               39202.72        40555.72        1353.00        
  39       2               40699.37        41892.37        1193.00        
  38       3               41964.37        42911.37        947.00         
  23       6               42911.37        43821.37        910.00         
  38       5               43934.37        45414.37        1480.00        
  43       7               45414.37        46952.37        1538.00        
  42       8               46952.37        48553.37        1601.00        
  19       3               48553.37        49579.37        1026.00        
  38       6               49579.37        50841.37        1262.00        
  16       3               51340.59        52685.59        1345.00        
  16       4               52685.59        54005.59        1320.00        
  16       5               54005.59        55441.59        1436.00        
  16       6               55441.59        56646.59        1205.00        
  2        8               56646.59        57821.59        1175.00        

  机器利用率: 59.46% (忙碌时间: 34380.00 / 总时间: 57821.59)

离散机4:
工件号      工序号             开始时间            结束时间            加工时长           
--------------------------------------------------------------------------------
  41       2               16280.04        17802.04        1522.00        
  44       4               18734.04        20228.04        1494.00        
  40       2               22081.88        23072.88        991.00         
  40       3               23072.88        24513.88        1441.00        
  48       2               24513.88        25484.88        971.00         
  13       4               25484.88        26875.88        1391.00        
  43       4               27334.72        28577.72        1243.00        
  48       4               28577.72        29586.72        1009.00        
  40       5               29586.72        30875.72        1289.00        
  7        4               30875.72        31992.72        1117.00        
  13       5               31992.72        33457.72        1465.00        
  49       6               34963.72        35888.72        925.00         
  46       7               35888.72        37229.72        1341.00        
  2        2               40699.37        41696.37        997.00         
  14       7               41696.37        42660.37        964.00         
  27       3               43361.37        44359.37        998.00         
  17       2               44813.69        45804.69        991.00         
  6        3               46024.69        47206.69        1182.00        
  6        5               48311.69        49678.69        1367.00        
  25       3               49678.69        51163.69        1485.00        
  47       5               54434.59        55900.59        1466.00        

  机器利用率: 44.36% (忙碌时间: 25649.00 / 总时间: 57821.59)

离散机5:
工件号      工序号             开始时间            结束时间            加工时长           
--------------------------------------------------------------------------------
  9        2               22081.88        23817.88        1736.00        
  49       2               23817.88        25271.88        1454.00        
  19       2               25271.88        26611.88        1340.00        
  9        3               26611.88        27709.88        1098.00        
  43       5               28577.72        29896.72        1319.00        
  44       6               29896.72        30911.72        1015.00        
  44       7               30911.72        32470.72        1559.00        
  44       8               32470.72        33738.72        1268.00        
  9        6               34644.72        36053.72        1409.00        
  20       5               36938.72        37880.72        942.00         
  35       3               37880.72        38977.72        1097.00        
  7        7               38977.72        40146.72        1169.00        
  36       3               41704.37        42617.37        913.00         
  36       4               42617.37        44117.37        1500.00        
  6        2               44813.69        46024.69        1211.00        
  36       6               46024.69        46965.69        941.00         
  27       5               46965.69        48268.69        1303.00        
  26       4               48268.69        49255.69        987.00         

  机器利用率: 38.50% (忙碌时间: 22261.00 / 总时间: 57821.59)

离散机6:
工件号      工序号             开始时间            结束时间            加工时长           
--------------------------------------------------------------------------------
  34       4               18771.04        19809.04        1038.00        
  34       5               19809.04        21581.04        1772.00        
  13       2               22081.88        23167.88        1086.00        
  7        2               23440.72        24541.72        1101.00        
  42       3               24841.72        26285.72        1444.00        
  30       3               26285.72        27414.72        1129.00        
  32       2               27414.72        28487.72        1073.00        
  33       2               28487.72        30128.72        1641.00        
  14       4               30149.72        31587.72        1438.00        
  48       5               31587.72        32778.72        1191.00        
  9        5               33086.72        34644.72        1558.00        
  11       7               34644.72        35595.72        951.00         
  20       4               35595.72        36938.72        1343.00        
  23       4               36938.72        37882.72        944.00         
  23       5               37882.72        39430.72        1548.00        
  36       2               40699.37        41704.37        1005.00        
  26       2               41704.37        43121.37        1417.00        
  18       2               43121.37        44223.37        1102.00        
  22       5               45013.37        46013.37        1000.00        
  15       3               46310.69        47957.69        1647.00        
  45       6               47957.69        49056.69        1099.00        
  23       8               49056.69        50290.69        1234.00        
  47       2               50387.59        51430.59        1043.00        
  22       6               51430.59        53008.59        1578.00        
  25       4               53008.59        54520.59        1512.00        
  6        7               54520.59        56038.59        1518.00        
  42       9               56038.59        57317.59        1279.00        

  机器利用率: 60.00% (忙碌时间: 34691.00 / 总时间: 57821.59)

离散机7:
工件号      工序号             开始时间            结束时间            加工时长           
--------------------------------------------------------------------------------
  41       3               17802.04        19401.04        1599.00        
  28       2               22081.88        23140.88        1059.00        
  42       2               23440.72        24841.72        1401.00        
  1        2               24841.72        26392.72        1551.00        
  43       3               26392.72        27334.72        942.00         
  46       4               27334.72        28564.72        1230.00        
  42       4               28564.72        30094.72        1530.00        
  46       5               30094.72        31282.72        1188.00        
  14       5               31587.72        32779.72        1192.00        
  46       6               32779.72        34277.72        1498.00        
  1        6               34277.72        35331.72        1054.00        
  7        5               35331.72        36330.72        999.00         
  7        6               36330.72        37395.72        1065.00        
  38       2               40699.37        41964.37        1265.00        
  27       2               41964.37        43361.37        1397.00        
  10       2               43361.37        44682.37        1321.00        
  36       5               44682.37        45891.37        1209.00        
  39       3               45891.37        47109.37        1218.00        
  6        4               47206.69        48311.69        1105.00        
  15       4               48311.69        49991.69        1680.00        
  16       2               50387.59        51340.59        953.00         
  2        5               51340.59        52765.59        1425.00        
  2        6               52765.59        53907.59        1142.00        
  39       4               53907.59        54985.59        1078.00        
  27       6               54985.59        56036.59        1051.00        
  47       6               56036.59        57036.59        1000.00        

  机器利用率: 55.61% (忙碌时间: 32152.00 / 总时间: 57821.59)

离散机8:
工件号      工序号             开始时间            结束时间            加工时长           
--------------------------------------------------------------------------------
  44       2               16280.04        17298.04        1018.00        
  11       2               23440.72        24878.72        1438.00        
  11       3               24878.72        26332.72        1454.00        
  35       2               26332.72        28006.72        1674.00        
  45       2               28006.72        29023.72        1017.00        
  14       3               29023.72        30149.72        1126.00        
  1        5               30149.72        31735.72        1586.00        
  12       2               31735.72        32665.72        930.00         
  49       5               34004.72        34963.72        959.00         
  9        7               36053.72        37851.72        1798.00        
  20       6               37880.72        39191.72        1311.00        
  5        2               40699.37        41639.37        940.00         
  25       2               41639.37        42783.37        1144.00        
  23       7               43821.37        45348.37        1527.00        
  43       8               46952.37        48415.37        1463.00        
  18       4               48415.37        49942.37        1527.00        
  15       5               49991.69        51307.69        1316.00        

  机器利用率: 38.44% (忙碌时间: 22228.00 / 总时间: 57821.59)

【打印批次详细信息】
----------------------------------------------------------------------------------------------------

打印机 1 (尺寸: 1061.0 x 460.0 x 511.0):
--------------------------------------------------------------------------------
  批次 1: 零件数=12, 占用率=72.91%
    - 21: 尺寸 200.0 x 92.0 x 13.0
    - 28: 尺寸 207.0 x 159.0 x 88.0
    - 13: 尺寸 636.0 x 152.0 x 46.0
    - 32: 尺寸 117.0 x 87.0 x 57.0
    - 43: 尺寸 76.0 x 69.0 x 28.0
    - 30: 尺寸 51.0 x 57.0 x 63.0
    - 3: 尺寸 550.0 x 193.0 x 83.0
    - 19: 尺寸 255.0 x 86.0 x 76.0
    - 40: 尺寸 64.0 x 124.0 x 42.0
    - 14: 尺寸 129.0 x 111.0 x 73.0
    - 33: 尺寸 112.0 x 98.0 x 19.0
    - 9: 尺寸 137.0 x 206.0 x 68.0
  批次 2: 零件数=3, 占用率=69.32%
    - 47: 尺寸 555.0 x 334.0 x 118.0
    - 31: 尺寸 359.0 x 232.0 x 75.0
    - 16: 尺寸 438.0 x 159.0 x 84.0

打印机 2 (尺寸: 1102.0 x 487.0 x 623.0):
--------------------------------------------------------------------------------
  批次 1: 零件数=4, 占用率=59.68%
    - 0: 尺寸 60.0 x 69.0 x 11.0
    - 41: 尺寸 444.0 x 226.0 x 15.0
    - 34: 尺寸 151.0 x 136.0 x 15.0
    - 44: 尺寸 632.0 x 309.0 x 29.0

打印机 3 (尺寸: 977.0 x 403.0 x 687.0):
--------------------------------------------------------------------------------
  批次 1: 零件数=12, 占用率=76.19%
    - 25: 尺寸 105.0 x 80.0 x 86.0
    - 27: 尺寸 113.0 x 80.0 x 151.0
    - 26: 尺寸 371.0 x 137.0 x 62.0
    - 36: 尺寸 288.0 x 192.0 x 89.0
    - 2: 尺寸 71.0 x 197.0 x 91.0
    - 10: 尺寸 79.0 x 140.0 x 32.0
    - 39: 尺寸 134.0 x 243.0 x 70.0
    - 18: 尺寸 284.0 x 172.0 x 110.0
    - 22: 尺寸 59.0 x 130.0 x 135.0
    - 37: 尺寸 54.0 x 158.0 x 89.0
    - 5: 尺寸 145.0 x 86.0 x 67.0
    - 38: 尺寸 480.0 x 86.0 x 105.0
  批次 2: 零件数=1, 占用率=19.68%
    - 24: 尺寸 310.0 x 250.0 x 57.0

打印机 4 (尺寸: 1162.0 x 485.0 x 618.0):
--------------------------------------------------------------------------------
  批次 1: 零件数=14, 占用率=91.26%
    - 12: 尺寸 138.0 x 94.0 x 44.0
    - 45: 尺寸 160.0 x 143.0 x 116.0
    - 46: 尺寸 463.0 x 229.0 x 199.0
    - 48: 尺寸 362.0 x 158.0 x 102.0
    - 20: 尺寸 136.0 x 185.0 x 179.0
    - 7: 尺寸 153.0 x 146.0 x 90.0
    - 23: 尺寸 263.0 x 91.0 x 136.0
    - 29: 尺寸 93.0 x 90.0 x 92.0
    - 49: 尺寸 476.0 x 230.0 x 168.0
    - 35: 尺寸 74.0 x 147.0 x 98.0
    - 11: 尺寸 255.0 x 222.0 x 86.0
    - 1: 尺寸 108.0 x 197.0 x 87.0
    - 42: 尺寸 183.0 x 168.0 x 70.0
    - 4: 尺寸 98.0 x 66.0 x 169.0
  批次 2: 零件数=3, 占用率=68.86%
    - 15: 尺寸 561.0 x 343.0 x 127.0
    - 6: 尺寸 501.0 x 339.0 x 185.0
    - 17: 尺寸 183.0 x 141.0 x 188.0
  批次 3: 零件数=1, 占用率=23.37%
    - 8: 尺寸 451.0 x 292.0 x 10.0

════════════════════════════════════════════════════════════════
