================================================================================
                          实验结果报告
================================================================================
实验配置: GA-TS - 外层GA+内层禁忌搜索
算例名称: 2M20J-01
实验次数: 第 6 次
实验时间: 2026-02-06 11:48:36

【算法参数】
  最大迭代次数: 10000
  种群规模: 100
  变异率: 0.2
  交叉率: 0.8


================================================================================
                          最终实验结果
================================================================================
最优Cmax: 154435.50
运行时间: 300004 ms (300.00 秒)
终止代数: 36911

【收敛曲线数据】
代数	Cmax
1	198038.25
51	162271.00
101	158731.00
151	158731.00
201	158731.00
251	158731.00
301	158731.00
351	156135.00
401	156135.00
451	156135.00
501	156135.00
551	156135.00
601	156135.00
651	156135.00
701	156135.00
751	156135.00
801	156135.00
851	156135.00
901	156135.00
951	156135.00
1001	156135.00
1051	156135.00
1101	156135.00
1151	156135.00
1201	156135.00
1251	156135.00
1301	156135.00
1351	156135.00
1401	156135.00
1451	156135.00
1501	156135.00
1551	156135.00
1601	156135.00
1651	156135.00
1701	156135.00
1751	156135.00
1801	156135.00
1851	156135.00
1901	156135.00
1951	156135.00
2001	156135.00
2051	156135.00
2101	156135.00
2151	156135.00
2201	156135.00
2251	156135.00
2301	156135.00
2351	156135.00
2401	156135.00
2451	156135.00
2501	156135.00
2551	156135.00
2601	156135.00
2651	156135.00
2701	156135.00
2751	156135.00
2801	156135.00
2851	156135.00
2901	156135.00
2951	156135.00
3001	156135.00
3051	156135.00
3101	156135.00
3151	156135.00
3201	156135.00
3251	156135.00
3301	156135.00
3351	156135.00
3401	156135.00
3451	156135.00
3501	156135.00
3551	156135.00
3601	156135.00
3651	156135.00
3701	156135.00
3751	156135.00
3801	156135.00
3851	156135.00
3901	156135.00
3951	156135.00
4001	156135.00
4051	156135.00
4101	156135.00
4151	156135.00
4201	156135.00
4251	156135.00
4301	156135.00
4351	156135.00
4401	156135.00
4451	156135.00
4501	156135.00
4551	156135.00
4601	156135.00
4651	156135.00
4701	156135.00
4751	156135.00
4801	156135.00
4851	156135.00
4901	156135.00
4951	156135.00
5001	156135.00
5051	156135.00
5101	156135.00
5151	156135.00
5201	156135.00
5251	156135.00
5301	156135.00
5351	156135.00
5401	156135.00
5451	156135.00
5501	156135.00
5551	156135.00
5601	156135.00
5651	156135.00
5701	156135.00
5751	156135.00
5801	156135.00
5851	156135.00
5901	156135.00
5951	156135.00
6001	156135.00
6051	156135.00
6101	156135.00
6151	156135.00
6201	156135.00
6251	156135.00
6301	156135.00
6351	156135.00
6401	156135.00
6451	156135.00
6501	156135.00
6551	156135.00
6601	156135.00
6651	156135.00
6701	156135.00
6751	156135.00
6801	156135.00
6851	156135.00
6901	156135.00
6951	156135.00
7001	156135.00
7051	156135.00
7101	156135.00
7151	156135.00
7201	156135.00
7251	156135.00
7301	156135.00
7351	156135.00
7401	156135.00
7451	156135.00
7501	156135.00
7551	156135.00
7601	156135.00
7651	156135.00
7701	156135.00
7751	156135.00
7801	156135.00
7851	156135.00
7901	156135.00
7951	156135.00
8001	156135.00
8051	156135.00
8101	156135.00
8151	156135.00
8201	156135.00
8251	156135.00
8301	156135.00
8351	156135.00
8401	156135.00
8451	156135.00
8501	156135.00
8551	156135.00
8601	156135.00
8651	156135.00
8701	156135.00
8751	156135.00
8801	156135.00
8851	156135.00
8901	154435.50
8951	154435.50
9001	154435.50
9051	154435.50
9101	154435.50
9151	154435.50
9201	154435.50
9251	154435.50
9301	154435.50
9351	154435.50
9401	154435.50
9451	154435.50
9501	154435.50
9551	154435.50
9601	154435.50
9651	154435.50
9701	154435.50
9751	154435.50
9801	154435.50
9851	154435.50
9901	154435.50
9951	154435.50
10001	154435.50
10051	154435.50
10101	154435.50
10151	154435.50
10201	154435.50
10251	154435.50
10301	154435.50
10351	154435.50
10401	154435.50
10451	154435.50
10501	154435.50
10551	154435.50
10601	154435.50
10651	154435.50
10701	154435.50
10751	154435.50
10801	154435.50
10851	154435.50
10901	154435.50
10951	154435.50
11001	154435.50
11051	154435.50
11101	154435.50
11151	154435.50
11201	154435.50
11251	154435.50
11301	154435.50
11351	154435.50
11401	154435.50
11451	154435.50
11501	154435.50
11551	154435.50
11601	154435.50
11651	154435.50
11701	154435.50
11751	154435.50
11801	154435.50
11851	154435.50
11901	154435.50
11951	154435.50
12001	154435.50
12051	154435.50
12101	154435.50
12151	154435.50
12201	154435.50
12251	154435.50
12301	154435.50
12351	154435.50
12401	154435.50
12451	154435.50
12501	154435.50
12551	154435.50
12601	154435.50
12651	154435.50
12701	154435.50
12751	154435.50
12801	154435.50
12851	154435.50
12901	154435.50
12951	154435.50
13001	154435.50
13051	154435.50
13101	154435.50
13151	154435.50
13201	154435.50
13251	154435.50
13301	154435.50
13351	154435.50
13401	154435.50
13451	154435.50
13501	154435.50
13551	154435.50
13601	154435.50
13651	154435.50
13701	154435.50
13751	154435.50
13801	154435.50
13851	154435.50
13901	154435.50
13951	154435.50
14001	154435.50
14051	154435.50
14101	154435.50
14151	154435.50
14201	154435.50
14251	154435.50
14301	154435.50
14351	154435.50
14401	154435.50
14451	154435.50
14501	154435.50
14551	154435.50
14601	154435.50
14651	154435.50
14701	154435.50
14751	154435.50
14801	154435.50
14851	154435.50
14901	154435.50
14951	154435.50
15001	154435.50
15051	154435.50
15101	154435.50
15151	154435.50
15201	154435.50
15251	154435.50
15301	154435.50
15351	154435.50
15401	154435.50
15451	154435.50
15501	154435.50
15551	154435.50
15601	154435.50
15651	154435.50
15701	154435.50
15751	154435.50
15801	154435.50
15851	154435.50
15901	154435.50
15951	154435.50
16001	154435.50
16051	154435.50
16101	154435.50
16151	154435.50
16201	154435.50
16251	154435.50
16301	154435.50
16351	154435.50
16401	154435.50
16451	154435.50
16501	154435.50
16551	154435.50
16601	154435.50
16651	154435.50
16701	154435.50
16751	154435.50
16801	154435.50
16851	154435.50
16901	154435.50
16951	154435.50
17001	154435.50
17051	154435.50
17101	154435.50
17151	154435.50
17201	154435.50
17251	154435.50
17301	154435.50
17351	154435.50
17401	154435.50
17451	154435.50
17501	154435.50
17551	154435.50
17601	154435.50
17651	154435.50
17701	154435.50
17751	154435.50
17801	154435.50
17851	154435.50
17901	154435.50
17951	154435.50
18001	154435.50
18051	154435.50
18101	154435.50
18151	154435.50
18201	154435.50
18251	154435.50
18301	154435.50
18351	154435.50
18401	154435.50
18451	154435.50
18501	154435.50
18551	154435.50
18601	154435.50
18651	154435.50
18701	154435.50
18751	154435.50
18801	154435.50
18851	154435.50
18901	154435.50
18951	154435.50
19001	154435.50
19051	154435.50
19101	154435.50
19151	154435.50
19201	154435.50
19251	154435.50
19301	154435.50
19351	154435.50
19401	154435.50
19451	154435.50
19501	154435.50
19551	154435.50
19601	154435.50
19651	154435.50
19701	154435.50
19751	154435.50
19801	154435.50
19851	154435.50
19901	154435.50
19951	154435.50
20001	154435.50
20051	154435.50
20101	154435.50
20151	154435.50
20201	154435.50
20251	154435.50
20301	154435.50
20351	154435.50
20401	154435.50
20451	154435.50
20501	154435.50
20551	154435.50
20601	154435.50
20651	154435.50
20701	154435.50
20751	154435.50
20801	154435.50
20851	154435.50
20901	154435.50
20951	154435.50
21001	154435.50
21051	154435.50
21101	154435.50
21151	154435.50
21201	154435.50
21251	154435.50
21301	154435.50
21351	154435.50
21401	154435.50
21451	154435.50
21501	154435.50
21551	154435.50
21601	154435.50
21651	154435.50
21701	154435.50
21751	154435.50
21801	154435.50
21851	154435.50
21901	154435.50
21951	154435.50
22001	154435.50
22051	154435.50
22101	154435.50
22151	154435.50
22201	154435.50
22251	154435.50
22301	154435.50
22351	154435.50
22401	154435.50
22451	154435.50
22501	154435.50
22551	154435.50
22601	154435.50
22651	154435.50
22701	154435.50
22751	154435.50
22801	154435.50
22851	154435.50
22901	154435.50
22951	154435.50
23001	154435.50
23051	154435.50
23101	154435.50
23151	154435.50
23201	154435.50
23251	154435.50
23301	154435.50
23351	154435.50
23401	154435.50
23451	154435.50
23501	154435.50
23551	154435.50
23601	154435.50
23651	154435.50
23701	154435.50
23751	154435.50
23801	154435.50
23851	154435.50
23901	154435.50
23951	154435.50
24001	154435.50
24051	154435.50
24101	154435.50
24151	154435.50
24201	154435.50
24251	154435.50
24301	154435.50
24351	154435.50
24401	154435.50
24451	154435.50
24501	154435.50
24551	154435.50
24601	154435.50
24651	154435.50
24701	154435.50
24751	154435.50
24801	154435.50
24851	154435.50
24901	154435.50
24951	154435.50
25001	154435.50
25051	154435.50
25101	154435.50
25151	154435.50
25201	154435.50
25251	154435.50
25301	154435.50
25351	154435.50
25401	154435.50
25451	154435.50
25501	154435.50
25551	154435.50
25601	154435.50
25651	154435.50
25701	154435.50
25751	154435.50
25801	154435.50
25851	154435.50
25901	154435.50
25951	154435.50
26001	154435.50
26051	154435.50
26101	154435.50
26151	154435.50
26201	154435.50
26251	154435.50
26301	154435.50
26351	154435.50
26401	154435.50
26451	154435.50
26501	154435.50
26551	154435.50
26601	154435.50
26651	154435.50
26701	154435.50
26751	154435.50
26801	154435.50
26851	154435.50
26901	154435.50
26951	154435.50
27001	154435.50
27051	154435.50
27101	154435.50
27151	154435.50
27201	154435.50
27251	154435.50
27301	154435.50
27351	154435.50
27401	154435.50
27451	154435.50
27501	154435.50
27551	154435.50
27601	154435.50
27651	154435.50
27701	154435.50
27751	154435.50
27801	154435.50
27851	154435.50
27901	154435.50
27951	154435.50
28001	154435.50
28051	154435.50
28101	154435.50
28151	154435.50
28201	154435.50
28251	154435.50
28301	154435.50
28351	154435.50
28401	154435.50
28451	154435.50
28501	154435.50
28551	154435.50
28601	154435.50
28651	154435.50
28701	154435.50
28751	154435.50
28801	154435.50
28851	154435.50
28901	154435.50
28951	154435.50
29001	154435.50
29051	154435.50
29101	154435.50
29151	154435.50
29201	154435.50
29251	154435.50
29301	154435.50
29351	154435.50
29401	154435.50
29451	154435.50
29501	154435.50
29551	154435.50
29601	154435.50
29651	154435.50
29701	154435.50
29751	154435.50
29801	154435.50
29851	154435.50
29901	154435.50
29951	154435.50
30001	154435.50
30051	154435.50
30101	154435.50
30151	154435.50
30201	154435.50
30251	154435.50
30301	154435.50
30351	154435.50
30401	154435.50
30451	154435.50
30501	154435.50
30551	154435.50
30601	154435.50
30651	154435.50
30701	154435.50
30751	154435.50
30801	154435.50
30851	154435.50
30901	154435.50
30951	154435.50
31001	154435.50
31051	154435.50
31101	154435.50
31151	154435.50
31201	154435.50
31251	154435.50
31301	154435.50
31351	154435.50
31401	154435.50
31451	154435.50
31501	154435.50
31551	154435.50
31601	154435.50
31651	154435.50
31701	154435.50
31751	154435.50
31801	154435.50
31851	154435.50
31901	154435.50
31951	154435.50
32001	154435.50
32051	154435.50
32101	154435.50
32151	154435.50
32201	154435.50
32251	154435.50
32301	154435.50
32351	154435.50
32401	154435.50
32451	154435.50
32501	154435.50
32551	154435.50
32601	154435.50
32651	154435.50
32701	154435.50
32751	154435.50
32801	154435.50
32851	154435.50
32901	154435.50
32951	154435.50
33001	154435.50
33051	154435.50
33101	154435.50
33151	154435.50
33201	154435.50
33251	154435.50
33301	154435.50
33351	154435.50
33401	154435.50
33451	154435.50
33501	154435.50
33551	154435.50
33601	154435.50
33651	154435.50
33701	154435.50
33751	154435.50
33801	154435.50
33851	154435.50
33901	154435.50
33951	154435.50
34001	154435.50
34051	154435.50
34101	154435.50
34151	154435.50
34201	154435.50
34251	154435.50
34301	154435.50
34351	154435.50
34401	154435.50
34451	154435.50
34501	154435.50
34551	154435.50
34601	154435.50
34651	154435.50
34701	154435.50
34751	154435.50
34801	154435.50
34851	154435.50
34901	154435.50
34951	154435.50
35001	154435.50
35051	154435.50
35101	154435.50
35151	154435.50
35201	154435.50
35251	154435.50
35301	154435.50
35351	154435.50
35401	154435.50
35451	154435.50
35501	154435.50
35551	154435.50
35601	154435.50
35651	154435.50
35701	154435.50
35751	154435.50
35801	154435.50
35851	154435.50
35901	154435.50
35951	154435.50
36001	154435.50
36051	154435.50
36101	154435.50
36151	154435.50
36201	154435.50
36251	154435.50
36301	154435.50
36351	154435.50
36401	154435.50
36451	154435.50
36501	154435.50
36551	154435.50
36601	154435.50
36651	154435.50
36701	154435.50
36751	154435.50
36801	154435.50
36851	154435.50
36901	154435.50
36911	154435.50

✓ 收敛曲线图已生成: 收敛曲线图.png
✓ 甘特图已生成: 甘特图.png
✓ 批次布局图已生成: 批次布局图_machine*_batch*.png (共5个批次)
【批次分配详情】

机器 0:
  批次 1:
    开始时间: 361.00
    结束时间: 60777.00
    加工时间: 60416.00
    零件数量: 4
    利用率: 84.59%
    最大高度: 256.00
    零件: 3, 6, 15, 9

  批次 2:
    开始时间: 61138.00
    结束时间: 117778.00
    加工时间: 56640.00
    零件数量: 3
    利用率: 64.32%
    最大高度: 240.00
    零件: 19, 11, 17

  批次 3:
    开始时间: 118139.00
    结束时间: 153303.00
    加工时间: 35164.00
    零件数量: 3
    利用率: 62.20%
    最大高度: 149.00
    零件: 5, 16, 12

  机器完工时间: 153303.00

机器 1:
  批次 1:
    开始时间: 339.00
    结束时间: 89356.50
    加工时间: 89017.50
    零件数量: 6
    利用率: 90.50%
    最大高度: 286.00
    零件: 10, 8, 14, 4, 7, 2

  批次 2:
    开始时间: 89695.50
    结束时间: 154435.50
    加工时间: 64740.00
    零件数量: 4
    利用率: 83.84%
    最大高度: 208.00
    零件: 18, 20, 13, 1

  机器完工时间: 154435.50


【机器负载统计】
  机器 0: 总加工时间=153303.00, 批次数=3, 零件数=10, 平均利用率=70.37%
  机器 1: 总加工时间=154435.50, 批次数=2, 零件数=10, 平均利用率=87.17%


================================================================================
                         实验结果输出完成
================================================================================

实验文件夹: chapter-1/src/main/output/comparison/2M20J-01/GA-TS_run6_20260206_114836/
包含文件:
  - 实验报告.txt (本文件)
  - 收敛曲线图.png
  - 甘特图.png
  - 批次布局图_machine*_batch*.png (每个批次独立PNG文件)
