════════════════════════════════════════════════════════════════
              最优Cmax解的详细调度记录
════════════════════════════════════════════════════════════════

【基本信息】
----------------------------------------------------------------------------------------------------
Cmax (最大完工时间): 54084.31
能耗: 443.11 kWh
装箱质量: 0.6206
批次总数: 6
工件数量: 50
机器数量: 14 (打印机:4, 批处理机:2, 离散机:8)

【染色体编码】
----------------------------------------------------------------------------------------------------
工序序列 (OS): [46, 17, 6, 4, 1, 49, 14, 37, 22, 15, 21, 47, 27, 48, 24, 29, 39, 2, 30, 42, 31, 19, 45, 23, 33, 0, 44, 20, 41, 10, 43, 38, 16, 40, 13, 3, 9, 28, 26, 5, 35, 32, 11, 36, 8, 7, 34, 25, 18, 12, 44, 36, 2, 39, 2, 10, 14, 7, 49, 27, 38, 38, 15, 11, 6, 46, 43, 20, 39, 22, 14, 48, 27, 23, 9, 12, 30, 45, 11, 11, 11, 7, 9, 35, 49, 38, 0, 46, 27, 18, 42, 19, 25, 9, 42, 23, 43, 1, 44, 32, 40, 20, 30, 23, 9, 36, 16, 26, 47, 1, 46, 7, 44, 9, 16, 40, 22, 39, 2, 15, 1, 43, 11, 34, 42, 6, 48, 23, 18, 15, 33, 46, 27, 14, 2, 1, 14, 17, 36, 2, 41, 42, 42, 22, 42, 48, 7, 44, 45, 20, 45, 48, 34, 47, 38, 6, 49, 44, 11, 1, 46, 23, 6, 9, 49, 30, 23, 25, 14, 27, 49, 35, 45, 48, 36, 20, 48, 42, 22, 40, 16, 43, 30, 34, 13, 45, 6, 30, 36, 25, 13, 7, 44, 7, 13, 5, 47, 15, 13, 16, 43, 43, 22, 47, 44, 28, 44, 11, 18, 46, 6, 40, 42, 36, 20, 1, 41, 38, 34, 45, 11, 9, 16, 47, 14, 26, 2, 2, 43, 26, 30, 19, 23, 36]
机器选择 (MS): [4, 4, 4, 4, 4, 4, 4, 3, 4, 1, 3, 4, 4, 4, 4, 1, 1, 4, 1, 3, 4, 1, 1, 4, 3, 3, 2, 4, 2, 4, 3, 1, 3, 1, 2, 4, 1, 3, 4, 3, 1, 4, 4, 4, 4, 3, 3, 3, 4, 1, 2, 1, 1, 1, 1, 3, 1, 1, 3, 1, 1, 1, 1, 2, 2, 2, 2, 1, 1, 1, 1, 1, 1, 2, 1, 2, 1, 1, 2, 2, 2, 1, 1, 1, 1, 1, 1, 1, 2, 2, 2, 1, 2, 2, 2, 1, 1, 2, 1, 3, 3, 1, 1, 1, 3, 1, 2, 1, 1, 2, 2, 3, 1, 1, 2, 2, 2, 2, 2, 1, 2, 1, 2, 2, 2, 1, 1, 2, 1, 3, 3, 1, 2, 2, 2, 1, 1, 1, 1, 3, 2, 1, 2, 2, 1, 1, 1, 1, 1, 1, 2, 3, 1, 3, 2, 2, 3, 1, 2, 1, 1, 1, 1, 3, 2, 2, 2, 1, 1, 1, 2, 1, 1, 3, 2, 3, 1, 3, 1, 1, 1, 1, 1, 1, 1, 1, 2, 1, 1, 2, 1, 2, 1, 1, 1, 2, 1, 1, 1, 1, 1, 2, 2, 2, 1, 1, 3, 1, 3, 2, 1, 1, 1, 3, 2, 2, 2, 1, 1, 1, 3, 2, 1, 1, 1, 1, 1, 1, 2, 2, 1, 1, 1, 1]

【零件加工顺序记录】
----------------------------------------------------------------------------------------------------
工件号      工序号             机器号             开始时间            结束时间            加工时长           
----------------------------------------------------------------------------------------------------

工件 0:
  0        0               打印机3            0.00            23987.66        23987.66       
  0        1               批处理机2           23987.66        24822.66        835.00         
  0        2               离散机4            26634.72        27698.72        1064.00        

工件 1:
  1        0               打印机4            0.00            22605.72        22605.72       
  1        1               批处理机2           22605.72        23440.72        835.00         
  1        2               离散机5            27306.72        28810.72        1504.00        
  1        3               离散机2            29677.72        31155.72        1478.00        
  1        4               离散机3            34567.35        36337.35        1770.00        
  1        5               离散机8            36337.35        37923.35        1586.00        
  1        6               离散机7            40245.35        41299.35        1054.00        
  1        7               离散机1            50629.31        51563.31        934.00         

工件 2:
  2        0               打印机4            22605.72        41737.31        19131.59       
  2        1               批处理机2           41737.31        42572.31        835.00         
  2        2               离散机4            42572.31        43569.31        997.00         
  2        3               离散机7            43569.31        44701.31        1132.00        
  2        4               离散机2            44858.31        46160.31        1302.00        
  2        5               离散机7            47042.31        48467.31        1425.00        
  2        6               离散机2            48467.31        49720.31        1253.00        
  2        7               离散机1            51563.31        53010.31        1447.00        
  2        8               离散机5            53010.31        54084.31        1074.00        

工件 3:
  3        0               打印机4            41737.31        51343.03        9605.72        
  3        1               批处理机2           51343.03        52178.03        835.00         

工件 4:
  4        0               打印机4            0.00            22605.72        22605.72       
  4        1               批处理机2           22605.72        23440.72        835.00         

工件 5:
  5        0               打印机3            0.00            23987.66        23987.66       
  5        1               批处理机2           23987.66        24822.66        835.00         
  5        2               离散机8            48028.31        48968.31        940.00         

工件 6:
  6        0               打印机4            0.00            22605.72        22605.72       
  6        1               批处理机2           22605.72        23440.72        835.00         
  6        2               离散机5            24959.72        26170.72        1211.00        
  6        3               离散机4            32249.35        33431.35        1182.00        
  6        4               离散机7            34903.35        36008.35        1105.00        
  6        5               离散机4            36953.35        38320.35        1367.00        
  6        6               离散机2            38907.35        40638.35        1731.00        
  6        7               离散机5            46843.35        47905.35        1062.00        

工件 7:
  7        0               打印机3            0.00            23987.66        23987.66       
  7        1               批处理机2           23987.66        24822.66        835.00         
  7        2               离散机6            24822.66        25923.66        1101.00        
  7        3               离散机1            25930.72        27293.72        1363.00        
  7        4               离散机4            28739.72        29856.72        1117.00        
  7        5               离散机1            39382.35        40812.35        1430.00        
  7        6               离散机7            49776.31        50841.31        1065.00        
  7        7               离散机5            50841.31        52010.31        1169.00        

工件 8:
  8        0               打印机4            41737.31        51343.03        9605.72        
  8        1               批处理机2           51343.03        52178.03        835.00         

工件 9:
  9        0               打印机1            0.00            30423.35        30423.35       
  9        1               批处理机2           30423.35        31258.35        835.00         
  9        2               离散机1            31258.35        32896.35        1638.00        
  9        3               离散机5            32896.35        33994.35        1098.00        
  9        4               离散机6            33994.35        35789.35        1795.00        
  9        5               离散机5            35789.35        36995.35        1206.00        
  9        6               离散机5            36995.35        38404.35        1409.00        
  9        7               离散机8            38983.35        40781.35        1798.00        
  9        8               离散机2            52078.31        53001.31        923.00         

工件 10:
  10       0               打印机4            22605.72        41737.31        19131.59       
  10       1               批处理机2           41737.31        42572.31        835.00         
  10       2               离散机7            44701.31        46022.31        1321.00        

工件 11:
  11       0               打印机4            22605.72        41737.31        19131.59       
  11       1               批处理机2           41737.31        42572.31        835.00         
  11       2               离散机8            42572.31        44010.31        1438.00        
  11       3               离散机8            44010.31        45464.31        1454.00        
  11       4               离散机1            45464.31        46863.31        1399.00        
  11       5               离散机4            46863.31        48162.31        1299.00        
  11       6               离散机4            48162.31        49700.31        1538.00        
  11       7               离散机6            49700.31        50651.31        951.00         
  11       8               离散机3            50709.31        52394.31        1685.00        
  11       9               离散机3            52394.31        53939.31        1545.00        

工件 12:
  12       0               打印机1            0.00            30423.35        30423.35       
  12       1               批处理机2           30423.35        31258.35        835.00         
  12       2               离散机8            33745.35        34675.35        930.00         

工件 13:
  13       0               打印机2            0.00            24259.85        24259.85       
  13       1               批处理机1           24259.85        25205.85        946.00         
  13       2               离散机6            25923.66        27009.66        1086.00        
  13       3               离散机2            42136.35        43401.35        1265.00        
  13       4               离散机4            43569.31        44960.31        1391.00        
  13       5               离散机4            44960.31        46425.31        1465.00        

工件 14:
  14       0               打印机4            0.00            22605.72        22605.72       
  14       1               批处理机2           22605.72        23440.72        835.00         
  14       2               离散机3            23440.72        24792.72        1352.00        
  14       3               离散机8            26223.85        27349.85        1126.00        
  14       4               离散机6            28131.66        29569.66        1438.00        
  14       5               离散机7            33711.35        34903.35        1192.00        
  14       6               离散机1            40812.35        41723.35        911.00         
  14       7               离散机4            52916.31        53880.31        964.00         

工件 15:
  15       0               打印机1            0.00            30423.35        30423.35       
  15       1               批处理机2           30423.35        31258.35        835.00         
  15       2               离散机8            31258.35        32500.35        1242.00        
  15       3               离散机6            36918.35        38565.35        1647.00        
  15       4               离散机7            38565.35        40245.35        1680.00        
  15       5               离散机2            49720.31        51111.31        1391.00        

工件 16:
  16       0               打印机3            0.00            23987.66        23987.66       
  16       1               批处理机2           23987.66        24822.66        835.00         
  16       2               离散机7            27012.72        27965.72        953.00         
  16       3               离散机4            29856.72        31071.72        1215.00        
  16       4               离散机5            41458.35        43024.35        1566.00        
  16       5               离散机6            46719.31        47890.31        1171.00        
  16       6               离散机3            48303.31        49508.31        1205.00        

工件 17:
  17       0               打印机4            0.00            22605.72        22605.72       
  17       1               批处理机2           22605.72        23440.72        835.00         
  17       2               离散机4            33431.35        34422.35        991.00         

工件 18:
  18       0               打印机4            22605.72        41737.31        19131.59       
  18       1               批处理机2           41737.31        42572.31        835.00         
  18       2               离散机6            43501.31        44603.31        1102.00        
  18       3               离散机8            45464.31        47069.31        1605.00        
  18       4               离散机6            47890.31        49576.31        1686.00        

工件 19:
  19       0               打印机1            0.00            30423.35        30423.35       
  19       1               批处理机2           30423.35        31258.35        835.00         
  19       2               离散机5            31258.35        32598.35        1340.00        
  19       3               离散机3            43769.35        44795.35        1026.00        

工件 20:
  20       0               打印机4            0.00            22605.72        22605.72       
  20       1               批处理机2           22605.72        23440.72        835.00         
  20       2               离散机1            24970.72        25930.72        960.00         
  20       3               离散机3            27187.66        28306.66        1119.00        
  20       4               离散机3            29790.66        30947.66        1157.00        
  20       5               离散机5            40516.35        41458.35        942.00         
  20       6               离散机4            50625.31        51787.31        1162.00        

工件 21:
  21       0               打印机3            0.00            23987.66        23987.66       
  21       1               批处理机2           23987.66        24822.66        835.00         

工件 22:
  22       0               打印机4            0.00            22605.72        22605.72       
  22       1               批处理机2           22605.72        23440.72        835.00         
  22       2               离散机4            23440.72        24665.72        1225.00        
  22       3               离散机1            27293.72        28279.72        986.00         
  22       4               离散机2            32368.72        33447.72        1079.00        
  22       5               离散机6            39756.35        40756.35        1000.00        
  22       6               离散机6            40756.35        42334.35        1578.00        

工件 23:
  23       0               打印机4            0.00            22605.72        22605.72       
  23       1               批处理机2           22605.72        23440.72        835.00         
  23       2               离散机8            23440.72        24442.72        1002.00        
  23       3               离散机3            25958.66        27187.66        1229.00        
  23       4               离散机6            27187.66        28131.66        944.00         
  23       5               离散机8            29464.85        30824.85        1360.00        
  23       6               离散机3            38943.35        39853.35        910.00         
  23       7               离散机8            40781.35        42308.35        1527.00        
  23       8               离散机6            52454.31        53688.31        1234.00        

工件 24:
  24       0               打印机4            41737.31        51343.03        9605.72        
  24       1               批处理机2           51343.03        52178.03        835.00         

工件 25:
  25       0               打印机3            0.00            23987.66        23987.66       
  25       1               批处理机2           23987.66        24822.66        835.00         
  25       2               离散机8            27349.85        28493.85        1144.00        
  25       3               离散机4            38320.35        39805.35        1485.00        
  25       4               离散机2            40638.35        42136.35        1498.00        

工件 26:
  26       0               打印机4            22605.72        41737.31        19131.59       
  26       1               批处理机2           41737.31        42572.31        835.00         
  26       2               离散机7            46022.31        47042.31        1020.00        
  26       3               离散机5            49041.35        50637.35        1596.00        
  26       4               离散机5            52010.31        52997.31        987.00         

工件 27:
  27       0               打印机4            0.00            22605.72        22605.72       
  27       1               批处理机2           22605.72        23440.72        835.00         
  27       2               离散机5            23440.72        24959.72        1519.00        
  27       3               离散机4            25636.72        26634.72        998.00         
  27       4               离散机2            26634.72        28241.72        1607.00        
  27       5               离散机5            29723.72        31026.72        1303.00        
  27       6               离散机1            41723.35        42767.35        1044.00        

工件 28:
  28       0               打印机3            0.00            23987.66        23987.66       
  28       1               批处理机2           23987.66        24822.66        835.00         
  28       2               离散机7            37506.35        38565.35        1059.00        

工件 29:
  29       0               打印机1            0.00            30423.35        30423.35       
  29       1               批处理机2           30423.35        31258.35        835.00         

工件 30:
  30       0               打印机1            0.00            30423.35        30423.35       
  30       1               批处理机2           30423.35        31258.35        835.00         
  30       2               离散机1            32896.35        34674.35        1778.00        
  30       3               离散机6            35789.35        36918.35        1129.00        
  30       4               离散机3            39853.35        40815.35        962.00         
  30       5               离散机7            48467.31        49776.31        1309.00        
  30       6               离散机3            49776.31        50709.31        933.00         
  30       7               离散机6            50709.31        52454.31        1745.00        

工件 31:
  31       0               打印机4            41737.31        51343.03        9605.72        
  31       1               批处理机2           51343.03        52178.03        835.00         

工件 32:
  32       0               打印机4            22605.72        41737.31        19131.59       
  32       1               批处理机2           41737.31        42572.31        835.00         
  32       2               离散机6            44603.31        45676.31        1073.00        

工件 33:
  33       0               打印机3            0.00            23987.66        23987.66       
  33       1               批处理机2           23987.66        24822.66        835.00         
  33       2               离散机5            33994.35        35533.35        1539.00        

工件 34:
  34       0               打印机3            0.00            23987.66        23987.66       
  34       1               批处理机2           23987.66        24822.66        835.00         
  34       2               离散机8            28493.85        29464.85        971.00         
  34       3               离散机1            29464.85        31026.85        1562.00        
  34       4               离散机6            31026.85        32064.85        1038.00        
  34       5               离散机4            51787.31        52916.31        1129.00        

工件 35:
  35       0               打印机1            0.00            30423.35        30423.35       
  35       1               批处理机2           30423.35        31258.35        835.00         
  35       2               离散机1            34674.35        36102.35        1428.00        
  35       3               离散机5            39419.35        40516.35        1097.00        

工件 36:
  36       0               打印机4            0.00            22605.72        22605.72       
  36       1               批处理机2           22605.72        23440.72        835.00         
  36       2               离散机6            23440.72        24445.72        1005.00        
  36       3               离散机5            28810.72        29723.72        913.00         
  36       4               离散机6            29723.72        30903.72        1180.00        
  36       5               离散机7            41299.35        42508.35        1209.00        
  36       6               离散机5            44343.35        45284.35        941.00         
  36       7               离散机1            49647.31        50629.31        982.00         
  36       8               离散机2            53001.31        54015.31        1014.00        

工件 37:
  37       0               打印机3            0.00            23987.66        23987.66       
  37       1               批处理机2           23987.66        24822.66        835.00         

工件 38:
  38       0               打印机1            0.00            30423.35        30423.35       
  38       1               批处理机2           30423.35        31258.35        835.00         
  38       2               离散机7            31258.35        32523.35        1265.00        
  38       3               离散机3            32523.35        33470.35        947.00         
  38       4               离散机2            33470.35        34493.35        1023.00        
  38       5               离散机3            37463.35        38943.35        1480.00        
  38       6               离散机7            42508.35        43536.35        1028.00        

工件 39:
  39       0               打印机1            0.00            30423.35        30423.35       
  39       1               批处理机2           30423.35        31258.35        835.00         
  39       2               离散机3            31258.35        32451.35        1193.00        
  39       3               离散机8            32500.35        33745.35        1245.00        
  39       4               离散机1            36102.35        37632.35        1530.00        

工件 40:
  40       0               打印机1            0.00            30423.35        30423.35       
  40       1               批处理机2           30423.35        31258.35        835.00         
  40       2               离散机4            31258.35        32249.35        991.00         
  40       3               离散机3            33470.35        34567.35        1097.00        
  40       4               离散机2            37324.35        38907.35        1583.00        
  40       5               离散机4            41146.35        42435.35        1289.00        

工件 41:
  41       0               打印机2            0.00            24259.85        24259.85       
  41       1               批处理机1           24259.85        25205.85        946.00         
  41       2               离散机4            34422.35        35944.35        1522.00        
  41       3               离散机7            50841.31        52440.31        1599.00        

工件 42:
  42       0               打印机3            0.00            23987.66        23987.66       
  42       1               批处理机2           23987.66        24822.66        835.00         
  42       2               离散机5            26170.72        27306.72        1136.00        
  42       3               离散机4            27698.72        28739.72        1041.00        
  42       4               离散机7            29195.72        30725.72        1530.00        
  42       5               离散机2            34493.35        35733.35        1240.00        
  42       6               离散机3            36337.35        37463.35        1126.00        
  42       7               离散机1            37632.35        39382.35        1750.00        
  42       8               离散机3            42168.35        43769.35        1601.00        
  42       9               离散机5            47905.35        49041.35        1136.00        

工件 43:
  43       0               打印机3            0.00            23987.66        23987.66       
  43       1               批处理机2           23987.66        24822.66        835.00         
  43       2               离散机3            24822.66        25958.66        1136.00        
  43       3               离散机7            26070.72        27012.72        942.00         
  43       4               离散机1            28279.72        29274.72        995.00         
  43       5               离散机5            43024.35        44343.35        1319.00        
  43       6               离散机3            45776.31        46765.31        989.00         
  43       7               离散机3            46765.31        48303.31        1538.00        
  43       8               离散机8            51924.31        53387.31        1463.00        

工件 44:
  44       0               打印机2            0.00            24259.85        24259.85       
  44       1               批处理机1           24259.85        25205.85        946.00         
  44       2               离散机8            25205.85        26223.85        1018.00        
  44       3               离散机2            28241.72        29677.72        1436.00        
  44       4               离散机2            31155.72        32368.72        1213.00        
  44       5               离散机6            32368.72        33956.72        1588.00        
  44       6               离散机5            38404.35        39419.35        1015.00        
  44       7               离散机5            45284.35        46843.35        1559.00        
  44       8               离散机1            48093.31        49647.31        1554.00        
  44       9               离散机2            51111.31        52078.31        967.00         

工件 45:
  45       0               打印机1            0.00            30423.35        30423.35       
  45       1               批处理机2           30423.35        31258.35        835.00         
  45       2               离散机8            34675.35        35692.35        1017.00        
  45       3               离散机2            35733.35        37324.35        1591.00        
  45       4               离散机8            37923.35        38983.35        1060.00        
  45       5               离散机3            40815.35        42168.35        1353.00        
  45       6               离散机1            43723.35        45306.35        1583.00        
  45       7               离散机2            47223.31        48368.31        1145.00        

工件 46:
  46       0               打印机4            0.00            22605.72        22605.72       
  46       1               批处理机2           22605.72        23440.72        835.00         
  46       2               离散机1            23440.72        24970.72        1530.00        
  46       3               离散机7            24970.72        26070.72        1100.00        
  46       4               离散机7            27965.72        29195.72        1230.00        
  46       5               离散机7            32523.35        33711.35        1188.00        
  46       6               离散机7            36008.35        37506.35        1498.00        
  46       7               离散机4            39805.35        41146.35        1341.00        

工件 47:
  47       0               打印机4            22605.72        41737.31        19131.59       
  47       1               批处理机2           41737.31        42572.31        835.00         
  47       2               离散机6            45676.31        46719.31        1043.00        
  47       3               离散机1            46863.31        48093.31        1230.00        
  47       4               离散机8            48968.31        50464.31        1496.00        
  47       5               离散机8            50464.31        51924.31        1460.00        
  47       6               离散机7            52440.31        53440.31        1000.00        

工件 48:
  48       0               打印机4            0.00            22605.72        22605.72       
  48       1               批处理机2           22605.72        23440.72        835.00         
  48       2               离散机4            24665.72        25636.72        971.00         
  48       3               离散机3            28306.66        29790.66        1484.00        
  48       4               离散机4            35944.35        36953.35        1009.00        
  48       5               离散机6            38565.35        39756.35        1191.00        
  48       6               离散机1            42767.35        43723.35        956.00         
  48       7               离散机2            46160.31        47223.31        1063.00        

工件 49:
  49       0               打印机4            22605.72        41737.31        19131.59       
  49       1               批处理机2           41737.31        42572.31        835.00         
  49       2               离散机6            42572.31        43501.31        929.00         
  49       3               离散机2            43501.31        44858.31        1357.00        
  49       4               离散机3            44858.31        45776.31        918.00         
  49       5               离散机8            47069.31        48028.31        959.00         
  49       6               离散机4            49700.31        50625.31        925.00         

【机器加工顺序记录】
----------------------------------------------------------------------------------------------------

打印机1:
工件号      工序号             开始时间            结束时间            加工时长           
--------------------------------------------------------------------------------
  9        0               0.00            30423.35        30423.35       
  12       0               0.00            30423.35        30423.35       
  15       0               0.00            30423.35        30423.35       
  19       0               0.00            30423.35        30423.35       
  29       0               0.00            30423.35        30423.35       
  30       0               0.00            30423.35        30423.35       
  35       0               0.00            30423.35        30423.35       
  38       0               0.00            30423.35        30423.35       
  39       0               0.00            30423.35        30423.35       
  40       0               0.00            30423.35        30423.35       
  45       0               0.00            30423.35        30423.35       

  机器利用率: 618.77% (忙碌时间: 334656.88 / 总时间: 54084.31)

打印机2:
工件号      工序号             开始时间            结束时间            加工时长           
--------------------------------------------------------------------------------
  13       0               0.00            24259.85        24259.85       
  41       0               0.00            24259.85        24259.85       
  44       0               0.00            24259.85        24259.85       

  机器利用率: 134.57% (忙碌时间: 72779.56 / 总时间: 54084.31)

打印机3:
工件号      工序号             开始时间            结束时间            加工时长           
--------------------------------------------------------------------------------
  0        0               0.00            23987.66        23987.66       
  5        0               0.00            23987.66        23987.66       
  7        0               0.00            23987.66        23987.66       
  16       0               0.00            23987.66        23987.66       
  21       0               0.00            23987.66        23987.66       
  25       0               0.00            23987.66        23987.66       
  28       0               0.00            23987.66        23987.66       
  33       0               0.00            23987.66        23987.66       
  34       0               0.00            23987.66        23987.66       
  37       0               0.00            23987.66        23987.66       
  42       0               0.00            23987.66        23987.66       
  43       0               0.00            23987.66        23987.66       

  机器利用率: 532.23% (忙碌时间: 287851.89 / 总时间: 54084.31)

打印机4:
工件号      工序号             开始时间            结束时间            加工时长           
--------------------------------------------------------------------------------
  1        0               0.00            22605.72        22605.72       
  4        0               0.00            22605.72        22605.72       
  6        0               0.00            22605.72        22605.72       
  14       0               0.00            22605.72        22605.72       
  17       0               0.00            22605.72        22605.72       
  20       0               0.00            22605.72        22605.72       
  22       0               0.00            22605.72        22605.72       
  23       0               0.00            22605.72        22605.72       
  27       0               0.00            22605.72        22605.72       
  36       0               0.00            22605.72        22605.72       
  46       0               0.00            22605.72        22605.72       
  48       0               0.00            22605.72        22605.72       
  2        0               22605.72        41737.31        19131.59       
  10       0               22605.72        41737.31        19131.59       
  11       0               22605.72        41737.31        19131.59       
  18       0               22605.72        41737.31        19131.59       
  26       0               22605.72        41737.31        19131.59       
  32       0               22605.72        41737.31        19131.59       
  47       0               22605.72        41737.31        19131.59       
  49       0               22605.72        41737.31        19131.59       
  3        0               41737.31        51343.03        9605.72        
  8        0               41737.31        51343.03        9605.72        
  24       0               41737.31        51343.03        9605.72        
  31       0               41737.31        51343.03        9605.72        

  机器利用率: 855.60% (忙碌时间: 462744.28 / 总时间: 54084.31)

批处理机1:
工件号      工序号             开始时间            结束时间            加工时长           
--------------------------------------------------------------------------------
  13       1               24259.85        25205.85        946.00         
  41       1               24259.85        25205.85        946.00         
  44       1               24259.85        25205.85        946.00         

  机器利用率: 5.25% (忙碌时间: 2838.00 / 总时间: 54084.31)

批处理机2:
工件号      工序号             开始时间            结束时间            加工时长           
--------------------------------------------------------------------------------
  1        1               22605.72        23440.72        835.00         
  4        1               22605.72        23440.72        835.00         
  6        1               22605.72        23440.72        835.00         
  14       1               22605.72        23440.72        835.00         
  17       1               22605.72        23440.72        835.00         
  20       1               22605.72        23440.72        835.00         
  22       1               22605.72        23440.72        835.00         
  23       1               22605.72        23440.72        835.00         
  27       1               22605.72        23440.72        835.00         
  36       1               22605.72        23440.72        835.00         
  46       1               22605.72        23440.72        835.00         
  48       1               22605.72        23440.72        835.00         
  0        1               23987.66        24822.66        835.00         
  5        1               23987.66        24822.66        835.00         
  7        1               23987.66        24822.66        835.00         
  16       1               23987.66        24822.66        835.00         
  21       1               23987.66        24822.66        835.00         
  25       1               23987.66        24822.66        835.00         
  28       1               23987.66        24822.66        835.00         
  33       1               23987.66        24822.66        835.00         
  34       1               23987.66        24822.66        835.00         
  37       1               23987.66        24822.66        835.00         
  42       1               23987.66        24822.66        835.00         
  43       1               23987.66        24822.66        835.00         
  9        1               30423.35        31258.35        835.00         
  12       1               30423.35        31258.35        835.00         
  15       1               30423.35        31258.35        835.00         
  19       1               30423.35        31258.35        835.00         
  29       1               30423.35        31258.35        835.00         
  30       1               30423.35        31258.35        835.00         
  35       1               30423.35        31258.35        835.00         
  38       1               30423.35        31258.35        835.00         
  39       1               30423.35        31258.35        835.00         
  40       1               30423.35        31258.35        835.00         
  45       1               30423.35        31258.35        835.00         
  2        1               41737.31        42572.31        835.00         
  10       1               41737.31        42572.31        835.00         
  11       1               41737.31        42572.31        835.00         
  18       1               41737.31        42572.31        835.00         
  26       1               41737.31        42572.31        835.00         
  32       1               41737.31        42572.31        835.00         
  47       1               41737.31        42572.31        835.00         
  49       1               41737.31        42572.31        835.00         
  3        1               51343.03        52178.03        835.00         
  8        1               51343.03        52178.03        835.00         
  24       1               51343.03        52178.03        835.00         
  31       1               51343.03        52178.03        835.00         

  机器利用率: 72.56% (忙碌时间: 39245.00 / 总时间: 54084.31)

离散机1:
工件号      工序号             开始时间            结束时间            加工时长           
--------------------------------------------------------------------------------
  46       2               23440.72        24970.72        1530.00        
  20       2               24970.72        25930.72        960.00         
  7        3               25930.72        27293.72        1363.00        
  22       3               27293.72        28279.72        986.00         
  43       4               28279.72        29274.72        995.00         
  34       3               29464.85        31026.85        1562.00        
  9        2               31258.35        32896.35        1638.00        
  30       2               32896.35        34674.35        1778.00        
  35       2               34674.35        36102.35        1428.00        
  39       4               36102.35        37632.35        1530.00        
  42       7               37632.35        39382.35        1750.00        
  7        5               39382.35        40812.35        1430.00        
  14       6               40812.35        41723.35        911.00         
  27       6               41723.35        42767.35        1044.00        
  48       6               42767.35        43723.35        956.00         
  45       6               43723.35        45306.35        1583.00        
  11       4               45464.31        46863.31        1399.00        
  47       3               46863.31        48093.31        1230.00        
  44       8               48093.31        49647.31        1554.00        
  36       7               49647.31        50629.31        982.00         
  1        7               50629.31        51563.31        934.00         
  2        7               51563.31        53010.31        1447.00        

  机器利用率: 53.60% (忙碌时间: 28990.00 / 总时间: 54084.31)

离散机2:
工件号      工序号             开始时间            结束时间            加工时长           
--------------------------------------------------------------------------------
  27       4               26634.72        28241.72        1607.00        
  44       3               28241.72        29677.72        1436.00        
  1        3               29677.72        31155.72        1478.00        
  44       4               31155.72        32368.72        1213.00        
  22       4               32368.72        33447.72        1079.00        
  38       4               33470.35        34493.35        1023.00        
  42       5               34493.35        35733.35        1240.00        
  45       3               35733.35        37324.35        1591.00        
  40       4               37324.35        38907.35        1583.00        
  6        6               38907.35        40638.35        1731.00        
  25       4               40638.35        42136.35        1498.00        
  13       3               42136.35        43401.35        1265.00        
  49       3               43501.31        44858.31        1357.00        
  2        4               44858.31        46160.31        1302.00        
  48       7               46160.31        47223.31        1063.00        
  45       7               47223.31        48368.31        1145.00        
  2        6               48467.31        49720.31        1253.00        
  15       5               49720.31        51111.31        1391.00        
  44       9               51111.31        52078.31        967.00         
  9        8               52078.31        53001.31        923.00         
  36       8               53001.31        54015.31        1014.00        

  机器利用率: 50.22% (忙碌时间: 27159.00 / 总时间: 54084.31)

离散机3:
工件号      工序号             开始时间            结束时间            加工时长           
--------------------------------------------------------------------------------
  14       2               23440.72        24792.72        1352.00        
  43       2               24822.66        25958.66        1136.00        
  23       3               25958.66        27187.66        1229.00        
  20       3               27187.66        28306.66        1119.00        
  48       3               28306.66        29790.66        1484.00        
  20       4               29790.66        30947.66        1157.00        
  39       2               31258.35        32451.35        1193.00        
  38       3               32523.35        33470.35        947.00         
  40       3               33470.35        34567.35        1097.00        
  1        4               34567.35        36337.35        1770.00        
  42       6               36337.35        37463.35        1126.00        
  38       5               37463.35        38943.35        1480.00        
  23       6               38943.35        39853.35        910.00         
  30       4               39853.35        40815.35        962.00         
  45       5               40815.35        42168.35        1353.00        
  42       8               42168.35        43769.35        1601.00        
  19       3               43769.35        44795.35        1026.00        
  49       4               44858.31        45776.31        918.00         
  43       6               45776.31        46765.31        989.00         
  43       7               46765.31        48303.31        1538.00        
  16       6               48303.31        49508.31        1205.00        
  30       6               49776.31        50709.31        933.00         
  11       8               50709.31        52394.31        1685.00        
  11       9               52394.31        53939.31        1545.00        

  机器利用率: 55.02% (忙碌时间: 29755.00 / 总时间: 54084.31)

离散机4:
工件号      工序号             开始时间            结束时间            加工时长           
--------------------------------------------------------------------------------
  22       2               23440.72        24665.72        1225.00        
  48       2               24665.72        25636.72        971.00         
  27       3               25636.72        26634.72        998.00         
  0        2               26634.72        27698.72        1064.00        
  42       3               27698.72        28739.72        1041.00        
  7        4               28739.72        29856.72        1117.00        
  16       3               29856.72        31071.72        1215.00        
  40       2               31258.35        32249.35        991.00         
  6        3               32249.35        33431.35        1182.00        
  17       2               33431.35        34422.35        991.00         
  41       2               34422.35        35944.35        1522.00        
  48       4               35944.35        36953.35        1009.00        
  6        5               36953.35        38320.35        1367.00        
  25       3               38320.35        39805.35        1485.00        
  46       7               39805.35        41146.35        1341.00        
  40       5               41146.35        42435.35        1289.00        
  2        2               42572.31        43569.31        997.00         
  13       4               43569.31        44960.31        1391.00        
  13       5               44960.31        46425.31        1465.00        
  11       5               46863.31        48162.31        1299.00        
  11       6               48162.31        49700.31        1538.00        
  49       6               49700.31        50625.31        925.00         
  20       6               50625.31        51787.31        1162.00        
  34       5               51787.31        52916.31        1129.00        
  14       7               52916.31        53880.31        964.00         

  机器利用率: 54.87% (忙碌时间: 29678.00 / 总时间: 54084.31)

离散机5:
工件号      工序号             开始时间            结束时间            加工时长           
--------------------------------------------------------------------------------
  27       2               23440.72        24959.72        1519.00        
  6        2               24959.72        26170.72        1211.00        
  42       2               26170.72        27306.72        1136.00        
  1        2               27306.72        28810.72        1504.00        
  36       3               28810.72        29723.72        913.00         
  27       5               29723.72        31026.72        1303.00        
  19       2               31258.35        32598.35        1340.00        
  9        3               32896.35        33994.35        1098.00        
  33       2               33994.35        35533.35        1539.00        
  9        5               35789.35        36995.35        1206.00        
  9        6               36995.35        38404.35        1409.00        
  44       6               38404.35        39419.35        1015.00        
  35       3               39419.35        40516.35        1097.00        
  20       5               40516.35        41458.35        942.00         
  16       4               41458.35        43024.35        1566.00        
  43       5               43024.35        44343.35        1319.00        
  36       6               44343.35        45284.35        941.00         
  44       7               45284.35        46843.35        1559.00        
  6        7               46843.35        47905.35        1062.00        
  42       9               47905.35        49041.35        1136.00        
  26       3               49041.35        50637.35        1596.00        
  7        7               50841.31        52010.31        1169.00        
  26       4               52010.31        52997.31        987.00         
  2        8               53010.31        54084.31        1074.00        

  机器利用率: 54.81% (忙碌时间: 29641.00 / 总时间: 54084.31)

离散机6:
工件号      工序号             开始时间            结束时间            加工时长           
--------------------------------------------------------------------------------
  36       2               23440.72        24445.72        1005.00        
  7        2               24822.66        25923.66        1101.00        
  13       2               25923.66        27009.66        1086.00        
  23       4               27187.66        28131.66        944.00         
  14       4               28131.66        29569.66        1438.00        
  36       4               29723.72        30903.72        1180.00        
  34       4               31026.85        32064.85        1038.00        
  44       5               32368.72        33956.72        1588.00        
  9        4               33994.35        35789.35        1795.00        
  30       3               35789.35        36918.35        1129.00        
  15       3               36918.35        38565.35        1647.00        
  48       5               38565.35        39756.35        1191.00        
  22       5               39756.35        40756.35        1000.00        
  22       6               40756.35        42334.35        1578.00        
  49       2               42572.31        43501.31        929.00         
  18       2               43501.31        44603.31        1102.00        
  32       2               44603.31        45676.31        1073.00        
  47       2               45676.31        46719.31        1043.00        
  16       5               46719.31        47890.31        1171.00        
  18       4               47890.31        49576.31        1686.00        
  11       7               49700.31        50651.31        951.00         
  30       7               50709.31        52454.31        1745.00        
  23       8               52454.31        53688.31        1234.00        

  机器利用率: 52.98% (忙碌时间: 28654.00 / 总时间: 54084.31)

离散机7:
工件号      工序号             开始时间            结束时间            加工时长           
--------------------------------------------------------------------------------
  46       3               24970.72        26070.72        1100.00        
  43       3               26070.72        27012.72        942.00         
  16       2               27012.72        27965.72        953.00         
  46       4               27965.72        29195.72        1230.00        
  42       4               29195.72        30725.72        1530.00        
  38       2               31258.35        32523.35        1265.00        
  46       5               32523.35        33711.35        1188.00        
  14       5               33711.35        34903.35        1192.00        
  6        4               34903.35        36008.35        1105.00        
  46       6               36008.35        37506.35        1498.00        
  28       2               37506.35        38565.35        1059.00        
  15       4               38565.35        40245.35        1680.00        
  1        6               40245.35        41299.35        1054.00        
  36       5               41299.35        42508.35        1209.00        
  38       6               42508.35        43536.35        1028.00        
  2        3               43569.31        44701.31        1132.00        
  10       2               44701.31        46022.31        1321.00        
  26       2               46022.31        47042.31        1020.00        
  2        5               47042.31        48467.31        1425.00        
  30       5               48467.31        49776.31        1309.00        
  7        6               49776.31        50841.31        1065.00        
  41       3               50841.31        52440.31        1599.00        
  47       6               52440.31        53440.31        1000.00        

  机器利用率: 51.59% (忙碌时间: 27904.00 / 总时间: 54084.31)

离散机8:
工件号      工序号             开始时间            结束时间            加工时长           
--------------------------------------------------------------------------------
  23       2               23440.72        24442.72        1002.00        
  44       2               25205.85        26223.85        1018.00        
  14       3               26223.85        27349.85        1126.00        
  25       2               27349.85        28493.85        1144.00        
  34       2               28493.85        29464.85        971.00         
  23       5               29464.85        30824.85        1360.00        
  15       2               31258.35        32500.35        1242.00        
  39       3               32500.35        33745.35        1245.00        
  12       2               33745.35        34675.35        930.00         
  45       2               34675.35        35692.35        1017.00        
  1        5               36337.35        37923.35        1586.00        
  45       4               37923.35        38983.35        1060.00        
  9        7               38983.35        40781.35        1798.00        
  23       7               40781.35        42308.35        1527.00        
  11       2               42572.31        44010.31        1438.00        
  11       3               44010.31        45464.31        1454.00        
  18       3               45464.31        47069.31        1605.00        
  49       5               47069.31        48028.31        959.00         
  5        2               48028.31        48968.31        940.00         
  47       4               48968.31        50464.31        1496.00        
  47       5               50464.31        51924.31        1460.00        
  43       8               51924.31        53387.31        1463.00        

  机器利用率: 51.48% (忙碌时间: 27841.00 / 总时间: 54084.31)

【打印批次详细信息】
----------------------------------------------------------------------------------------------------

打印机 1 (尺寸: 1061.0 x 460.0 x 511.0):
--------------------------------------------------------------------------------
  批次 1: 零件数=11, 占用率=78.34%
    - 15: 尺寸 561.0 x 343.0 x 127.0
    - 38: 尺寸 480.0 x 86.0 x 105.0
    - 29: 尺寸 90.0 x 93.0 x 92.0
    - 39: 尺寸 243.0 x 134.0 x 70.0
    - 45: 尺寸 160.0 x 143.0 x 116.0
    - 12: 尺寸 94.0 x 138.0 x 44.0
    - 30: 尺寸 51.0 x 57.0 x 63.0
    - 40: 尺寸 64.0 x 124.0 x 42.0
    - 35: 尺寸 74.0 x 147.0 x 98.0
    - 9: 尺寸 206.0 x 137.0 x 68.0
    - 19: 尺寸 255.0 x 86.0 x 76.0

打印机 2 (尺寸: 1102.0 x 487.0 x 623.0):
--------------------------------------------------------------------------------
  批次 1: 零件数=3, 占用率=73.10%
    - 44: 尺寸 632.0 x 309.0 x 29.0
    - 41: 尺寸 444.0 x 226.0 x 15.0
    - 13: 尺寸 636.0 x 152.0 x 46.0

打印机 3 (尺寸: 977.0 x 403.0 x 687.0):
--------------------------------------------------------------------------------
  批次 1: 零件数=12, 占用率=62.06%
    - 37: 尺寸 158.0 x 54.0 x 89.0
    - 21: 尺寸 200.0 x 92.0 x 13.0
    - 42: 尺寸 168.0 x 183.0 x 70.0
    - 16: 尺寸 438.0 x 159.0 x 84.0
    - 7: 尺寸 153.0 x 146.0 x 90.0
    - 33: 尺寸 112.0 x 98.0 x 19.0
    - 5: 尺寸 86.0 x 145.0 x 67.0
    - 0: 尺寸 60.0 x 69.0 x 11.0
    - 43: 尺寸 76.0 x 69.0 x 28.0
    - 28: 尺寸 207.0 x 159.0 x 88.0
    - 25: 尺寸 80.0 x 105.0 x 86.0
    - 34: 尺寸 151.0 x 136.0 x 15.0

打印机 4 (尺寸: 1162.0 x 485.0 x 618.0):
--------------------------------------------------------------------------------
  批次 1: 零件数=12, 占用率=92.63%
    - 46: 尺寸 463.0 x 229.0 x 199.0
    - 17: 尺寸 183.0 x 141.0 x 188.0
    - 6: 尺寸 501.0 x 339.0 x 185.0
    - 36: 尺寸 192.0 x 288.0 x 89.0
    - 4: 尺寸 98.0 x 66.0 x 169.0
    - 48: 尺寸 362.0 x 158.0 x 102.0
    - 22: 尺寸 59.0 x 130.0 x 135.0
    - 1: 尺寸 197.0 x 108.0 x 87.0
    - 14: 尺寸 111.0 x 129.0 x 73.0
    - 20: 尺寸 185.0 x 136.0 x 179.0
    - 27: 尺寸 113.0 x 80.0 x 151.0
    - 23: 尺寸 263.0 x 91.0 x 136.0
  批次 2: 零件数=8, 占用率=86.30%
    - 49: 尺寸 476.0 x 230.0 x 168.0
    - 47: 尺寸 555.0 x 334.0 x 118.0
    - 2: 尺寸 71.0 x 197.0 x 91.0
    - 10: 尺寸 79.0 x 140.0 x 32.0
    - 11: 尺寸 222.0 x 255.0 x 86.0
    - 18: 尺寸 284.0 x 172.0 x 110.0
    - 26: 尺寸 371.0 x 137.0 x 62.0
    - 32: 尺寸 117.0 x 87.0 x 57.0
  批次 3: 零件数=4, 占用率=70.73%
    - 24: 尺寸 310.0 x 250.0 x 57.0
    - 31: 尺寸 359.0 x 232.0 x 75.0
    - 8: 尺寸 451.0 x 292.0 x 10.0
    - 3: 尺寸 550.0 x 193.0 x 83.0

════════════════════════════════════════════════════════════════
