================================================================================
                          实验结果报告
================================================================================
实验配置: GA-TS - 外层GA+内层禁忌搜索
算例名称: 2M40J-04
实验次数: 第 7 次
实验时间: 2026-02-06 13:24:06

【算法参数】
  最大迭代次数: 10000
  种群规模: 100
  变异率: 0.2
  交叉率: 0.8


================================================================================
                          最终实验结果
================================================================================
最优Cmax: 262821.00
运行时间: 300007 ms (300.01 秒)
终止代数: 20831

【收敛曲线数据】
代数	Cmax
1	294209.00
51	276273.00
101	276273.00
151	272115.75
201	272115.75
251	265181.00
301	265181.00
351	265181.00
401	265181.00
451	265181.00
501	265181.00
551	265181.00
601	265181.00
651	265181.00
701	265181.00
751	265181.00
801	265181.00
851	265181.00
901	265181.00
951	265181.00
1001	265181.00
1051	265181.00
1101	265181.00
1151	265181.00
1201	265181.00
1251	265181.00
1301	265181.00
1351	265181.00
1401	265181.00
1451	265181.00
1501	265181.00
1551	265181.00
1601	265181.00
1651	265181.00
1701	265181.00
1751	265181.00
1801	265181.00
1851	265181.00
1901	265181.00
1951	265181.00
2001	265181.00
2051	265181.00
2101	265181.00
2151	265181.00
2201	265181.00
2251	265181.00
2301	265181.00
2351	265181.00
2401	265181.00
2451	265181.00
2501	265181.00
2551	265181.00
2601	265181.00
2651	265181.00
2701	265181.00
2751	265181.00
2801	265181.00
2851	265181.00
2901	265181.00
2951	265181.00
3001	265181.00
3051	265181.00
3101	265181.00
3151	265181.00
3201	265181.00
3251	265181.00
3301	265181.00
3351	265181.00
3401	265181.00
3451	265181.00
3501	265181.00
3551	265181.00
3601	265181.00
3651	265181.00
3701	265181.00
3751	265181.00
3801	265181.00
3851	265181.00
3901	265181.00
3951	265181.00
4001	265181.00
4051	265181.00
4101	265181.00
4151	265181.00
4201	265181.00
4251	265181.00
4301	265181.00
4351	265181.00
4401	265181.00
4451	265181.00
4501	265181.00
4551	265181.00
4601	265181.00
4651	265181.00
4701	265181.00
4751	265181.00
4801	265181.00
4851	265181.00
4901	265181.00
4951	265181.00
5001	265181.00
5051	265181.00
5101	265181.00
5151	265181.00
5201	265181.00
5251	265181.00
5301	265181.00
5351	265181.00
5401	265181.00
5451	265181.00
5501	265181.00
5551	265181.00
5601	265181.00
5651	265181.00
5701	265181.00
5751	265181.00
5801	265181.00
5851	265181.00
5901	265181.00
5951	265181.00
6001	265181.00
6051	265181.00
6101	265181.00
6151	265181.00
6201	265181.00
6251	265181.00
6301	265181.00
6351	265181.00
6401	265181.00
6451	265181.00
6501	265181.00
6551	265181.00
6601	265181.00
6651	265181.00
6701	265181.00
6751	265181.00
6801	265181.00
6851	265181.00
6901	265181.00
6951	265181.00
7001	265181.00
7051	265181.00
7101	265181.00
7151	265181.00
7201	265181.00
7251	265181.00
7301	265181.00
7351	265181.00
7401	265181.00
7451	265181.00
7501	265181.00
7551	265181.00
7601	265181.00
7651	265181.00
7701	265181.00
7751	265181.00
7801	265181.00
7851	265181.00
7901	265181.00
7951	265181.00
8001	265181.00
8051	265181.00
8101	265181.00
8151	265181.00
8201	265181.00
8251	265181.00
8301	265181.00
8351	265181.00
8401	265181.00
8451	265181.00
8501	265181.00
8551	265181.00
8601	265181.00
8651	265181.00
8701	265181.00
8751	265181.00
8801	265181.00
8851	265181.00
8901	265181.00
8951	265181.00
9001	265181.00
9051	265181.00
9101	265181.00
9151	265181.00
9201	265181.00
9251	265181.00
9301	265181.00
9351	265181.00
9401	265181.00
9451	265181.00
9501	265181.00
9551	265181.00
9601	265181.00
9651	265181.00
9701	265181.00
9751	265181.00
9801	265181.00
9851	265181.00
9901	265181.00
9951	265181.00
10001	265181.00
10051	265181.00
10101	265181.00
10151	265181.00
10201	265181.00
10251	265181.00
10301	265181.00
10351	265181.00
10401	265181.00
10451	265181.00
10501	265181.00
10551	265181.00
10601	265181.00
10651	265181.00
10701	265181.00
10751	265181.00
10801	265181.00
10851	265181.00
10901	263712.00
10951	263712.00
11001	263712.00
11051	263712.00
11101	263712.00
11151	263712.00
11201	263712.00
11251	263712.00
11301	263712.00
11351	263712.00
11401	263712.00
11451	263712.00
11501	263712.00
11551	263712.00
11601	263712.00
11651	263712.00
11701	263712.00
11751	263712.00
11801	263712.00
11851	263712.00
11901	263712.00
11951	263712.00
12001	263712.00
12051	263712.00
12101	263712.00
12151	263712.00
12201	263712.00
12251	263712.00
12301	263712.00
12351	263712.00
12401	263712.00
12451	263712.00
12501	263712.00
12551	263712.00
12601	263712.00
12651	263712.00
12701	263712.00
12751	263712.00
12801	263712.00
12851	263712.00
12901	263712.00
12951	263712.00
13001	263712.00
13051	263712.00
13101	263712.00
13151	263712.00
13201	263712.00
13251	263712.00
13301	263712.00
13351	263712.00
13401	263712.00
13451	263712.00
13501	263712.00
13551	263712.00
13601	263712.00
13651	263712.00
13701	263712.00
13751	263712.00
13801	263712.00
13851	263712.00
13901	263712.00
13951	263712.00
14001	263712.00
14051	263712.00
14101	263712.00
14151	263712.00
14201	263712.00
14251	263712.00
14301	263712.00
14351	263712.00
14401	263712.00
14451	263712.00
14501	263712.00
14551	263712.00
14601	263712.00
14651	263712.00
14701	263712.00
14751	263712.00
14801	263712.00
14851	263712.00
14901	263712.00
14951	263712.00
15001	263712.00
15051	263712.00
15101	263712.00
15151	263712.00
15201	263712.00
15251	263712.00
15301	263712.00
15351	263712.00
15401	263712.00
15451	263712.00
15501	263712.00
15551	263712.00
15601	263712.00
15651	263712.00
15701	263712.00
15751	263712.00
15801	263712.00
15851	263712.00
15901	263712.00
15951	263712.00
16001	263712.00
16051	263712.00
16101	263712.00
16151	263712.00
16201	263712.00
16251	263712.00
16301	263712.00
16351	263712.00
16401	263712.00
16451	263712.00
16501	263712.00
16551	263712.00
16601	263712.00
16651	263712.00
16701	263712.00
16751	263712.00
16801	263712.00
16851	263712.00
16901	263712.00
16951	263712.00
17001	263712.00
17051	263712.00
17101	263712.00
17151	263712.00
17201	263712.00
17251	263712.00
17301	263712.00
17351	263712.00
17401	263712.00
17451	263712.00
17501	263712.00
17551	263712.00
17601	263712.00
17651	263712.00
17701	263712.00
17751	263712.00
17801	263712.00
17851	263712.00
17901	263712.00
17951	263712.00
18001	263712.00
18051	263712.00
18101	263712.00
18151	263712.00
18201	263712.00
18251	263712.00
18301	263712.00
18351	263712.00
18401	263712.00
18451	263712.00
18501	263712.00
18551	263712.00
18601	263712.00
18651	263712.00
18701	263712.00
18751	263712.00
18801	263712.00
18851	263712.00
18901	263712.00
18951	263712.00
19001	262821.00
19051	262821.00
19101	262821.00
19151	262821.00
19201	262821.00
19251	262821.00
19301	262821.00
19351	262821.00
19401	262821.00
19451	262821.00
19501	262821.00
19551	262821.00
19601	262821.00
19651	262821.00
19701	262821.00
19751	262821.00
19801	262821.00
19851	262821.00
19901	262821.00
19951	262821.00
20001	262821.00
20051	262821.00
20101	262821.00
20151	262821.00
20201	262821.00
20251	262821.00
20301	262821.00
20351	262821.00
20401	262821.00
20451	262821.00
20501	262821.00
20551	262821.00
20601	262821.00
20651	262821.00
20701	262821.00
20751	262821.00
20801	262821.00
20831	262821.00

✓ 收敛曲线图已生成: 收敛曲线图.png
✓ 甘特图已生成: 甘特图.png
✓ 批次布局图已生成: 批次布局图_machine*_batch*.png (共8个批次)
【批次分配详情】

机器 0:
  批次 1:
    开始时间: 361.00
    结束时间: 55821.00
    加工时间: 55460.00
    零件数量: 5
    利用率: 90.91%
    最大高度: 235.00
    零件: 32, 5, 3, 29, 20

  批次 2:
    开始时间: 56182.00
    结束时间: 117306.00
    加工时间: 61124.00
    零件数量: 6
    利用率: 88.43%
    最大高度: 259.00
    零件: 10, 8, 12, 38, 31, 23

  批次 3:
    开始时间: 117667.00
    结束时间: 151179.00
    加工时间: 33512.00
    零件数量: 6
    利用率: 83.16%
    最大高度: 142.00
    零件: 30, 16, 1, 39, 13, 21

  批次 4:
    开始时间: 151540.00
    结束时间: 218564.00
    加工时间: 67024.00
    零件数量: 5
    利用率: 73.52%
    最大高度: 284.00
    零件: 33, 19, 11, 2, 7

  批次 5:
    开始时间: 218925.00
    结束时间: 262821.00
    加工时间: 43896.00
    零件数量: 2
    利用率: 46.37%
    最大高度: 186.00
    零件: 9, 27

  机器完工时间: 262821.00

机器 1:
  批次 1:
    开始时间: 339.00
    结束时间: 86555.25
    加工时间: 86216.25
    零件数量: 6
    利用率: 77.65%
    最大高度: 277.00
    零件: 34, 15, 18, 26, 25, 40

  批次 2:
    开始时间: 86894.25
    结束时间: 169686.75
    加工时间: 82792.50
    零件数量: 5
    利用率: 86.52%
    最大高度: 266.00
    零件: 35, 36, 37, 14, 28

  批次 3:
    开始时间: 170025.75
    结束时间: 262467.00
    加工时间: 92441.25
    零件数量: 5
    利用率: 85.25%
    最大高度: 297.00
    零件: 4, 22, 17, 6, 24

  机器完工时间: 262467.00


【机器负载统计】
  机器 0: 总加工时间=262821.00, 批次数=5, 零件数=24, 平均利用率=76.48%
  机器 1: 总加工时间=262467.00, 批次数=3, 零件数=16, 平均利用率=83.14%


================================================================================
                         实验结果输出完成
================================================================================

实验文件夹: chapter-1/src/main/output/comparison/2M40J-04/GA-TS_run7_20260206_132406/
包含文件:
  - 实验报告.txt (本文件)
  - 收敛曲线图.png
  - 甘特图.png
  - 批次布局图_machine*_batch*.png (每个批次独立PNG文件)
