════════════════════════════════════════════════════════════════
              Pareto前沿解集详细数据
════════════════════════════════════════════════════════════════

算例: J10P2B1D2_05
算法: NSGAII
运行次数: 9
解的数量: 16

----------------------------------------------------------------------------------------------------
序号       Cmax                 能耗(kWh)              装箱质量            批次数       
----------------------------------------------------------------------------------------------------
1        45907.62             101.51               0.8613          2         
2        36814.45             133.64               0.2577          4         
3        36816.06             115.07               0.6185          3         
4        40650.10             105.49               0.8609          2         
5        39909.91             113.63               0.8647          2         
6        41384.10             105.18               0.8609          2         
7        43606.62             102.04               0.8613          2         
8        44340.62             101.73               0.8613          2         
9        38832.91             113.94               0.8647          2         
10       37858.06             114.76               0.6185          3         
11       44332.62             102.02               0.8613          2         
12       41376.10             105.47               0.8609          2         
13       38892.91             113.77               0.8647          2         
14       39388.91             113.75               0.8647          2         
15       37337.06             114.88               0.6185          3         
16       37122.06             114.91               0.6185          3         
----------------------------------------------------------------------------------------------------

统计信息:
  Cmax范围: [36814.45, 45907.62]
  能耗范围: [101.51, 133.64] kWh
  Cmax跨度: 9093.17 (19.81%)
  能耗跨度: 32.13 (24.04%)

════════════════════════════════════════════════════════════════
