════════════════════════════════════════════════════════════════
              Pareto前沿解集详细数据
════════════════════════════════════════════════════════════════

算例: J20P3B2D5_05
算法: NSGAII-Basic
运行次数: 3
解的数量: 17

----------------------------------------------------------------------------------------------------
序号       Cmax                 能耗(kWh)              装箱质量            批次数       
----------------------------------------------------------------------------------------------------
1        41519.11             255.29               0.2004          3         
2        47267.11             252.94               0.2004          3         
3        41590.11             254.62               0.2004          3         
4        45678.11             253.35               0.2004          3         
5        44771.11             253.36               0.2004          3         
6        42477.11             254.55               0.2004          3         
7        45717.11             253.15               0.2004          3         
8        46321.11             253.14               0.2004          3         
9        44539.11             253.66               0.2004          3         
10       42768.11             253.97               0.2004          3         
11       42635.11             254.44               0.2004          3         
12       43813.11             253.79               0.2004          3         
13       42697.11             254.09               0.2004          3         
14       41563.11             254.95               0.2004          3         
15       43522.11             253.90               0.2004          3         
16       44700.11             253.52               0.2004          3         
17       43593.11             253.87               0.2004          3         
----------------------------------------------------------------------------------------------------

统计信息:
  Cmax范围: [41519.11, 47267.11]
  能耗范围: [252.94, 255.29] kWh
  Cmax跨度: 5748.00 (12.16%)
  能耗跨度: 2.35 (0.92%)

════════════════════════════════════════════════════════════════
