Pareto前沿解集
================================================================================

解的数量: 21

--------------------------------------------------------------------------------
序号       Cmax                 能耗(kWh)              装箱质量            批次数       
--------------------------------------------------------------------------------
1        81016.00             12398563.00          0.1275          8         
2        80958.00             12398572.27          0.1275          8         
3        81148.00             12398207.30          0.1275          8         
4        81106.00             12398208.30          0.1275          8         
5        81016.00             12398563.00          0.1275          8         
6        81016.00             12398563.00          0.1275          8         
7        81148.00             12398207.30          0.1275          8         
8        80991.00             12398563.30          0.1275          8         
9        80958.00             12398572.27          0.1275          8         
10       81016.00             12398563.00          0.1275          8         
11       81016.00             12398563.00          0.1275          8         
12       81469.00             12396993.87          0.1138          8         
13       80958.00             12398572.27          0.1275          8         
14       80958.00             12398572.27          0.1275          8         
15       81016.00             12398563.00          0.1275          8         
16       81016.00             12398563.00          0.1275          8         
17       80887.00             12403036.41          0.1275          8         
18       80991.00             12398563.30          0.1275          8         
19       80958.00             12398572.27          0.1275          8         
20       80958.00             12398572.27          0.1275          8         
21       81913.00             12396636.87          0.1138          8         
--------------------------------------------------------------------------------

统计信息:
  Cmax范围: [80887.00, 81913.00]
  能耗范围: [12396636.87, 12403036.41] kWh
  Cmax改进: 1.25%
  能耗改进: 0.05%
