════════════════════════════════════════════════════════════════
              最优Cmax解的详细调度记录
════════════════════════════════════════════════════════════════

【基本信息】
----------------------------------------------------------------------------------------------------
Cmax (最大完工时间): 56271.43
能耗: 553.13 kWh
装箱质量: 0.4684
批次总数: 5
工件数量: 50
机器数量: 14 (打印机:4, 批处理机:2, 离散机:8)

【染色体编码】
----------------------------------------------------------------------------------------------------
工序序列 (OS): [19, 22, 39, 1, 9, 4, 25, 21, 6, 10, 27, 29, 46, 33, 49, 40, 3, 13, 43, 15, 12, 8, 36, 5, 44, 2, 17, 35, 37, 11, 18, 45, 0, 41, 7, 34, 16, 47, 23, 38, 42, 31, 28, 20, 30, 14, 24, 26, 32, 48, 0, 6, 8, 33, 37, 3, 11, 18, 3, 29, 23, 0, 4, 19, 9, 18, 7, 28, 38, 4, 25, 15, 5, 5, 37, 20, 40, 47, 44, 21, 42, 44, 10, 25, 25, 49, 5, 24, 19, 17, 6, 16, 31, 46, 35, 23, 4, 30, 6, 10, 12, 15, 3, 3, 11, 9, 46, 21, 25, 33, 15, 18, 24, 44, 30, 29, 15, 36, 42, 19, 0, 16, 12, 1, 35, 3, 25, 10, 18, 45, 46, 17, 32, 28, 20, 15, 29, 33, 0, 0, 0, 30, 2, 47, 12, 22, 38, 29, 31, 24, 20, 23, 24, 9, 30, 24, 33, 3, 5, 34, 9, 49, 16, 5, 6, 42, 49, 17, 37, 37, 32, 34, 19, 22, 44, 29, 12, 30, 4, 17, 35, 7, 3, 32, 37, 47, 12, 26, 38, 22, 10, 19, 0, 36, 31, 2, 11, 32, 18, 23, 33, 5, 15, 26, 15, 16, 22, 25, 6, 28, 37, 13, 1, 42, 18, 19, 16, 5, 38, 10, 33, 38, 14, 38, 19, 22, 11, 12, 9, 4, 7, 37, 44, 46, 36, 18, 47, 3, 26, 44, 25, 36, 33, 24, 48, 30, 38, 15, 34]
机器选择 (MS): [2, 1, 4, 1, 2, 3, 3, 4, 3, 2, 2, 2, 4, 1, 4, 3, 2, 4, 4, 3, 1, 2, 1, 2, 3, 1, 2, 3, 2, 3, 3, 2, 3, 2, 2, 1, 2, 4, 2, 2, 2, 3, 2, 1, 1, 2, 2, 2, 2, 2, 1, 1, 2, 1, 1, 1, 2, 2, 1, 3, 2, 1, 2, 2, 1, 1, 2, 2, 2, 3, 2, 2, 1, 2, 1, 2, 1, 3, 3, 1, 1, 2, 1, 1, 1, 3, 1, 1, 2, 1, 1, 1, 3, 2, 1, 2, 1, 1, 3, 3, 1, 3, 1, 1, 1, 2, 2, 2, 1, 1, 1, 1, 2, 1, 1, 1, 1, 2, 3, 3, 1, 1, 1, 1, 3, 2, 1, 2, 3, 2, 1, 2, 3, 1, 1, 1, 1, 1, 2, 1, 1, 1, 1, 1, 2, 3, 3, 1, 2, 2, 1, 1, 1, 3, 3, 2, 2, 1, 1, 2, 2, 1, 1, 1, 1, 1, 3, 1, 2, 2, 1, 2, 1, 2, 3, 3, 2, 1, 3, 1, 1, 1, 1, 1, 2, 3, 1, 2, 1, 1, 3, 1, 1, 3, 1, 2, 1, 2, 2, 2, 1, 1, 1, 1, 2, 1, 1, 2, 1, 2, 2, 2, 1, 1, 2, 2, 1, 1, 2, 1, 1, 2, 1, 1, 2, 2, 1, 3, 2, 1, 1, 1, 2, 1, 2, 1, 1, 1, 2, 1, 2, 1, 2, 1, 2, 1, 1, 3, 1]

【零件加工顺序记录】
----------------------------------------------------------------------------------------------------
工件号      工序号             机器号             开始时间            结束时间            加工时长           
----------------------------------------------------------------------------------------------------

工件 0:
  0        0               打印机3            0.00            40622.43        40622.43       
  0        1               批处理机1           40622.43        41687.43        1065.00        
  0        2               离散机1            41687.43        43015.43        1328.00        
  0        3               离散机4            43015.43        44434.43        1419.00        
  0        4               离散机7            44434.43        45385.43        951.00         
  0        5               离散机2            45385.43        46502.43        1117.00        
  0        6               离散机2            46502.43        47584.43        1082.00        
  0        7               离散机1            47584.43        49105.43        1521.00        
  0        8               离散机7            49391.43        50982.43        1591.00        

工件 1:
  1        0               打印机1            0.00            17540.86        17540.86       
  1        1               批处理机1           17540.86        18605.86        1065.00        
  1        2               离散机8            19619.86        20956.86        1337.00        
  1        3               离散机3            21208.86        22684.86        1476.00        

工件 2:
  2        0               打印机1            0.00            17540.86        17540.86       
  2        1               批处理机1           17540.86        18605.86        1065.00        
  2        2               离散机8            22012.86        23388.86        1376.00        
  2        3               离散机6            24723.86        25754.86        1031.00        

工件 3:
  3        0               打印机2            0.00            25009.02        25009.02       
  3        1               批处理机1           25009.02        26074.02        1065.00        
  3        2               离散机3            26074.02        27057.02        983.00         
  3        3               离散机6            27057.02        28090.02        1033.00        
  3        4               离散机4            30437.02        32134.02        1697.00        
  3        5               离散机8            32134.02        33332.02        1198.00        
  3        6               离散机5            33332.02        34279.02        947.00         
  3        7               离散机6            34279.02        35339.02        1060.00        
  3        8               离散机2            37248.02        38783.02        1535.00        
  3        9               离散机8            40508.02        41662.02        1154.00        

工件 4:
  4        0               打印机3            0.00            40622.43        40622.43       
  4        1               批处理机1           40622.43        41687.43        1065.00        
  4        2               离散机8            43227.43        44225.43        998.00         
  4        3               离散机4            44434.43        45736.43        1302.00        
  4        4               离散机7            46802.43        47905.43        1103.00        
  4        5               离散机4            48529.43        49873.43        1344.00        
  4        6               离散机6            54836.43        56271.43        1435.00        

工件 5:
  5        0               打印机2            0.00            25009.02        25009.02       
  5        1               批处理机1           25009.02        26074.02        1065.00        
  5        2               离散机2            26074.02        27716.02        1642.00        
  5        3               离散机5            27716.02        28813.02        1097.00        
  5        4               离散机3            30059.02        31653.02        1594.00        
  5        5               离散机6            31653.02        32601.02        948.00         
  5        6               离散机6            32601.02        33767.02        1166.00        
  5        7               离散机3            36344.02        37599.02        1255.00        
  5        8               离散机2            39799.02        41140.02        1341.00        

工件 6:
  6        0               打印机3            0.00            40622.43        40622.43       
  6        1               批处理机1           40622.43        41687.43        1065.00        
  6        2               离散机5            41687.43        42968.43        1281.00        
  6        3               离散机3            44185.43        45468.43        1283.00        
  6        4               离散机4            46872.43        48529.43        1657.00        
  6        5               离散机3            49235.43        50991.43        1756.00        
  6        6               离散机8            52357.43        53669.43        1312.00        

工件 7:
  7        0               打印机2            0.00            25009.02        25009.02       
  7        1               批处理机1           25009.02        26074.02        1065.00        
  7        2               离散机7            27005.02        28455.02        1450.00        
  7        3               离散机7            41267.88        42882.88        1615.00        
  7        4               离散机2            44013.02        45023.02        1010.00        

工件 8:
  8        0               打印机2            0.00            25009.02        25009.02       
  8        1               批处理机1           25009.02        26074.02        1065.00        
  8        2               离散机1            26074.02        27497.02        1423.00        

工件 9:
  9        0               打印机2            0.00            25009.02        25009.02       
  9        1               批处理机1           25009.02        26074.02        1065.00        
  9        2               离散机3            27057.02        28816.02        1759.00        
  9        3               离散机1            28816.02        30194.02        1378.00        
  9        4               离散机6            30194.02        31531.02        1337.00        
  9        5               离散机7            33472.02        35087.02        1615.00        
  9        6               离散机4            41080.88        42728.88        1648.00        

工件 10:
  10       0               打印机2            0.00            25009.02        25009.02       
  10       1               批处理机1           25009.02        26074.02        1065.00        
  10       2               离散机8            27137.02        28654.02        1517.00        
  10       3               离散机7            29473.02        30824.02        1351.00        
  10       4               离散机1            31807.02        33110.02        1303.00        
  10       5               离散机8            36021.02        37012.02        991.00         
  10       6               离散机8            37012.02        37914.02        902.00         

工件 11:
  11       0               打印机3            0.00            40622.43        40622.43       
  11       1               批处理机1           40622.43        41687.43        1065.00        
  11       2               离散机8            41687.43        43227.43        1540.00        
  11       3               离散机8            46991.43        48207.43        1216.00        
  11       4               离散机2            50824.43        51772.43        948.00         
  11       5               离散机2            51772.43        53465.43        1693.00        

工件 12:
  12       0               打印机1            0.00            17540.86        17540.86       
  12       1               批处理机1           17540.86        18605.86        1065.00        
  12       2               离散机1            18605.86        20251.86        1646.00        
  12       3               离散机4            20251.86        21843.86        1592.00        
  12       4               离散机4            21843.86        22888.86        1045.00        
  12       5               离散机3            22888.86        24097.86        1209.00        
  12       6               离散机3            24097.86        25109.86        1012.00        
  12       7               离散机7            38686.02        39893.02        1207.00        

工件 13:
  13       0               打印机4            0.00            43648.00        43648.00       
  13       1               批处理机1           43648.00        44713.00        1065.00        
  13       2               离散机4            49873.43        50968.43        1095.00        

工件 14:
  14       0               打印机2            25009.02        38068.88        13059.86       
  14       1               批处理机1           38068.88        39133.88        1065.00        
  14       2               离散机1            39133.88        40668.88        1535.00        

工件 15:
  15       0               打印机3            0.00            40622.43        40622.43       
  15       1               批处理机1           40622.43        41687.43        1065.00        
  15       2               离散机8            44225.43        45956.43        1731.00        
  15       3               离散机3            46581.43        48215.43        1634.00        
  15       4               离散机5            48215.43        49275.43        1060.00        
  15       5               离散机1            49275.43        51006.43        1731.00        
  15       6               离散机8            51006.43        52357.43        1351.00        
  15       7               离散机6            52357.43        53307.43        950.00         
  15       8               离散机6            53307.43        54836.43        1529.00        
  15       9               离散机7            55008.43        55970.43        962.00         

工件 16:
  16       0               打印机2            0.00            25009.02        25009.02       
  16       1               批处理机1           25009.02        26074.02        1065.00        
  16       2               离散机4            29072.02        30437.02        1365.00        
  16       3               离散机4            32134.02        33310.02        1176.00        
  16       4               离散机7            35087.02        36600.02        1513.00        
  16       5               离散机5            37169.02        38568.02        1399.00        
  16       6               离散机8            53669.43        54854.43        1185.00        

工件 17:
  17       0               打印机2            0.00            25009.02        25009.02       
  17       1               批处理机1           25009.02        26074.02        1065.00        
  17       2               离散机3            31653.02        32554.02        901.00         
  17       3               离散机3            35048.02        36344.02        1296.00        
  17       4               离散机6            36344.02        37937.02        1593.00        
  17       5               离散机8            37937.02        39167.02        1230.00        

工件 18:
  18       0               打印机3            0.00            40622.43        40622.43       
  18       1               批处理机1           40622.43        41687.43        1065.00        
  18       2               离散机5            42968.43        44368.43        1400.00        
  18       3               离散机1            44368.43        45588.43        1220.00        
  18       4               离散机5            45698.43        46901.43        1203.00        
  18       5               离散机8            49945.43        50908.43        963.00         
  18       6               离散机7            50982.43        52664.43        1682.00        
  18       7               离散机4            52821.43        54079.43        1258.00        
  18       8               离散机2            54906.43        55829.43        923.00         

工件 19:
  19       0               打印机2            0.00            25009.02        25009.02       
  19       1               批处理机1           25009.02        26074.02        1065.00        
  19       2               离散机4            26074.02        27783.02        1709.00        
  19       3               离散机4            27783.02        29072.02        1289.00        
  19       4               离散机3            34038.02        35048.02        1010.00        
  19       5               离散机2            35048.02        36260.02        1212.00        
  19       6               离散机2            38783.02        39799.02        1016.00        
  19       7               离散机6            40162.02        41685.02        1523.00        
  19       8               离散机3            53145.43        54097.43        952.00         

工件 20:
  20       0               打印机1            0.00            17540.86        17540.86       
  20       1               批处理机1           17540.86        18605.86        1065.00        
  20       2               离散机6            18605.86        19556.86        951.00         
  20       3               离散机8            20956.86        22012.86        1056.00        
  20       4               离散机6            22012.86        23221.86        1209.00        

工件 21:
  21       0               打印机4            0.00            43648.00        43648.00       
  21       1               批处理机1           43648.00        44713.00        1065.00        
  21       2               离散机8            45956.43        46991.43        1035.00        
  21       3               离散机6            47835.43        49302.43        1467.00        

工件 22:
  22       0               打印机1            0.00            17540.86        17540.86       
  22       1               批处理机1           17540.86        18605.86        1065.00        
  22       2               离散机2            18605.86        19766.86        1161.00        
  22       3               离散机2            23453.86        25130.86        1677.00        
  22       4               离散机3            25130.86        26035.86        905.00         
  22       5               离散机6            28090.02        29776.02        1686.00        
  22       6               离散机1            36833.02        38180.02        1347.00        

工件 23:
  23       0               打印机2            0.00            25009.02        25009.02       
  23       1               批处理机1           25009.02        26074.02        1065.00        
  23       2               离散机8            26074.02        27137.02        1063.00        
  23       3               离散机5            29950.02        30938.02        988.00         
  23       4               离散机7            31918.02        33472.02        1554.00        
  23       5               离散机6            35339.02        36296.02        957.00         

工件 24:
  24       0               打印机2            0.00            25009.02        25009.02       
  24       1               批处理机1           25009.02        26074.02        1065.00        
  24       2               离散机2            27716.02        28956.02        1240.00        
  24       3               离散机3            32554.02        34038.02        1484.00        
  24       4               离散机8            34939.02        36021.02        1082.00        
  24       5               离散机5            36021.02        37169.02        1148.00        
  24       6               离散机7            37169.02        38686.02        1517.00        
  24       7               离散机3            40166.02        41383.02        1217.00        

工件 25:
  25       0               打印机3            0.00            40622.43        40622.43       
  25       1               批处理机1           40622.43        41687.43        1065.00        
  25       2               离散机3            41687.43        43201.43        1514.00        
  25       3               离散机5            44368.43        45698.43        1330.00        
  25       4               离散机7            45698.43        46802.43        1104.00        
  25       5               离散机8            48207.43        49945.43        1738.00        
  25       6               离散机5            50952.43        51919.43        967.00         
  25       7               离散机4            51919.43        52821.43        902.00         
  25       8               离散机3            54097.43        55628.43        1531.00        

工件 26:
  26       0               打印机2            25009.02        38068.88        13059.86       
  26       1               批处理机1           38068.88        39133.88        1065.00        
  26       2               离散机8            39167.02        40508.02        1341.00        
  26       3               离散机7            42882.88        44107.88        1225.00        
  26       4               离散机5            54125.43        55189.43        1064.00        

工件 27:
  27       0               打印机2            0.00            25009.02        25009.02       
  27       1               批处理机1           25009.02        26074.02        1065.00        

工件 28:
  28       0               打印机2            25009.02        38068.88        13059.86       
  28       1               批处理机1           38068.88        39133.88        1065.00        
  28       2               离散机4            39133.88        40141.88        1008.00        
  28       3               离散机7            40141.88        41267.88        1126.00        
  28       4               离散机7            52664.43        53646.43        982.00         

工件 29:
  29       0               打印机2            0.00            25009.02        25009.02       
  29       1               批处理机1           25009.02        26074.02        1065.00        
  29       2               离散机5            26074.02        27600.02        1526.00        
  29       3               离散机1            30194.02        31807.02        1613.00        
  29       4               离散机8            33332.02        34939.02        1607.00        
  29       5               离散机4            34939.02        36264.02        1325.00        
  29       6               离散机2            36264.02        37248.02        984.00         

工件 30:
  30       0               打印机1            0.00            17540.86        17540.86       
  30       1               批处理机1           17540.86        18605.86        1065.00        
  30       2               离散机8            18605.86        19619.86        1014.00        
  30       3               离散机1            20251.86        21220.86        969.00         
  30       4               离散机2            22057.86        23453.86        1396.00        
  30       5               离散机4            23453.86        24665.86        1212.00        
  30       6               离散机8            24665.86        25995.86        1330.00        
  30       7               离散机1            43015.43        44367.43        1352.00        

工件 31:
  31       0               打印机3            0.00            40622.43        40622.43       
  31       1               批处理机1           40622.43        41687.43        1065.00        
  31       2               离散机6            45018.43        46573.43        1555.00        
  31       3               离散机2            47584.43        48546.43        962.00         
  31       4               离散机3            52167.43        53145.43        978.00         

工件 32:
  32       0               打印机2            0.00            25009.02        25009.02       
  32       1               批处理机1           25009.02        26074.02        1065.00        
  32       2               离散机8            28654.02        29814.02        1160.00        
  32       3               离散机5            34279.02        35561.02        1282.00        
  32       4               离散机4            37195.02        38917.02        1722.00        
  32       5               离散机6            38998.02        40162.02        1164.00        

工件 33:
  33       0               打印机1            0.00            17540.86        17540.86       
  33       1               批处理机1           17540.86        18605.86        1065.00        
  33       2               离散机4            18605.86        19674.86        1069.00        
  33       3               离散机6            19674.86        21001.86        1327.00        
  33       4               离散机2            21001.86        22057.86        1056.00        
  33       5               离散机6            23221.86        24723.86        1502.00        
  33       6               离散机7            24723.86        25965.86        1242.00        
  33       7               离散机3            37599.02        38797.02        1198.00        
  33       8               离散机5            38797.02        39739.02        942.00         

工件 34:
  34       0               打印机1            0.00            17540.86        17540.86       
  34       1               批处理机1           17540.86        18605.86        1065.00        
  34       2               离散机3            18605.86        19951.86        1346.00        
  34       3               离散机3            19951.86        21208.86        1257.00        
  34       4               离散机5            21208.86        22110.86        902.00         

工件 35:
  35       0               打印机3            0.00            40622.43        40622.43       
  35       1               批处理机1           40622.43        41687.43        1065.00        
  35       2               离散机6            46573.43        47835.43        1262.00        
  35       3               离散机5            49275.43        50952.43        1677.00        
  35       4               离散机3            50991.43        52167.43        1176.00        

工件 36:
  36       0               打印机1            0.00            17540.86        17540.86       
  36       1               批处理机1           17540.86        18605.86        1065.00        
  36       2               离散机5            18605.86        19976.86        1371.00        
  36       3               离散机7            19976.86        21713.86        1737.00        
  36       4               离散机8            23388.86        24578.86        1190.00        
  36       5               离散机8            29814.02        31601.02        1787.00        

工件 37:
  37       0               打印机2            0.00            25009.02        25009.02       
  37       1               批处理机1           25009.02        26074.02        1065.00        
  37       2               离散机7            26074.02        27005.02        931.00         
  37       3               离散机5            28813.02        29950.02        1137.00        
  37       4               离散机1            33110.02        34370.02        1260.00        
  37       5               离散机4            36264.02        37195.02        931.00         
  37       6               离散机6            37937.02        38998.02        1061.00        
  37       7               离散机3            38998.02        40166.02        1168.00        
  37       8               离散机2            53465.43        54906.43        1441.00        

工件 38:
  38       0               打印机2            0.00            25009.02        25009.02       
  38       1               批处理机1           25009.02        26074.02        1065.00        
  38       2               离散机7            28455.02        29473.02        1018.00        
  38       3               离散机2            29473.02        30798.02        1325.00        
  38       4               离散机1            34370.02        35659.02        1289.00        
  38       5               离散机4            40141.88        41080.88        939.00         
  38       6               离散机2            41140.02        42939.02        1799.00        
  38       7               离散机2            42939.02        44013.02        1074.00        
  38       8               离散机4            55347.43        56252.43        905.00         

工件 39:
  39       0               打印机4            0.00            43648.00        43648.00       
  39       1               批处理机1           43648.00        44713.00        1065.00        

工件 40:
  40       0               打印机3            0.00            40622.43        40622.43       
  40       1               批处理机1           40622.43        41687.43        1065.00        
  40       2               离散机3            43201.43        44185.43        984.00         

工件 41:
  41       0               打印机2            0.00            25009.02        25009.02       
  41       1               批处理机1           25009.02        26074.02        1065.00        

工件 42:
  42       0               打印机2            0.00            25009.02        25009.02       
  42       1               批处理机1           25009.02        26074.02        1065.00        
  42       2               离散机3            28816.02        30059.02        1243.00        
  42       3               离散机7            30824.02        31918.02        1094.00        
  42       4               离散机4            33310.02        34259.02        949.00         
  42       5               离散机1            35659.02        36833.02        1174.00        

工件 43:
  43       0               打印机4            0.00            43648.00        43648.00       
  43       1               批处理机1           43648.00        44713.00        1065.00        

工件 44:
  44       0               打印机3            0.00            40622.43        40622.43       
  44       1               批处理机1           40622.43        41687.43        1065.00        
  44       2               离散机6            41687.43        43481.43        1794.00        
  44       3               离散机6            43481.43        45018.43        1537.00        
  44       4               离散机3            48215.43        49235.43        1020.00        
  44       5               离散机2            49908.43        50824.43        916.00         
  44       6               离散机5            53134.43        54125.43        991.00         
  44       7               离散机5            55189.43        56116.43        927.00         

工件 45:
  45       0               打印机2            0.00            25009.02        25009.02       
  45       1               批处理机1           25009.02        26074.02        1065.00        
  45       2               离散机5            30938.02        32437.02        1499.00        

工件 46:
  46       0               打印机4            0.00            43648.00        43648.00       
  46       1               批处理机1           43648.00        44713.00        1065.00        
  46       2               离散机3            45468.43        46581.43        1113.00        
  46       3               离散机7            47905.43        49391.43        1486.00        
  46       4               离散机5            51919.43        53134.43        1215.00        
  46       5               离散机7            53646.43        55008.43        1362.00        

工件 47:
  47       0               打印机4            0.00            43648.00        43648.00       
  47       1               批处理机1           43648.00        44713.00        1065.00        
  47       2               离散机1            45588.43        46610.43        1022.00        
  47       3               离散机6            49302.43        50650.43        1348.00        
  47       4               离散机6            50650.43        51672.43        1022.00        
  47       5               离散机4            54079.43        55347.43        1268.00        

工件 48:
  48       0               打印机2            25009.02        38068.88        13059.86       
  48       1               批处理机1           38068.88        39133.88        1065.00        
  48       2               离散机4            50968.43        51918.43        950.00         

工件 49:
  49       0               打印机4            0.00            43648.00        43648.00       
  49       1               批处理机1           43648.00        44713.00        1065.00        
  49       2               离散机4            45736.43        46872.43        1136.00        
  49       3               离散机5            46901.43        47874.43        973.00         
  49       4               离散机2            48546.43        49908.43        1362.00        

【机器加工顺序记录】
----------------------------------------------------------------------------------------------------

打印机1:
工件号      工序号             开始时间            结束时间            加工时长           
--------------------------------------------------------------------------------
  1        0               0.00            17540.86        17540.86       
  2        0               0.00            17540.86        17540.86       
  12       0               0.00            17540.86        17540.86       
  20       0               0.00            17540.86        17540.86       
  22       0               0.00            17540.86        17540.86       
  30       0               0.00            17540.86        17540.86       
  33       0               0.00            17540.86        17540.86       
  34       0               0.00            17540.86        17540.86       
  36       0               0.00            17540.86        17540.86       

  机器利用率: 280.55% (忙碌时间: 157867.71 / 总时间: 56271.43)

打印机2:
工件号      工序号             开始时间            结束时间            加工时长           
--------------------------------------------------------------------------------
  3        0               0.00            25009.02        25009.02       
  5        0               0.00            25009.02        25009.02       
  7        0               0.00            25009.02        25009.02       
  8        0               0.00            25009.02        25009.02       
  9        0               0.00            25009.02        25009.02       
  10       0               0.00            25009.02        25009.02       
  16       0               0.00            25009.02        25009.02       
  17       0               0.00            25009.02        25009.02       
  19       0               0.00            25009.02        25009.02       
  23       0               0.00            25009.02        25009.02       
  24       0               0.00            25009.02        25009.02       
  27       0               0.00            25009.02        25009.02       
  29       0               0.00            25009.02        25009.02       
  32       0               0.00            25009.02        25009.02       
  37       0               0.00            25009.02        25009.02       
  38       0               0.00            25009.02        25009.02       
  41       0               0.00            25009.02        25009.02       
  42       0               0.00            25009.02        25009.02       
  45       0               0.00            25009.02        25009.02       
  14       0               25009.02        38068.88        13059.86       
  26       0               25009.02        38068.88        13059.86       
  28       0               25009.02        38068.88        13059.86       
  48       0               25009.02        38068.88        13059.86       

  机器利用率: 937.26% (忙碌时间: 527410.78 / 总时间: 56271.43)

打印机3:
工件号      工序号             开始时间            结束时间            加工时长           
--------------------------------------------------------------------------------
  0        0               0.00            40622.43        40622.43       
  4        0               0.00            40622.43        40622.43       
  6        0               0.00            40622.43        40622.43       
  11       0               0.00            40622.43        40622.43       
  15       0               0.00            40622.43        40622.43       
  18       0               0.00            40622.43        40622.43       
  25       0               0.00            40622.43        40622.43       
  31       0               0.00            40622.43        40622.43       
  35       0               0.00            40622.43        40622.43       
  40       0               0.00            40622.43        40622.43       
  44       0               0.00            40622.43        40622.43       

  机器利用率: 794.09% (忙碌时间: 446846.71 / 总时间: 56271.43)

打印机4:
工件号      工序号             开始时间            结束时间            加工时长           
--------------------------------------------------------------------------------
  13       0               0.00            43648.00        43648.00       
  21       0               0.00            43648.00        43648.00       
  39       0               0.00            43648.00        43648.00       
  43       0               0.00            43648.00        43648.00       
  46       0               0.00            43648.00        43648.00       
  47       0               0.00            43648.00        43648.00       
  49       0               0.00            43648.00        43648.00       

  机器利用率: 542.97% (忙碌时间: 305536.00 / 总时间: 56271.43)

批处理机1:
工件号      工序号             开始时间            结束时间            加工时长           
--------------------------------------------------------------------------------
  1        1               17540.86        18605.86        1065.00        
  2        1               17540.86        18605.86        1065.00        
  12       1               17540.86        18605.86        1065.00        
  20       1               17540.86        18605.86        1065.00        
  22       1               17540.86        18605.86        1065.00        
  30       1               17540.86        18605.86        1065.00        
  33       1               17540.86        18605.86        1065.00        
  34       1               17540.86        18605.86        1065.00        
  36       1               17540.86        18605.86        1065.00        
  3        1               25009.02        26074.02        1065.00        
  5        1               25009.02        26074.02        1065.00        
  7        1               25009.02        26074.02        1065.00        
  8        1               25009.02        26074.02        1065.00        
  9        1               25009.02        26074.02        1065.00        
  10       1               25009.02        26074.02        1065.00        
  16       1               25009.02        26074.02        1065.00        
  17       1               25009.02        26074.02        1065.00        
  19       1               25009.02        26074.02        1065.00        
  23       1               25009.02        26074.02        1065.00        
  24       1               25009.02        26074.02        1065.00        
  27       1               25009.02        26074.02        1065.00        
  29       1               25009.02        26074.02        1065.00        
  32       1               25009.02        26074.02        1065.00        
  37       1               25009.02        26074.02        1065.00        
  38       1               25009.02        26074.02        1065.00        
  41       1               25009.02        26074.02        1065.00        
  42       1               25009.02        26074.02        1065.00        
  45       1               25009.02        26074.02        1065.00        
  14       1               38068.88        39133.88        1065.00        
  26       1               38068.88        39133.88        1065.00        
  28       1               38068.88        39133.88        1065.00        
  48       1               38068.88        39133.88        1065.00        
  0        1               40622.43        41687.43        1065.00        
  4        1               40622.43        41687.43        1065.00        
  6        1               40622.43        41687.43        1065.00        
  11       1               40622.43        41687.43        1065.00        
  15       1               40622.43        41687.43        1065.00        
  18       1               40622.43        41687.43        1065.00        
  25       1               40622.43        41687.43        1065.00        
  31       1               40622.43        41687.43        1065.00        
  35       1               40622.43        41687.43        1065.00        
  40       1               40622.43        41687.43        1065.00        
  44       1               40622.43        41687.43        1065.00        
  13       1               43648.00        44713.00        1065.00        
  21       1               43648.00        44713.00        1065.00        
  39       1               43648.00        44713.00        1065.00        
  43       1               43648.00        44713.00        1065.00        
  46       1               43648.00        44713.00        1065.00        
  47       1               43648.00        44713.00        1065.00        
  49       1               43648.00        44713.00        1065.00        

  机器利用率: 94.63% (忙碌时间: 53250.00 / 总时间: 56271.43)

批处理机2:
工件号      工序号             开始时间            结束时间            加工时长           
--------------------------------------------------------------------------------

  机器利用率: 0.00% (忙碌时间: 0.00 / 总时间: 56271.43)

离散机1:
工件号      工序号             开始时间            结束时间            加工时长           
--------------------------------------------------------------------------------
  12       2               18605.86        20251.86        1646.00        
  30       3               20251.86        21220.86        969.00         
  8        2               26074.02        27497.02        1423.00        
  9        3               28816.02        30194.02        1378.00        
  29       3               30194.02        31807.02        1613.00        
  10       4               31807.02        33110.02        1303.00        
  37       4               33110.02        34370.02        1260.00        
  38       4               34370.02        35659.02        1289.00        
  42       5               35659.02        36833.02        1174.00        
  22       6               36833.02        38180.02        1347.00        
  14       2               39133.88        40668.88        1535.00        
  0        2               41687.43        43015.43        1328.00        
  30       7               43015.43        44367.43        1352.00        
  18       3               44368.43        45588.43        1220.00        
  47       2               45588.43        46610.43        1022.00        
  0        7               47584.43        49105.43        1521.00        
  15       5               49275.43        51006.43        1731.00        

  机器利用率: 41.07% (忙碌时间: 23111.00 / 总时间: 56271.43)

离散机2:
工件号      工序号             开始时间            结束时间            加工时长           
--------------------------------------------------------------------------------
  22       2               18605.86        19766.86        1161.00        
  33       4               21001.86        22057.86        1056.00        
  30       4               22057.86        23453.86        1396.00        
  22       3               23453.86        25130.86        1677.00        
  5        2               26074.02        27716.02        1642.00        
  24       2               27716.02        28956.02        1240.00        
  38       3               29473.02        30798.02        1325.00        
  19       5               35048.02        36260.02        1212.00        
  29       6               36264.02        37248.02        984.00         
  3        8               37248.02        38783.02        1535.00        
  19       6               38783.02        39799.02        1016.00        
  5        8               39799.02        41140.02        1341.00        
  38       6               41140.02        42939.02        1799.00        
  38       7               42939.02        44013.02        1074.00        
  7        4               44013.02        45023.02        1010.00        
  0        5               45385.43        46502.43        1117.00        
  0        6               46502.43        47584.43        1082.00        
  31       3               47584.43        48546.43        962.00         
  49       4               48546.43        49908.43        1362.00        
  44       5               49908.43        50824.43        916.00         
  11       4               50824.43        51772.43        948.00         
  11       5               51772.43        53465.43        1693.00        
  37       8               53465.43        54906.43        1441.00        
  18       8               54906.43        55829.43        923.00         

  机器利用率: 53.16% (忙碌时间: 29912.00 / 总时间: 56271.43)

离散机3:
工件号      工序号             开始时间            结束时间            加工时长           
--------------------------------------------------------------------------------
  34       2               18605.86        19951.86        1346.00        
  34       3               19951.86        21208.86        1257.00        
  1        3               21208.86        22684.86        1476.00        
  12       5               22888.86        24097.86        1209.00        
  12       6               24097.86        25109.86        1012.00        
  22       4               25130.86        26035.86        905.00         
  3        2               26074.02        27057.02        983.00         
  9        2               27057.02        28816.02        1759.00        
  42       2               28816.02        30059.02        1243.00        
  5        4               30059.02        31653.02        1594.00        
  17       2               31653.02        32554.02        901.00         
  24       3               32554.02        34038.02        1484.00        
  19       4               34038.02        35048.02        1010.00        
  17       3               35048.02        36344.02        1296.00        
  5        7               36344.02        37599.02        1255.00        
  33       7               37599.02        38797.02        1198.00        
  37       7               38998.02        40166.02        1168.00        
  24       7               40166.02        41383.02        1217.00        
  25       2               41687.43        43201.43        1514.00        
  40       2               43201.43        44185.43        984.00         
  6        3               44185.43        45468.43        1283.00        
  46       2               45468.43        46581.43        1113.00        
  15       3               46581.43        48215.43        1634.00        
  44       4               48215.43        49235.43        1020.00        
  6        5               49235.43        50991.43        1756.00        
  35       4               50991.43        52167.43        1176.00        
  31       4               52167.43        53145.43        978.00         
  19       8               53145.43        54097.43        952.00         
  25       8               54097.43        55628.43        1531.00        

  机器利用率: 64.43% (忙碌时间: 36254.00 / 总时间: 56271.43)

离散机4:
工件号      工序号             开始时间            结束时间            加工时长           
--------------------------------------------------------------------------------
  33       2               18605.86        19674.86        1069.00        
  12       3               20251.86        21843.86        1592.00        
  12       4               21843.86        22888.86        1045.00        
  30       5               23453.86        24665.86        1212.00        
  19       2               26074.02        27783.02        1709.00        
  19       3               27783.02        29072.02        1289.00        
  16       2               29072.02        30437.02        1365.00        
  3        4               30437.02        32134.02        1697.00        
  16       3               32134.02        33310.02        1176.00        
  42       4               33310.02        34259.02        949.00         
  29       5               34939.02        36264.02        1325.00        
  37       5               36264.02        37195.02        931.00         
  32       4               37195.02        38917.02        1722.00        
  28       2               39133.88        40141.88        1008.00        
  38       5               40141.88        41080.88        939.00         
  9        6               41080.88        42728.88        1648.00        
  0        3               43015.43        44434.43        1419.00        
  4        3               44434.43        45736.43        1302.00        
  49       2               45736.43        46872.43        1136.00        
  6        4               46872.43        48529.43        1657.00        
  4        5               48529.43        49873.43        1344.00        
  13       2               49873.43        50968.43        1095.00        
  48       2               50968.43        51918.43        950.00         
  25       7               51919.43        52821.43        902.00         
  18       7               52821.43        54079.43        1258.00        
  47       5               54079.43        55347.43        1268.00        
  38       8               55347.43        56252.43        905.00         

  机器利用率: 60.27% (忙碌时间: 33912.00 / 总时间: 56271.43)

离散机5:
工件号      工序号             开始时间            结束时间            加工时长           
--------------------------------------------------------------------------------
  36       2               18605.86        19976.86        1371.00        
  34       4               21208.86        22110.86        902.00         
  29       2               26074.02        27600.02        1526.00        
  5        3               27716.02        28813.02        1097.00        
  37       3               28813.02        29950.02        1137.00        
  23       3               29950.02        30938.02        988.00         
  45       2               30938.02        32437.02        1499.00        
  3        6               33332.02        34279.02        947.00         
  32       3               34279.02        35561.02        1282.00        
  24       5               36021.02        37169.02        1148.00        
  16       5               37169.02        38568.02        1399.00        
  33       8               38797.02        39739.02        942.00         
  6        2               41687.43        42968.43        1281.00        
  18       2               42968.43        44368.43        1400.00        
  25       3               44368.43        45698.43        1330.00        
  18       4               45698.43        46901.43        1203.00        
  49       3               46901.43        47874.43        973.00         
  15       4               48215.43        49275.43        1060.00        
  35       3               49275.43        50952.43        1677.00        
  25       6               50952.43        51919.43        967.00         
  46       4               51919.43        53134.43        1215.00        
  44       6               53134.43        54125.43        991.00         
  26       4               54125.43        55189.43        1064.00        
  44       7               55189.43        56116.43        927.00         

  机器利用率: 50.34% (忙碌时间: 28326.00 / 总时间: 56271.43)

离散机6:
工件号      工序号             开始时间            结束时间            加工时长           
--------------------------------------------------------------------------------
  20       2               18605.86        19556.86        951.00         
  33       3               19674.86        21001.86        1327.00        
  20       4               22012.86        23221.86        1209.00        
  33       5               23221.86        24723.86        1502.00        
  2        3               24723.86        25754.86        1031.00        
  3        3               27057.02        28090.02        1033.00        
  22       5               28090.02        29776.02        1686.00        
  9        4               30194.02        31531.02        1337.00        
  5        5               31653.02        32601.02        948.00         
  5        6               32601.02        33767.02        1166.00        
  3        7               34279.02        35339.02        1060.00        
  23       5               35339.02        36296.02        957.00         
  17       4               36344.02        37937.02        1593.00        
  37       6               37937.02        38998.02        1061.00        
  32       5               38998.02        40162.02        1164.00        
  19       7               40162.02        41685.02        1523.00        
  44       2               41687.43        43481.43        1794.00        
  44       3               43481.43        45018.43        1537.00        
  31       2               45018.43        46573.43        1555.00        
  35       2               46573.43        47835.43        1262.00        
  21       3               47835.43        49302.43        1467.00        
  47       3               49302.43        50650.43        1348.00        
  47       4               50650.43        51672.43        1022.00        
  15       7               52357.43        53307.43        950.00         
  15       8               53307.43        54836.43        1529.00        
  4        6               54836.43        56271.43        1435.00        

  机器利用率: 59.44% (忙碌时间: 33447.00 / 总时间: 56271.43)

离散机7:
工件号      工序号             开始时间            结束时间            加工时长           
--------------------------------------------------------------------------------
  36       3               19976.86        21713.86        1737.00        
  33       6               24723.86        25965.86        1242.00        
  37       2               26074.02        27005.02        931.00         
  7        2               27005.02        28455.02        1450.00        
  38       2               28455.02        29473.02        1018.00        
  10       3               29473.02        30824.02        1351.00        
  42       3               30824.02        31918.02        1094.00        
  23       4               31918.02        33472.02        1554.00        
  9        5               33472.02        35087.02        1615.00        
  16       4               35087.02        36600.02        1513.00        
  24       6               37169.02        38686.02        1517.00        
  12       7               38686.02        39893.02        1207.00        
  28       3               40141.88        41267.88        1126.00        
  7        3               41267.88        42882.88        1615.00        
  26       3               42882.88        44107.88        1225.00        
  0        4               44434.43        45385.43        951.00         
  25       4               45698.43        46802.43        1104.00        
  4        4               46802.43        47905.43        1103.00        
  46       3               47905.43        49391.43        1486.00        
  0        8               49391.43        50982.43        1591.00        
  18       6               50982.43        52664.43        1682.00        
  28       4               52664.43        53646.43        982.00         
  46       5               53646.43        55008.43        1362.00        
  15       9               55008.43        55970.43        962.00         

  机器利用率: 55.83% (忙碌时间: 31418.00 / 总时间: 56271.43)

离散机8:
工件号      工序号             开始时间            结束时间            加工时长           
--------------------------------------------------------------------------------
  30       2               18605.86        19619.86        1014.00        
  1        2               19619.86        20956.86        1337.00        
  20       3               20956.86        22012.86        1056.00        
  2        2               22012.86        23388.86        1376.00        
  36       4               23388.86        24578.86        1190.00        
  30       6               24665.86        25995.86        1330.00        
  23       2               26074.02        27137.02        1063.00        
  10       2               27137.02        28654.02        1517.00        
  32       2               28654.02        29814.02        1160.00        
  36       5               29814.02        31601.02        1787.00        
  3        5               32134.02        33332.02        1198.00        
  29       4               33332.02        34939.02        1607.00        
  24       4               34939.02        36021.02        1082.00        
  10       5               36021.02        37012.02        991.00         
  10       6               37012.02        37914.02        902.00         
  17       5               37937.02        39167.02        1230.00        
  26       2               39167.02        40508.02        1341.00        
  3        9               40508.02        41662.02        1154.00        
  11       2               41687.43        43227.43        1540.00        
  4        2               43227.43        44225.43        998.00         
  15       2               44225.43        45956.43        1731.00        
  21       2               45956.43        46991.43        1035.00        
  11       3               46991.43        48207.43        1216.00        
  25       5               48207.43        49945.43        1738.00        
  18       5               49945.43        50908.43        963.00         
  15       6               51006.43        52357.43        1351.00        
  6        6               52357.43        53669.43        1312.00        
  16       6               53669.43        54854.43        1185.00        

  机器利用率: 62.92% (忙碌时间: 35404.00 / 总时间: 56271.43)

【打印批次详细信息】
----------------------------------------------------------------------------------------------------

打印机 1 (尺寸: 908.0 x 580.0 x 648.0):
--------------------------------------------------------------------------------
  批次 1: 零件数=9, 占用率=82.22%
    - 22: 尺寸 326.0 x 132.0 x 58.0
    - 1: 尺寸 65.0 x 71.0 x 30.0
    - 2: 尺寸 497.0 x 159.0 x 36.0
    - 33: 尺寸 68.0 x 86.0 x 46.0
    - 12: 尺寸 135.0 x 52.0 x 13.0
    - 36: 尺寸 146.0 x 356.0 x 13.0
    - 30: 尺寸 619.0 x 336.0 x 25.0
    - 34: 尺寸 124.0 x 87.0 x 35.0
    - 20: 尺寸 116.0 x 196.0 x 60.0

打印机 2 (尺寸: 1023.0 x 424.0 x 616.0):
--------------------------------------------------------------------------------
  批次 1: 零件数=19, 占用率=90.12%
    - 19: 尺寸 300.0 x 159.0 x 72.0
    - 9: 尺寸 198.0 x 53.0 x 188.0
    - 8: 尺寸 139.0 x 53.0 x 78.0
    - 38: 尺寸 382.0 x 278.0 x 189.0
    - 5: 尺寸 139.0 x 144.0 x 46.0
    - 10: 尺寸 168.0 x 69.0 x 194.0
    - 29: 尺寸 178.0 x 113.0 x 144.0
    - 3: 尺寸 272.0 x 101.0 x 72.0
    - 37: 尺寸 162.0 x 86.0 x 52.0
    - 41: 尺寸 174.0 x 86.0 x 113.0
    - 17: 尺寸 68.0 x 100.0 x 74.0
    - 45: 尺寸 62.0 x 105.0 x 143.0
    - 16: 尺寸 141.0 x 66.0 x 169.0
    - 27: 尺寸 394.0 x 115.0 x 168.0
    - 42: 尺寸 147.0 x 118.0 x 117.0
    - 7: 尺寸 62.0 x 66.0 x 69.0
    - 24: 尺寸 130.0 x 60.0 x 57.0
    - 23: 尺寸 94.0 x 91.0 x 37.0
    - 32: 尺寸 101.0 x 53.0 x 38.0
  批次 2: 零件数=4, 占用率=80.91%
    - 28: 尺寸 455.0 x 342.0 x 96.0
    - 14: 尺寸 179.0 x 116.0 x 44.0
    - 48: 尺寸 356.0 x 423.0 x 100.0
    - 26: 尺寸 148.0 x 162.0 x 85.0

打印机 3 (尺寸: 929.0 x 519.0 x 637.0):
--------------------------------------------------------------------------------
  批次 1: 零件数=11, 占用率=75.85%
    - 4: 尺寸 290.0 x 205.0 x 73.0
    - 25: 尺寸 146.0 x 260.0 x 87.0
    - 6: 尺寸 117.0 x 150.0 x 12.0
    - 35: 尺寸 351.0 x 359.0 x 99.0
    - 0: 尺寸 141.0 x 148.0 x 92.0
    - 15: 尺寸 123.0 x 94.0 x 66.0
    - 44: 尺寸 119.0 x 231.0 x 92.0
    - 18: 尺寸 147.0 x 62.0 x 72.0
    - 31: 尺寸 140.0 x 96.0 x 76.0
    - 11: 尺寸 92.0 x 90.0 x 82.0
    - 40: 尺寸 354.0 x 96.0 x 64.0

打印机 4 (尺寸: 1089.0 x 414.0 x 657.0):
--------------------------------------------------------------------------------
  批次 1: 零件数=7, 占用率=46.84%
    - 39: 尺寸 149.0 x 98.0 x 69.0
    - 21: 尺寸 258.0 x 203.0 x 21.0
    - 46: 尺寸 179.0 x 117.0 x 21.0
    - 49: 尺寸 301.0 x 160.0 x 28.0
    - 13: 尺寸 132.0 x 113.0 x 16.0
    - 43: 尺寸 111.0 x 262.0 x 64.0
    - 47: 尺寸 127.0 x 245.0 x 24.0

════════════════════════════════════════════════════════════════
