════════════════════════════════════════════════════════════════
              最优Cmax解的详细调度记录
════════════════════════════════════════════════════════════════

【基本信息】
----------------------------------------------------------------------------------------------------
Cmax (最大完工时间): 38125.45
能耗: 106.68 kWh
装箱质量: 0.3249
批次总数: 2
工件数量: 10
机器数量: 5 (打印机:2, 批处理机:1, 离散机:2)

【染色体编码】
----------------------------------------------------------------------------------------------------
工序序列 (OS): [3, 5, 9, 2, 8, 0, 6, 7, 1, 4, 6, 7, 0, 6, 8, 5, 8, 1, 6, 7, 8, 0, 5, 7, 0, 1, 1, 2, 9, 2, 0, 0, 1, 0, 9, 6, 4, 4, 7, 7, 2, 0, 6, 7, 1, 5, 2, 0]
机器选择 (MS): [1, 1, 1, 1, 2, 1, 1, 2, 1, 2, 2, 1, 1, 1, 2, 2, 1, 1, 1, 1, 2, 1, 1, 1, 2, 2, 1, 1, 1, 1, 2, 1, 2, 1, 2, 2, 2, 1, 1, 1, 1, 2, 2, 1, 1, 1, 1, 2]

【零件加工顺序记录】
----------------------------------------------------------------------------------------------------
工件号      工序号             机器号             开始时间            结束时间            加工时长           
----------------------------------------------------------------------------------------------------

工件 0:
  0        0               打印机1            0.00            16731.45        16731.45       
  0        1               批处理机1           16731.45        17640.45        909.00         
  0        2               离散机2            18689.45        20438.45        1749.00        
  0        3               离散机1            21580.45        22511.45        931.00         
  0        4               离散机2            24128.45        25725.45        1597.00        
  0        5               离散机1            26392.45        27588.45        1196.00        
  0        6               离散机2            27909.45        29198.45        1289.00        
  0        7               离散机2            29198.45        30425.45        1227.00        
  0        8               离散机1            30556.45        32318.45        1762.00        
  0        9               离散机1            36443.45        38125.45        1682.00        

工件 1:
  1        0               打印机1            0.00            16731.45        16731.45       
  1        1               批处理机1           16731.45        17640.45        909.00         
  1        2               离散机1            20318.45        21580.45        1262.00        
  1        3               离散机1            22511.45        23892.45        1381.00        
  1        4               离散机2            25725.45        26967.45        1242.00        
  1        5               离散机1            27588.45        29219.45        1631.00        
  1        6               离散机1            32318.45        33930.45        1612.00        

工件 2:
  2        0               打印机1            0.00            16731.45        16731.45       
  2        1               批处理机1           16731.45        17640.45        909.00         
  2        2               离散机1            23892.45        24984.45        1092.00        
  2        3               离散机2            26967.45        27909.45        942.00         
  2        4               离散机2            33708.45        34920.45        1212.00        
  2        5               离散机1            35024.45        36443.45        1419.00        

工件 3:
  3        0               打印机1            0.00            16731.45        16731.45       
  3        1               批处理机1           16731.45        17640.45        909.00         

工件 4:
  4        0               打印机2            0.00            7856.00         7856.00        
  4        1               批处理机1           7856.00         8765.00         909.00         
  4        2               离散机1            15715.00        17019.00        1304.00        
  4        3               离散机1            17019.00        18543.00        1524.00        

工件 5:
  5        0               打印机1            0.00            16731.45        16731.45       
  5        1               批处理机1           16731.45        17640.45        909.00         
  5        2               离散机2            20438.45        21442.45        1004.00        
  5        3               离散机2            23075.45        24128.45        1053.00        
  5        4               离散机1            33930.45        35024.45        1094.00        

工件 6:
  6        0               打印机1            0.00            16731.45        16731.45       
  6        1               批处理机1           16731.45        17640.45        909.00         
  6        2               离散机2            17640.45        18689.45        1049.00        
  6        3               离散机1            18689.45        20318.45        1629.00        
  6        4               离散机2            21442.45        23075.45        1633.00        
  6        5               离散机2            31606.45        32725.45        1119.00        
  6        6               离散机2            34920.45        36558.45        1638.00        

工件 7:
  7        0               打印机2            0.00            7856.00         7856.00        
  7        1               批处理机1           7856.00         8765.00         909.00         
  7        2               离散机2            8765.00         10200.00        1435.00        
  7        3               离散机1            11794.00        12948.00        1154.00        
  7        4               离散机1            14378.00        15715.00        1337.00        
  7        5               离散机1            29219.45        30556.45        1337.00        
  7        6               离散机2            32725.45        33708.45        983.00         
  7        7               离散机2            36558.45        37719.45        1161.00        

工件 8:
  8        0               打印机2            0.00            7856.00         7856.00        
  8        1               批处理机1           7856.00         8765.00         909.00         
  8        2               离散机1            8765.00         10533.00        1768.00        
  8        3               离散机1            10533.00        11794.00        1261.00        
  8        4               离散机1            12948.00        14378.00        1430.00        

工件 9:
  9        0               打印机1            0.00            16731.45        16731.45       
  9        1               批处理机1           16731.45        17640.45        909.00         
  9        2               离散机1            24984.45        26392.45        1408.00        
  9        3               离散机2            30425.45        31606.45        1181.00        

【机器加工顺序记录】
----------------------------------------------------------------------------------------------------

打印机1:
工件号      工序号             开始时间            结束时间            加工时长           
--------------------------------------------------------------------------------
  0        0               0.00            16731.45        16731.45       
  1        0               0.00            16731.45        16731.45       
  2        0               0.00            16731.45        16731.45       
  3        0               0.00            16731.45        16731.45       
  5        0               0.00            16731.45        16731.45       
  6        0               0.00            16731.45        16731.45       
  9        0               0.00            16731.45        16731.45       

  机器利用率: 307.20% (忙碌时间: 117120.18 / 总时间: 38125.45)

打印机2:
工件号      工序号             开始时间            结束时间            加工时长           
--------------------------------------------------------------------------------
  4        0               0.00            7856.00         7856.00        
  7        0               0.00            7856.00         7856.00        
  8        0               0.00            7856.00         7856.00        

  机器利用率: 61.82% (忙碌时间: 23568.00 / 总时间: 38125.45)

批处理机1:
工件号      工序号             开始时间            结束时间            加工时长           
--------------------------------------------------------------------------------
  4        1               7856.00         8765.00         909.00         
  7        1               7856.00         8765.00         909.00         
  8        1               7856.00         8765.00         909.00         
  0        1               16731.45        17640.45        909.00         
  1        1               16731.45        17640.45        909.00         
  2        1               16731.45        17640.45        909.00         
  3        1               16731.45        17640.45        909.00         
  5        1               16731.45        17640.45        909.00         
  6        1               16731.45        17640.45        909.00         
  9        1               16731.45        17640.45        909.00         

  机器利用率: 23.84% (忙碌时间: 9090.00 / 总时间: 38125.45)

离散机1:
工件号      工序号             开始时间            结束时间            加工时长           
--------------------------------------------------------------------------------
  8        2               8765.00         10533.00        1768.00        
  8        3               10533.00        11794.00        1261.00        
  7        3               11794.00        12948.00        1154.00        
  8        4               12948.00        14378.00        1430.00        
  7        4               14378.00        15715.00        1337.00        
  4        2               15715.00        17019.00        1304.00        
  4        3               17019.00        18543.00        1524.00        
  6        3               18689.45        20318.45        1629.00        
  1        2               20318.45        21580.45        1262.00        
  0        3               21580.45        22511.45        931.00         
  1        3               22511.45        23892.45        1381.00        
  2        2               23892.45        24984.45        1092.00        
  9        2               24984.45        26392.45        1408.00        
  0        5               26392.45        27588.45        1196.00        
  1        5               27588.45        29219.45        1631.00        
  7        5               29219.45        30556.45        1337.00        
  0        8               30556.45        32318.45        1762.00        
  1        6               32318.45        33930.45        1612.00        
  5        4               33930.45        35024.45        1094.00        
  2        5               35024.45        36443.45        1419.00        
  0        9               36443.45        38125.45        1682.00        

  机器利用率: 76.63% (忙碌时间: 29214.00 / 总时间: 38125.45)

离散机2:
工件号      工序号             开始时间            结束时间            加工时长           
--------------------------------------------------------------------------------
  7        2               8765.00         10200.00        1435.00        
  6        2               17640.45        18689.45        1049.00        
  0        2               18689.45        20438.45        1749.00        
  5        2               20438.45        21442.45        1004.00        
  6        4               21442.45        23075.45        1633.00        
  5        3               23075.45        24128.45        1053.00        
  0        4               24128.45        25725.45        1597.00        
  1        4               25725.45        26967.45        1242.00        
  2        3               26967.45        27909.45        942.00         
  0        6               27909.45        29198.45        1289.00        
  0        7               29198.45        30425.45        1227.00        
  9        3               30425.45        31606.45        1181.00        
  6        5               31606.45        32725.45        1119.00        
  7        6               32725.45        33708.45        983.00         
  2        4               33708.45        34920.45        1212.00        
  6        6               34920.45        36558.45        1638.00        
  7        7               36558.45        37719.45        1161.00        

  机器利用率: 56.43% (忙碌时间: 21514.00 / 总时间: 38125.45)

【打印批次详细信息】
----------------------------------------------------------------------------------------------------

打印机 1 (尺寸: 989.0 x 439.0 x 602.0):
--------------------------------------------------------------------------------
  批次 1: 零件数=7, 占用率=51.45%
    - 3: 尺寸 161.0 x 237.0 x 73.0
    - 5: 尺寸 214.0 x 127.0 x 57.0
    - 9: 尺寸 333.0 x 157.0 x 79.0
    - 2: 尺寸 185.0 x 122.0 x 71.0
    - 0: 尺寸 188.0 x 114.0 x 41.0
    - 1: 尺寸 149.0 x 106.0 x 85.0
    - 6: 尺寸 469.0 x 98.0 x 21.0

打印机 2 (尺寸: 1130.0 x 455.0 x 523.0):
--------------------------------------------------------------------------------
  批次 1: 零件数=3, 占用率=32.49%
    - 8: 尺寸 417.0 x 149.0 x 17.0
    - 7: 尺寸 343.0 x 229.0 x 19.0
    - 4: 尺寸 194.0 x 136.0 x 17.0

════════════════════════════════════════════════════════════════
