════════════════════════════════════════════════════════════════
              Pareto前沿解集详细数据
════════════════════════════════════════════════════════════════

算例: J50P4B3D8_04
算法: NSGAII
运行次数: 5
解的数量: 11

----------------------------------------------------------------------------------------------------
序号       Cmax                 能耗(kWh)              装箱质量            批次数       
----------------------------------------------------------------------------------------------------
1        53359.57             445.19               0.5317          7         
2        51521.29             448.31               0.5317          7         
3        51898.29             447.47               0.5317          7         
4        52471.29             446.19               0.5317          7         
5        52936.29             445.81               0.5317          7         
6        51913.57             446.65               0.5317          7         
7        52065.29             446.19               0.5317          7         
8        51640.29             448.02               0.5317          7         
9        53292.29             445.64               0.5317          7         
10       51935.29             446.33               0.5317          7         
11       53222.29             445.68               0.5317          7         
----------------------------------------------------------------------------------------------------

统计信息:
  Cmax范围: [51521.29, 53359.57]
  能耗范围: [445.19, 448.31] kWh
  Cmax跨度: 1838.29 (3.45%)
  能耗跨度: 3.12 (0.70%)

════════════════════════════════════════════════════════════════
