════════════════════════════════════════════════════════════════
              最优Cmax解的详细调度记录
════════════════════════════════════════════════════════════════

【基本信息】
----------------------------------------------------------------------------------------------------
Cmax (最大完工时间): 55499.62
能耗: 470.36 kWh
装箱质量: 0.5606
批次总数: 6
工件数量: 50
机器数量: 14 (打印机:4, 批处理机:2, 离散机:8)

【染色体编码】
----------------------------------------------------------------------------------------------------
工序序列 (OS): [6, 17, 29, 49, 20, 46, 48, 38, 22, 31, 2, 13, 15, 37, 47, 35, 18, 36, 19, 4, 5, 24, 8, 27, 45, 26, 7, 28, 11, 14, 39, 3, 25, 23, 32, 16, 33, 42, 9, 1, 12, 0, 44, 43, 40, 30, 34, 41, 10, 21, 38, 48, 36, 42, 36, 9, 30, 30, 44, 34, 26, 30, 47, 43, 44, 44, 6, 27, 14, 7, 49, 27, 11, 6, 48, 27, 49, 46, 42, 0, 49, 46, 30, 6, 20, 14, 13, 38, 14, 20, 23, 15, 44, 9, 9, 23, 1, 19, 1, 14, 22, 39, 43, 16, 11, 44, 36, 12, 7, 22, 40, 38, 22, 2, 42, 7, 7, 40, 13, 46, 19, 20, 2, 22, 45, 47, 14, 28, 20, 27, 42, 42, 35, 48, 9, 47, 42, 49, 15, 6, 43, 48, 33, 25, 23, 46, 44, 17, 49, 9, 6, 34, 18, 22, 46, 1, 32, 7, 36, 42, 16, 11, 1, 11, 2, 48, 45, 38, 47, 23, 11, 23, 1, 40, 18, 23, 2, 36, 39, 41, 7, 38, 2, 41, 35, 15, 16, 43, 11, 43, 2, 34, 13, 15, 45, 16, 30, 9, 6, 25, 25, 36, 2, 10, 44, 14, 30, 46, 42, 45, 48, 23, 26, 20, 45, 43, 11, 47, 34, 11, 43, 18, 40, 45, 26, 44, 16, 9, 27, 1, 36, 13, 5, 39]
机器选择 (MS): [4, 4, 3, 4, 4, 4, 1, 1, 4, 3, 1, 3, 4, 4, 4, 4, 1, 4, 1, 3, 3, 4, 4, 3, 4, 1, 4, 4, 1, 1, 1, 4, 4, 4, 4, 4, 4, 1, 4, 4, 1, 4, 2, 2, 4, 4, 1, 2, 4, 3, 2, 1, 1, 1, 1, 3, 1, 1, 3, 1, 1, 2, 2, 2, 2, 2, 2, 1, 1, 1, 1, 1, 1, 2, 3, 2, 1, 1, 2, 1, 2, 1, 1, 1, 1, 1, 1, 2, 2, 2, 1, 1, 2, 2, 2, 1, 1, 3, 1, 3, 3, 1, 1, 1, 3, 1, 1, 3, 1, 2, 1, 3, 1, 1, 2, 2, 3, 2, 2, 1, 2, 1, 2, 2, 2, 1, 1, 2, 1, 1, 1, 1, 2, 2, 2, 1, 1, 1, 1, 2, 2, 1, 3, 2, 1, 1, 1, 1, 2, 1, 2, 3, 1, 1, 2, 3, 1, 1, 2, 1, 1, 1, 1, 3, 2, 2, 2, 1, 1, 1, 2, 1, 1, 1, 2, 2, 1, 3, 1, 1, 1, 1, 1, 1, 1, 1, 2, 1, 1, 2, 2, 1, 1, 1, 1, 2, 1, 1, 1, 2, 2, 1, 2, 1, 2, 1, 1, 1, 1, 2, 1, 1, 1, 3, 2, 2, 2, 1, 1, 1, 3, 2, 1, 1, 2, 1, 1, 1, 2, 2, 1, 1, 1, 1]

【零件加工顺序记录】
----------------------------------------------------------------------------------------------------
工件号      工序号             机器号             开始时间            结束时间            加工时长           
----------------------------------------------------------------------------------------------------

工件 0:
  0        0               打印机4            22605.72        37142.48        14536.76       
  0        1               批处理机2           37142.48        37977.48        835.00         
  0        2               离散机4            37977.48        39041.48        1064.00        

工件 1:
  1        0               打印机4            0.00            22605.72        22605.72       
  1        1               批处理机2           22605.72        23440.72        835.00         
  1        2               离散机5            24651.72        26155.72        1504.00        
  1        3               离散机2            28339.72        29817.72        1478.00        
  1        4               离散机3            37832.35        39602.35        1770.00        
  1        5               离散机8            40363.48        41949.48        1586.00        
  1        6               离散机7            41949.48        43003.48        1054.00        
  1        7               离散机1            45599.48        46533.48        934.00         

工件 2:
  2        0               打印机1            0.00            26423.35        26423.35       
  2        1               批处理机2           26423.35        27258.35        835.00         
  2        2               离散机4            30660.35        31657.35        997.00         
  2        3               离散机7            34981.35        36113.35        1132.00        
  2        4               离散机2            36953.35        38255.35        1302.00        
  2        5               离散机7            39864.35        41289.35        1425.00        
  2        6               离散机7            44221.48        45363.48        1142.00        
  2        7               离散机5            46624.48        48026.48        1402.00        
  2        8               离散机5            48026.48        49100.48        1074.00        

工件 3:
  3        0               打印机4            37142.48        47420.62        10278.14       
  3        1               批处理机2           47420.62        48255.62        835.00         

工件 4:
  4        0               打印机3            0.00            44549.30        44549.30       
  4        1               批处理机2           44549.30        45384.30        835.00         

工件 5:
  5        0               打印机3            0.00            44549.30        44549.30       
  5        1               批处理机2           44549.30        45384.30        835.00         
  5        2               离散机8            50007.48        50947.48        940.00         

工件 6:
  6        0               打印机4            0.00            22605.72        22605.72       
  6        1               批处理机2           22605.72        23440.72        835.00         
  6        2               离散机5            23440.72        24651.72        1211.00        
  6        3               离散机4            24924.72        26106.72        1182.00        
  6        4               离散机7            26106.72        27211.72        1105.00        
  6        5               离散机4            33783.35        35150.35        1367.00        
  6        6               离散机2            35222.35        36953.35        1731.00        
  6        7               离散机5            37009.35        38071.35        1062.00        

工件 7:
  7        0               打印机4            0.00            22605.72        22605.72       
  7        1               批处理机2           22605.72        23440.72        835.00         
  7        2               离散机6            23440.72        24541.72        1101.00        
  7        3               离散机1            28187.35        29550.35        1363.00        
  7        4               离散机4            31657.35        32774.35        1117.00        
  7        5               离散机7            33982.35        34981.35        999.00         
  7        6               离散机7            38799.35        39864.35        1065.00        
  7        7               离散机5            44459.48        45628.48        1169.00        

工件 8:
  8        0               打印机4            37142.48        47420.62        10278.14       
  8        1               批处理机2           47420.62        48255.62        835.00         

工件 9:
  9        0               打印机4            22605.72        37142.48        14536.76       
  9        1               批处理机2           37142.48        37977.48        835.00         
  9        2               离散机1            37977.48        39615.48        1638.00        
  9        3               离散机5            39615.48        40713.48        1098.00        
  9        4               离散机3            40713.48        41844.48        1131.00        
  9        5               离散机5            41844.48        43050.48        1206.00        
  9        6               离散机5            43050.48        44459.48        1409.00        
  9        7               离散机8            48209.48        50007.48        1798.00        
  9        8               离散机2            53298.30        54221.30        923.00         

工件 10:
  10       0               打印机4            22605.72        37142.48        14536.76       
  10       1               批处理机2           37142.48        37977.48        835.00         
  10       2               离散机7            46781.30        48102.30        1321.00        

工件 11:
  11       0               打印机1            0.00            26423.35        26423.35       
  11       1               批处理机2           26423.35        27258.35        835.00         
  11       2               离散机8            27258.35        28696.35        1438.00        
  11       3               离散机8            29822.35        31276.35        1454.00        
  11       4               离散机2            32725.35        33776.35        1051.00        
  11       5               离散机4            36075.35        37374.35        1299.00        
  11       6               离散机4            40032.48        41570.48        1538.00        
  11       7               离散机5            45628.48        46624.48        996.00         
  11       8               离散机3            48594.48        50279.48        1685.00        
  11       9               离散机3            51743.62        53288.62        1545.00        

工件 12:
  12       0               打印机1            0.00            26423.35        26423.35       
  12       1               批处理机2           26423.35        27258.35        835.00         
  12       2               离散机8            31276.35        32206.35        930.00         

工件 13:
  13       0               打印机3            0.00            44549.30        44549.30       
  13       1               批处理机2           44549.30        45384.30        835.00         
  13       2               离散机6            45384.30        46470.30        1086.00        
  13       3               离散机2            46470.30        47735.30        1265.00        
  13       4               离散机4            47779.30        49170.30        1391.00        
  13       5               离散机7            52562.62        54141.62        1579.00        

工件 14:
  14       0               打印机1            0.00            26423.35        26423.35       
  14       1               批处理机2           26423.35        27258.35        835.00         
  14       2               离散机3            27258.35        28610.35        1352.00        
  14       3               离散机8            28696.35        29822.35        1126.00        
  14       4               离散机6            29822.35        31260.35        1438.00        
  14       5               离散机7            31260.35        32452.35        1192.00        
  14       6               离散机1            32452.35        33363.35        911.00         
  14       7               离散机4            43055.48        44019.48        964.00         

工件 15:
  15       0               打印机4            22605.72        37142.48        14536.76       
  15       1               批处理机2           37142.48        37977.48        835.00         
  15       2               离散机8            37977.48        39219.48        1242.00        
  15       3               离散机6            39219.48        40866.48        1647.00        
  15       4               离散机6            43580.48        45300.48        1720.00        
  15       5               离散机8            46893.48        48209.48        1316.00        

工件 16:
  16       0               打印机4            37142.48        47420.62        10278.14       
  16       1               批处理机2           47420.62        48255.62        835.00         
  16       2               离散机7            48255.62        49208.62        953.00         
  16       3               离散机4            49208.62        50423.62        1215.00        
  16       4               离散机3            50423.62        51743.62        1320.00        
  16       5               离散机6            51743.62        52914.62        1171.00        
  16       6               离散机3            53288.62        54493.62        1205.00        

工件 17:
  17       0               打印机4            0.00            22605.72        22605.72       
  17       1               批处理机2           22605.72        23440.72        835.00         
  17       2               离散机4            26106.72        27097.72        991.00         

工件 18:
  18       0               打印机1            0.00            26423.35        26423.35       
  18       1               批处理机2           26423.35        27258.35        835.00         
  18       2               离散机6            31260.35        32362.35        1102.00        
  18       3               离散机8            34525.35        36130.35        1605.00        
  18       4               离散机8            36130.35        37657.35        1527.00        

工件 19:
  19       0               打印机1            0.00            26423.35        26423.35       
  19       1               批处理机2           26423.35        27258.35        835.00         
  19       2               离散机5            30052.35        31392.35        1340.00        
  19       3               离散机3            32787.35        33813.35        1026.00        

工件 20:
  20       0               打印机4            0.00            22605.72        22605.72       
  20       1               批处理机2           22605.72        23440.72        835.00         
  20       2               离散机1            24970.72        25930.72        960.00         
  20       3               离散机3            30475.35        31594.35        1119.00        
  20       4               离散机3            33813.35        34970.35        1157.00        
  20       5               离散机5            34970.35        35912.35        942.00         
  20       6               离散机4            45360.48        46522.48        1162.00        

工件 21:
  21       0               打印机3            0.00            44549.30        44549.30       
  21       1               批处理机2           44549.30        45384.30        835.00         

工件 22:
  22       0               打印机4            0.00            22605.72        22605.72       
  22       1               批处理机2           22605.72        23440.72        835.00         
  22       2               离散机4            29435.35        30660.35        1225.00        
  22       3               离散机1            30660.35        31646.35        986.00         
  22       4               离散机2            31646.35        32725.35        1079.00        
  22       5               离散机6            32725.35        33725.35        1000.00        
  22       6               离散机6            34974.35        36552.35        1578.00        

工件 23:
  23       0               打印机4            0.00            22605.72        22605.72       
  23       1               批处理机2           22605.72        23440.72        835.00         
  23       2               离散机3            23440.72        24626.72        1186.00        
  23       3               离散机1            25930.72        27241.72        1311.00        
  23       4               离散机6            28675.35        29619.35        944.00         
  23       5               离散机8            33165.35        34525.35        1360.00        
  23       6               离散机3            39602.35        40512.35        910.00         
  23       7               离散机8            45366.48        46893.48        1527.00        
  23       8               离散机6            52914.62        54148.62        1234.00        

工件 24:
  24       0               打印机4            37142.48        47420.62        10278.14       
  24       1               批处理机2           47420.62        48255.62        835.00         

工件 25:
  25       0               打印机4            22605.72        37142.48        14536.76       
  25       1               批处理机2           37142.48        37977.48        835.00         
  25       2               离散机8            39219.48        40363.48        1144.00        
  25       3               离散机4            41570.48        43055.48        1485.00        
  25       4               离散机2            44524.48        46022.48        1498.00        

工件 26:
  26       0               打印机1            0.00            26423.35        26423.35       
  26       1               批处理机2           26423.35        27258.35        835.00         
  26       2               离散机6            27258.35        28675.35        1417.00        
  26       3               离散机5            31392.35        32988.35        1596.00        
  26       4               离散机5            32988.35        33975.35        987.00         

工件 27:
  27       0               打印机3            0.00            44549.30        44549.30       
  27       1               批处理机2           44549.30        45384.30        835.00         
  27       2               离散机7            45384.30        46781.30        1397.00        
  27       3               离散机4            46781.30        47779.30        998.00         
  27       4               离散机2            47779.30        49386.30        1607.00        
  27       5               离散机5            50173.62        51476.62        1303.00        
  27       6               离散机1            51476.62        52520.62        1044.00        

工件 28:
  28       0               打印机4            37142.48        47420.62        10278.14       
  28       1               批处理机2           47420.62        48255.62        835.00         
  28       2               离散机7            49208.62        50267.62        1059.00        

工件 29:
  29       0               打印机3            0.00            44549.30        44549.30       
  29       1               批处理机2           44549.30        45384.30        835.00         

工件 30:
  30       0               打印机4            0.00            22605.72        22605.72       
  30       1               批处理机2           22605.72        23440.72        835.00         
  30       2               离散机4            23440.72        24924.72        1484.00        
  30       3               离散机6            24924.72        26053.72        1129.00        
  30       4               离散机3            26053.72        27015.72        962.00         
  30       5               离散机7            28523.35        29832.35        1309.00        
  30       6               离散机3            42941.48        43874.48        933.00         
  30       7               离散机2            50733.30        52153.30        1420.00        

工件 31:
  31       0               打印机3            0.00            44549.30        44549.30       
  31       1               批处理机2           44549.30        45384.30        835.00         

工件 32:
  32       0               打印机4            22605.72        37142.48        14536.76       
  32       1               批处理机2           37142.48        37977.48        835.00         
  32       2               离散机6            42507.48        43580.48        1073.00        

工件 33:
  33       0               打印机4            22605.72        37142.48        14536.76       
  33       1               批处理机2           37142.48        37977.48        835.00         
  33       2               离散机6            40866.48        42507.48        1641.00        

工件 34:
  34       0               打印机1            0.00            26423.35        26423.35       
  34       1               批处理机2           26423.35        27258.35        835.00         
  34       2               离散机1            27258.35        28187.35        929.00         
  34       3               离散机1            34791.35        36353.35        1562.00        
  34       4               离散机6            36552.35        37590.35        1038.00        
  34       5               离散机4            50423.62        51552.62        1129.00        

工件 35:
  35       0               打印机4            0.00            22605.72        22605.72       
  35       1               批处理机2           22605.72        23440.72        835.00         
  35       2               离散机1            33363.35        34791.35        1428.00        
  35       3               离散机5            35912.35        37009.35        1097.00        

工件 36:
  36       0               打印机4            37142.48        47420.62        10278.14       
  36       1               批处理机2           47420.62        48255.62        835.00         
  36       2               离散机6            48255.62        49260.62        1005.00        
  36       3               离散机5            49260.62        50173.62        913.00         
  36       4               离散机6            50173.62        51353.62        1180.00        
  36       5               离散机7            51353.62        52562.62        1209.00        
  36       6               离散机5            52562.62        53503.62        941.00         
  36       7               离散机1            53503.62        54485.62        982.00         
  36       8               离散机2            54485.62        55499.62        1014.00        

工件 37:
  37       0               打印机4            0.00            22605.72        22605.72       
  37       1               批处理机2           22605.72        23440.72        835.00         

工件 38:
  38       0               打印机1            0.00            26423.35        26423.35       
  38       1               批处理机2           26423.35        27258.35        835.00         
  38       2               离散机7            27258.35        28523.35        1265.00        
  38       3               离散机3            29528.35        30475.35        947.00         
  38       4               离散机2            30475.35        31498.35        1023.00        
  38       5               离散机3            45761.48        47241.48        1480.00        
  38       6               离散机2            49386.30        50733.30        1347.00        

工件 39:
  39       0               打印机1            0.00            26423.35        26423.35       
  39       1               批处理机2           26423.35        27258.35        835.00         
  39       2               离散机3            31594.35        32787.35        1193.00        
  39       3               离散机7            43003.48        44221.48        1218.00        
  39       4               离散机1            46533.48        48063.48        1530.00        

工件 40:
  40       0               打印机4            22605.72        37142.48        14536.76       
  40       1               批处理机2           37142.48        37977.48        835.00         
  40       2               离散机4            39041.48        40032.48        991.00         
  40       3               离散机3            41844.48        42941.48        1097.00        
  40       4               离散机2            42941.48        44524.48        1583.00        
  40       5               离散机4            51552.62        52841.62        1289.00        

工件 41:
  41       0               打印机2            0.00            15445.04        15445.04       
  41       1               批处理机2           15445.04        16280.04        835.00         
  41       2               离散机4            20469.04        21991.04        1522.00        
  41       3               离散机7            21991.04        23590.04        1599.00        

工件 42:
  42       0               打印机1            0.00            26423.35        26423.35       
  42       1               批处理机2           26423.35        27258.35        835.00         
  42       2               离散机5            27258.35        28394.35        1136.00        
  42       3               离散机4            28394.35        29435.35        1041.00        
  42       4               离散机7            32452.35        33982.35        1530.00        
  42       5               离散机2            33982.35        35222.35        1240.00        
  42       6               离散机3            35222.35        36348.35        1126.00        
  42       7               离散机1            42410.48        44160.48        1750.00        
  42       8               离散机3            44160.48        45761.48        1601.00        
  42       9               离散机6            46470.30        47749.30        1279.00        

工件 43:
  43       0               打印机2            0.00            15445.04        15445.04       
  43       1               批处理机2           15445.04        16280.04        835.00         
  43       2               离散机1            16280.04        17468.04        1188.00        
  43       3               离散机7            17468.04        18410.04        942.00         
  43       4               离散机1            18410.04        19405.04        995.00         
  43       5               离散机5            19405.04        20724.04        1319.00        
  43       6               离散机3            20724.04        21713.04        989.00         
  43       7               离散机3            21713.04        23251.04        1538.00        
  43       8               离散机8            23251.04        24714.04        1463.00        

工件 44:
  44       0               打印机2            0.00            15445.04        15445.04       
  44       1               批处理机2           15445.04        16280.04        835.00         
  44       2               离散机8            16280.04        17298.04        1018.00        
  44       3               离散机4            17298.04        18975.04        1677.00        
  44       4               离散机4            18975.04        20469.04        1494.00        
  44       5               离散机1            20469.04        22260.04        1791.00        
  44       6               离散机5            22260.04        23275.04        1015.00        
  44       7               离散机3            36348.35        37832.35        1484.00        
  44       8               离散机5            38071.35        39339.35        1268.00        
  44       9               离散机2            39339.35        40306.35        967.00         

工件 45:
  45       0               打印机4            22605.72        37142.48        14536.76       
  45       1               批处理机2           37142.48        37977.48        835.00         
  45       2               离散机1            39615.48        41180.48        1565.00        
  45       3               离散机2            41180.48        42771.48        1591.00        
  45       4               离散机1            44160.48        45599.48        1439.00        
  45       5               离散机3            47241.48        48594.48        1353.00        
  45       6               离散机1            48594.48        50177.48        1583.00        
  45       7               离散机2            52153.30        53298.30        1145.00        

工件 46:
  46       0               打印机4            0.00            22605.72        22605.72       
  46       1               批处理机2           22605.72        23440.72        835.00         
  46       2               离散机1            23440.72        24970.72        1530.00        
  46       3               离散机7            24970.72        26070.72        1100.00        
  46       4               离散机7            29832.35        31062.35        1230.00        
  46       5               离散机7            36113.35        37301.35        1188.00        
  46       6               离散机7            37301.35        38799.35        1498.00        
  46       7               离散机4            44019.48        45360.48        1341.00        

工件 47:
  47       0               打印机4            22605.72        37142.48        14536.76       
  47       1               批处理机2           37142.48        37977.48        835.00         
  47       2               离散机6            37977.48        39020.48        1043.00        
  47       3               离散机1            41180.48        42410.48        1230.00        
  47       4               离散机8            42410.48        43906.48        1496.00        
  47       5               离散机8            43906.48        45366.48        1460.00        
  47       6               离散机7            50267.62        51267.62        1000.00        

工件 48:
  48       0               打印机1            0.00            26423.35        26423.35       
  48       1               批处理机2           26423.35        27258.35        835.00         
  48       2               离散机4            27258.35        28229.35        971.00         
  48       3               离散机5            28394.35        30052.35        1658.00        
  48       4               离散机4            32774.35        33783.35        1009.00        
  48       5               离散机6            33783.35        34974.35        1191.00        
  48       6               离散机1            36353.35        37309.35        956.00         
  48       7               离散机2            38255.35        39318.35        1063.00        

工件 49:
  49       0               打印机4            0.00            22605.72        22605.72       
  49       1               批处理机2           22605.72        23440.72        835.00         
  49       2               离散机6            26053.72        26982.72        929.00         
  49       3               离散机2            26982.72        28339.72        1357.00        
  49       4               离散机3            28610.35        29528.35        918.00         
  49       5               离散机8            32206.35        33165.35        959.00         
  49       6               离散机4            35150.35        36075.35        925.00         

【机器加工顺序记录】
----------------------------------------------------------------------------------------------------

打印机1:
工件号      工序号             开始时间            结束时间            加工时长           
--------------------------------------------------------------------------------
  2        0               0.00            26423.35        26423.35       
  11       0               0.00            26423.35        26423.35       
  12       0               0.00            26423.35        26423.35       
  14       0               0.00            26423.35        26423.35       
  18       0               0.00            26423.35        26423.35       
  19       0               0.00            26423.35        26423.35       
  26       0               0.00            26423.35        26423.35       
  34       0               0.00            26423.35        26423.35       
  38       0               0.00            26423.35        26423.35       
  39       0               0.00            26423.35        26423.35       
  42       0               0.00            26423.35        26423.35       
  48       0               0.00            26423.35        26423.35       

  机器利用率: 571.32% (忙碌时间: 317080.24 / 总时间: 55499.62)

打印机2:
工件号      工序号             开始时间            结束时间            加工时长           
--------------------------------------------------------------------------------
  41       0               0.00            15445.04        15445.04       
  43       0               0.00            15445.04        15445.04       
  44       0               0.00            15445.04        15445.04       

  机器利用率: 83.49% (忙碌时间: 46335.11 / 总时间: 55499.62)

打印机3:
工件号      工序号             开始时间            结束时间            加工时长           
--------------------------------------------------------------------------------
  4        0               0.00            44549.30        44549.30       
  5        0               0.00            44549.30        44549.30       
  13       0               0.00            44549.30        44549.30       
  21       0               0.00            44549.30        44549.30       
  27       0               0.00            44549.30        44549.30       
  29       0               0.00            44549.30        44549.30       
  31       0               0.00            44549.30        44549.30       

  机器利用率: 561.89% (忙碌时间: 311845.11 / 总时间: 55499.62)

打印机4:
工件号      工序号             开始时间            结束时间            加工时长           
--------------------------------------------------------------------------------
  1        0               0.00            22605.72        22605.72       
  6        0               0.00            22605.72        22605.72       
  7        0               0.00            22605.72        22605.72       
  17       0               0.00            22605.72        22605.72       
  20       0               0.00            22605.72        22605.72       
  22       0               0.00            22605.72        22605.72       
  23       0               0.00            22605.72        22605.72       
  30       0               0.00            22605.72        22605.72       
  35       0               0.00            22605.72        22605.72       
  37       0               0.00            22605.72        22605.72       
  46       0               0.00            22605.72        22605.72       
  49       0               0.00            22605.72        22605.72       
  0        0               22605.72        37142.48        14536.76       
  9        0               22605.72        37142.48        14536.76       
  10       0               22605.72        37142.48        14536.76       
  15       0               22605.72        37142.48        14536.76       
  25       0               22605.72        37142.48        14536.76       
  32       0               22605.72        37142.48        14536.76       
  33       0               22605.72        37142.48        14536.76       
  40       0               22605.72        37142.48        14536.76       
  45       0               22605.72        37142.48        14536.76       
  47       0               22605.72        37142.48        14536.76       
  3        0               37142.48        47420.62        10278.14       
  8        0               37142.48        47420.62        10278.14       
  16       0               37142.48        47420.62        10278.14       
  24       0               37142.48        47420.62        10278.14       
  28       0               37142.48        47420.62        10278.14       
  36       0               37142.48        47420.62        10278.14       

  机器利用率: 861.82% (忙碌时间: 478305.10 / 总时间: 55499.62)

批处理机1:
工件号      工序号             开始时间            结束时间            加工时长           
--------------------------------------------------------------------------------

  机器利用率: 0.00% (忙碌时间: 0.00 / 总时间: 55499.62)

批处理机2:
工件号      工序号             开始时间            结束时间            加工时长           
--------------------------------------------------------------------------------
  41       1               15445.04        16280.04        835.00         
  43       1               15445.04        16280.04        835.00         
  44       1               15445.04        16280.04        835.00         
  1        1               22605.72        23440.72        835.00         
  6        1               22605.72        23440.72        835.00         
  7        1               22605.72        23440.72        835.00         
  17       1               22605.72        23440.72        835.00         
  20       1               22605.72        23440.72        835.00         
  22       1               22605.72        23440.72        835.00         
  23       1               22605.72        23440.72        835.00         
  30       1               22605.72        23440.72        835.00         
  35       1               22605.72        23440.72        835.00         
  37       1               22605.72        23440.72        835.00         
  46       1               22605.72        23440.72        835.00         
  49       1               22605.72        23440.72        835.00         
  2        1               26423.35        27258.35        835.00         
  11       1               26423.35        27258.35        835.00         
  12       1               26423.35        27258.35        835.00         
  14       1               26423.35        27258.35        835.00         
  18       1               26423.35        27258.35        835.00         
  19       1               26423.35        27258.35        835.00         
  26       1               26423.35        27258.35        835.00         
  34       1               26423.35        27258.35        835.00         
  38       1               26423.35        27258.35        835.00         
  39       1               26423.35        27258.35        835.00         
  42       1               26423.35        27258.35        835.00         
  48       1               26423.35        27258.35        835.00         
  0        1               37142.48        37977.48        835.00         
  9        1               37142.48        37977.48        835.00         
  10       1               37142.48        37977.48        835.00         
  15       1               37142.48        37977.48        835.00         
  25       1               37142.48        37977.48        835.00         
  32       1               37142.48        37977.48        835.00         
  33       1               37142.48        37977.48        835.00         
  40       1               37142.48        37977.48        835.00         
  45       1               37142.48        37977.48        835.00         
  47       1               37142.48        37977.48        835.00         
  4        1               44549.30        45384.30        835.00         
  5        1               44549.30        45384.30        835.00         
  13       1               44549.30        45384.30        835.00         
  21       1               44549.30        45384.30        835.00         
  27       1               44549.30        45384.30        835.00         
  29       1               44549.30        45384.30        835.00         
  31       1               44549.30        45384.30        835.00         
  3        1               47420.62        48255.62        835.00         
  8        1               47420.62        48255.62        835.00         
  16       1               47420.62        48255.62        835.00         
  24       1               47420.62        48255.62        835.00         
  28       1               47420.62        48255.62        835.00         
  36       1               47420.62        48255.62        835.00         

  机器利用率: 75.23% (忙碌时间: 41750.00 / 总时间: 55499.62)

离散机1:
工件号      工序号             开始时间            结束时间            加工时长           
--------------------------------------------------------------------------------
  43       2               16280.04        17468.04        1188.00        
  43       4               18410.04        19405.04        995.00         
  44       5               20469.04        22260.04        1791.00        
  46       2               23440.72        24970.72        1530.00        
  20       2               24970.72        25930.72        960.00         
  23       3               25930.72        27241.72        1311.00        
  34       2               27258.35        28187.35        929.00         
  7        3               28187.35        29550.35        1363.00        
  22       3               30660.35        31646.35        986.00         
  14       6               32452.35        33363.35        911.00         
  35       2               33363.35        34791.35        1428.00        
  34       3               34791.35        36353.35        1562.00        
  48       6               36353.35        37309.35        956.00         
  9        2               37977.48        39615.48        1638.00        
  45       2               39615.48        41180.48        1565.00        
  47       3               41180.48        42410.48        1230.00        
  42       7               42410.48        44160.48        1750.00        
  45       4               44160.48        45599.48        1439.00        
  1        7               45599.48        46533.48        934.00         
  39       4               46533.48        48063.48        1530.00        
  45       6               48594.48        50177.48        1583.00        
  27       6               51476.62        52520.62        1044.00        
  36       7               53503.62        54485.62        982.00         

  机器利用率: 53.34% (忙碌时间: 29605.00 / 总时间: 55499.62)

离散机2:
工件号      工序号             开始时间            结束时间            加工时长           
--------------------------------------------------------------------------------
  49       3               26982.72        28339.72        1357.00        
  1        3               28339.72        29817.72        1478.00        
  38       4               30475.35        31498.35        1023.00        
  22       4               31646.35        32725.35        1079.00        
  11       4               32725.35        33776.35        1051.00        
  42       5               33982.35        35222.35        1240.00        
  6        6               35222.35        36953.35        1731.00        
  2        4               36953.35        38255.35        1302.00        
  48       7               38255.35        39318.35        1063.00        
  44       9               39339.35        40306.35        967.00         
  45       3               41180.48        42771.48        1591.00        
  40       4               42941.48        44524.48        1583.00        
  25       4               44524.48        46022.48        1498.00        
  13       3               46470.30        47735.30        1265.00        
  27       4               47779.30        49386.30        1607.00        
  38       6               49386.30        50733.30        1347.00        
  30       7               50733.30        52153.30        1420.00        
  45       7               52153.30        53298.30        1145.00        
  9        8               53298.30        54221.30        923.00         
  36       8               54485.62        55499.62        1014.00        

  机器利用率: 46.28% (忙碌时间: 25684.00 / 总时间: 55499.62)

离散机3:
工件号      工序号             开始时间            结束时间            加工时长           
--------------------------------------------------------------------------------
  43       6               20724.04        21713.04        989.00         
  43       7               21713.04        23251.04        1538.00        
  23       2               23440.72        24626.72        1186.00        
  30       4               26053.72        27015.72        962.00         
  14       2               27258.35        28610.35        1352.00        
  49       4               28610.35        29528.35        918.00         
  38       3               29528.35        30475.35        947.00         
  20       3               30475.35        31594.35        1119.00        
  39       2               31594.35        32787.35        1193.00        
  19       3               32787.35        33813.35        1026.00        
  20       4               33813.35        34970.35        1157.00        
  42       6               35222.35        36348.35        1126.00        
  44       7               36348.35        37832.35        1484.00        
  1        4               37832.35        39602.35        1770.00        
  23       6               39602.35        40512.35        910.00         
  9        4               40713.48        41844.48        1131.00        
  40       3               41844.48        42941.48        1097.00        
  30       6               42941.48        43874.48        933.00         
  42       8               44160.48        45761.48        1601.00        
  38       5               45761.48        47241.48        1480.00        
  45       5               47241.48        48594.48        1353.00        
  11       8               48594.48        50279.48        1685.00        
  16       4               50423.62        51743.62        1320.00        
  11       9               51743.62        53288.62        1545.00        
  16       6               53288.62        54493.62        1205.00        

  机器利用率: 55.90% (忙碌时间: 31027.00 / 总时间: 55499.62)

离散机4:
工件号      工序号             开始时间            结束时间            加工时长           
--------------------------------------------------------------------------------
  44       3               17298.04        18975.04        1677.00        
  44       4               18975.04        20469.04        1494.00        
  41       2               20469.04        21991.04        1522.00        
  30       2               23440.72        24924.72        1484.00        
  6        3               24924.72        26106.72        1182.00        
  17       2               26106.72        27097.72        991.00         
  48       2               27258.35        28229.35        971.00         
  42       3               28394.35        29435.35        1041.00        
  22       2               29435.35        30660.35        1225.00        
  2        2               30660.35        31657.35        997.00         
  7        4               31657.35        32774.35        1117.00        
  48       4               32774.35        33783.35        1009.00        
  6        5               33783.35        35150.35        1367.00        
  49       6               35150.35        36075.35        925.00         
  11       5               36075.35        37374.35        1299.00        
  0        2               37977.48        39041.48        1064.00        
  40       2               39041.48        40032.48        991.00         
  11       6               40032.48        41570.48        1538.00        
  25       3               41570.48        43055.48        1485.00        
  14       7               43055.48        44019.48        964.00         
  46       7               44019.48        45360.48        1341.00        
  20       6               45360.48        46522.48        1162.00        
  27       3               46781.30        47779.30        998.00         
  13       4               47779.30        49170.30        1391.00        
  16       3               49208.62        50423.62        1215.00        
  34       5               50423.62        51552.62        1129.00        
  40       5               51552.62        52841.62        1289.00        

  机器利用率: 59.22% (忙碌时间: 32868.00 / 总时间: 55499.62)

离散机5:
工件号      工序号             开始时间            结束时间            加工时长           
--------------------------------------------------------------------------------
  43       5               19405.04        20724.04        1319.00        
  44       6               22260.04        23275.04        1015.00        
  6        2               23440.72        24651.72        1211.00        
  1        2               24651.72        26155.72        1504.00        
  42       2               27258.35        28394.35        1136.00        
  48       3               28394.35        30052.35        1658.00        
  19       2               30052.35        31392.35        1340.00        
  26       3               31392.35        32988.35        1596.00        
  26       4               32988.35        33975.35        987.00         
  20       5               34970.35        35912.35        942.00         
  35       3               35912.35        37009.35        1097.00        
  6        7               37009.35        38071.35        1062.00        
  44       8               38071.35        39339.35        1268.00        
  9        3               39615.48        40713.48        1098.00        
  9        5               41844.48        43050.48        1206.00        
  9        6               43050.48        44459.48        1409.00        
  7        7               44459.48        45628.48        1169.00        
  11       7               45628.48        46624.48        996.00         
  2        7               46624.48        48026.48        1402.00        
  2        8               48026.48        49100.48        1074.00        
  36       3               49260.62        50173.62        913.00         
  27       5               50173.62        51476.62        1303.00        
  36       6               52562.62        53503.62        941.00         

  机器利用率: 49.81% (忙碌时间: 27646.00 / 总时间: 55499.62)

离散机6:
工件号      工序号             开始时间            结束时间            加工时长           
--------------------------------------------------------------------------------
  7        2               23440.72        24541.72        1101.00        
  30       3               24924.72        26053.72        1129.00        
  49       2               26053.72        26982.72        929.00         
  26       2               27258.35        28675.35        1417.00        
  23       4               28675.35        29619.35        944.00         
  14       4               29822.35        31260.35        1438.00        
  18       2               31260.35        32362.35        1102.00        
  22       5               32725.35        33725.35        1000.00        
  48       5               33783.35        34974.35        1191.00        
  22       6               34974.35        36552.35        1578.00        
  34       4               36552.35        37590.35        1038.00        
  47       2               37977.48        39020.48        1043.00        
  15       3               39219.48        40866.48        1647.00        
  33       2               40866.48        42507.48        1641.00        
  32       2               42507.48        43580.48        1073.00        
  15       4               43580.48        45300.48        1720.00        
  13       2               45384.30        46470.30        1086.00        
  42       9               46470.30        47749.30        1279.00        
  36       2               48255.62        49260.62        1005.00        
  36       4               50173.62        51353.62        1180.00        
  16       5               51743.62        52914.62        1171.00        
  23       8               52914.62        54148.62        1234.00        

  机器利用率: 48.55% (忙碌时间: 26946.00 / 总时间: 55499.62)

离散机7:
工件号      工序号             开始时间            结束时间            加工时长           
--------------------------------------------------------------------------------
  43       3               17468.04        18410.04        942.00         
  41       3               21991.04        23590.04        1599.00        
  46       3               24970.72        26070.72        1100.00        
  6        4               26106.72        27211.72        1105.00        
  38       2               27258.35        28523.35        1265.00        
  30       5               28523.35        29832.35        1309.00        
  46       4               29832.35        31062.35        1230.00        
  14       5               31260.35        32452.35        1192.00        
  42       4               32452.35        33982.35        1530.00        
  7        5               33982.35        34981.35        999.00         
  2        3               34981.35        36113.35        1132.00        
  46       5               36113.35        37301.35        1188.00        
  46       6               37301.35        38799.35        1498.00        
  7        6               38799.35        39864.35        1065.00        
  2        5               39864.35        41289.35        1425.00        
  1        6               41949.48        43003.48        1054.00        
  39       3               43003.48        44221.48        1218.00        
  2        6               44221.48        45363.48        1142.00        
  27       2               45384.30        46781.30        1397.00        
  10       2               46781.30        48102.30        1321.00        
  16       2               48255.62        49208.62        953.00         
  28       2               49208.62        50267.62        1059.00        
  47       6               50267.62        51267.62        1000.00        
  36       5               51353.62        52562.62        1209.00        
  13       5               52562.62        54141.62        1579.00        

  机器利用率: 54.98% (忙碌时间: 30511.00 / 总时间: 55499.62)

离散机8:
工件号      工序号             开始时间            结束时间            加工时长           
--------------------------------------------------------------------------------
  44       2               16280.04        17298.04        1018.00        
  43       8               23251.04        24714.04        1463.00        
  11       2               27258.35        28696.35        1438.00        
  14       3               28696.35        29822.35        1126.00        
  11       3               29822.35        31276.35        1454.00        
  12       2               31276.35        32206.35        930.00         
  49       5               32206.35        33165.35        959.00         
  23       5               33165.35        34525.35        1360.00        
  18       3               34525.35        36130.35        1605.00        
  18       4               36130.35        37657.35        1527.00        
  15       2               37977.48        39219.48        1242.00        
  25       2               39219.48        40363.48        1144.00        
  1        5               40363.48        41949.48        1586.00        
  47       4               42410.48        43906.48        1496.00        
  47       5               43906.48        45366.48        1460.00        
  23       7               45366.48        46893.48        1527.00        
  15       5               46893.48        48209.48        1316.00        
  9        7               48209.48        50007.48        1798.00        
  5        2               50007.48        50947.48        940.00         

  机器利用率: 45.75% (忙碌时间: 25389.00 / 总时间: 55499.62)

【打印批次详细信息】
----------------------------------------------------------------------------------------------------

打印机 1 (尺寸: 1061.0 x 460.0 x 511.0):
--------------------------------------------------------------------------------
  批次 1: 零件数=12, 占用率=82.33%
    - 48: 尺寸 362.0 x 158.0 x 102.0
    - 38: 尺寸 480.0 x 86.0 x 105.0
    - 2: 尺寸 197.0 x 71.0 x 91.0
    - 18: 尺寸 172.0 x 284.0 x 110.0
    - 19: 尺寸 255.0 x 86.0 x 76.0
    - 11: 尺寸 255.0 x 222.0 x 86.0
    - 14: 尺寸 111.0 x 129.0 x 73.0
    - 39: 尺寸 243.0 x 134.0 x 70.0
    - 34: 尺寸 151.0 x 136.0 x 15.0
    - 12: 尺寸 94.0 x 138.0 x 44.0
    - 42: 尺寸 183.0 x 168.0 x 70.0
    - 26: 尺寸 371.0 x 137.0 x 62.0

打印机 2 (尺寸: 1102.0 x 487.0 x 623.0):
--------------------------------------------------------------------------------
  批次 1: 零件数=3, 占用率=56.06%
    - 44: 尺寸 632.0 x 309.0 x 29.0
    - 41: 尺寸 444.0 x 226.0 x 15.0
    - 43: 尺寸 69.0 x 76.0 x 28.0

打印机 3 (尺寸: 977.0 x 403.0 x 687.0):
--------------------------------------------------------------------------------
  批次 1: 零件数=7, 占用率=59.61%
    - 29: 尺寸 90.0 x 93.0 x 92.0
    - 31: 尺寸 359.0 x 232.0 x 75.0
    - 4: 尺寸 98.0 x 66.0 x 169.0
    - 5: 尺寸 145.0 x 86.0 x 67.0
    - 27: 尺寸 80.0 x 113.0 x 151.0
    - 21: 尺寸 200.0 x 92.0 x 13.0
    - 13: 尺寸 636.0 x 152.0 x 46.0

打印机 4 (尺寸: 1162.0 x 485.0 x 618.0):
--------------------------------------------------------------------------------
  批次 1: 零件数=12, 占用率=94.73%
    - 6: 尺寸 501.0 x 339.0 x 185.0
    - 17: 尺寸 183.0 x 141.0 x 188.0
    - 49: 尺寸 476.0 x 230.0 x 168.0
    - 20: 尺寸 185.0 x 136.0 x 179.0
    - 46: 尺寸 463.0 x 229.0 x 199.0
    - 1: 尺寸 197.0 x 108.0 x 87.0
    - 7: 尺寸 153.0 x 146.0 x 90.0
    - 22: 尺寸 59.0 x 130.0 x 135.0
    - 23: 尺寸 263.0 x 91.0 x 136.0
    - 35: 尺寸 147.0 x 74.0 x 98.0
    - 30: 尺寸 51.0 x 57.0 x 63.0
    - 37: 尺寸 158.0 x 54.0 x 89.0
  批次 2: 零件数=10, 占用率=85.45%
    - 15: 尺寸 561.0 x 343.0 x 127.0
    - 47: 尺寸 555.0 x 334.0 x 118.0
    - 45: 尺寸 160.0 x 143.0 x 116.0
    - 25: 尺寸 105.0 x 80.0 x 86.0
    - 32: 尺寸 117.0 x 87.0 x 57.0
    - 9: 尺寸 206.0 x 137.0 x 68.0
    - 33: 尺寸 112.0 x 98.0 x 19.0
    - 0: 尺寸 60.0 x 69.0 x 11.0
    - 40: 尺寸 64.0 x 124.0 x 42.0
    - 10: 尺寸 140.0 x 79.0 x 32.0
  批次 3: 零件数=6, 占用率=83.96%
    - 36: 尺寸 288.0 x 192.0 x 89.0
    - 24: 尺寸 310.0 x 250.0 x 57.0
    - 3: 尺寸 550.0 x 193.0 x 83.0
    - 28: 尺寸 207.0 x 159.0 x 88.0
    - 8: 尺寸 451.0 x 292.0 x 10.0
    - 16: 尺寸 438.0 x 159.0 x 84.0

════════════════════════════════════════════════════════════════
