════════════════════════════════════════════════════════════════
              最优Cmax解的详细调度记录
════════════════════════════════════════════════════════════════

【基本信息】
----------------------------------------------------------------------------------------------------
Cmax (最大完工时间): 50734.27
能耗: 292.54 kWh
装箱质量: 0.1861
批次总数: 3
工件数量: 20
机器数量: 10 (打印机:3, 批处理机:2, 离散机:5)

【染色体编码】
----------------------------------------------------------------------------------------------------
工序序列 (OS): [12, 13, 19, 9, 7, 16, 18, 8, 17, 10, 1, 5, 15, 0, 3, 11, 6, 14, 4, 2, 14, 0, 0, 5, 14, 10, 2, 12, 11, 18, 3, 0, 13, 5, 14, 5, 2, 17, 1, 14, 3, 11, 7, 3, 0, 7, 15, 9, 15, 11, 0, 4, 13, 8, 6, 1, 1, 0, 11, 7, 9, 0, 2, 2, 7, 7, 17, 3, 4, 3, 17, 5, 10, 10, 9, 1, 14, 14, 2, 18, 18, 17, 12, 4, 12, 3, 5, 1, 2, 14, 15, 9, 3, 4, 16, 0, 14]
机器选择 (MS): [2, 2, 1, 1, 2, 2, 3, 3, 3, 2, 1, 2, 2, 3, 1, 2, 1, 3, 2, 2, 1, 1, 1, 3, 1, 2, 1, 2, 2, 1, 2, 1, 3, 1, 3, 1, 1, 1, 3, 3, 1, 1, 1, 1, 1, 3, 1, 2, 1, 1, 2, 3, 1, 1, 3, 2, 1, 1, 1, 1, 1, 2, 2, 1, 3, 2, 2, 1, 2, 1, 2, 1, 3, 1, 1, 2, 1, 2, 1, 1, 1, 1, 1, 2, 1, 1, 1, 1, 1, 2, 2, 1, 1, 2, 1, 2, 1]

【零件加工顺序记录】
----------------------------------------------------------------------------------------------------
工件号      工序号             机器号             开始时间            结束时间            加工时长           
----------------------------------------------------------------------------------------------------

工件 0:
  0        0               打印机3            0.00            19430.89        19430.89       
  0        1               批处理机1           19430.89        20489.89        1059.00        
  0        2               离散机5            20489.89        22105.89        1616.00        
  0        3               离散机2            22105.89        23768.89        1663.00        
  0        4               离散机3            23768.89        25567.89        1799.00        
  0        5               离散机5            25567.89        26476.89        909.00         
  0        6               离散机3            26476.89        28225.89        1749.00        
  0        7               离散机2            28225.89        29257.89        1032.00        
  0        8               离散机4            29257.89        30312.89        1055.00        
  0        9               离散机2            31889.89        32984.89        1095.00        

工件 1:
  1        0               打印机1            0.00            38893.51        38893.51       
  1        1               批处理机1           38893.51        39952.51        1059.00        
  1        2               离散机3            40549.27        41789.27        1240.00        
  1        3               离散机4            41820.27        42875.27        1055.00        
  1        4               离散机3            44310.27        45461.27        1151.00        
  1        5               离散机2            45867.27        46916.27        1049.00        
  1        6               离散机4            49453.27        50386.27        933.00         

工件 2:
  2        0               打印机2            0.00            35792.27        35792.27       
  2        1               批处理机1           35792.27        36851.27        1059.00        
  2        2               离散机5            36851.27        38177.27        1326.00        
  2        3               离散机4            38966.27        40425.27        1459.00        
  2        4               离散机2            41029.27        42709.27        1680.00        
  2        5               离散机1            42766.27        44338.27        1572.00        
  2        6               离散机2            46916.27        47900.27        984.00         
  2        7               离散机3            49131.27        50378.27        1247.00        

工件 3:
  3        0               打印机1            0.00            38893.51        38893.51       
  3        1               批处理机1           38893.51        39952.51        1059.00        
  3        2               离散机5            39952.51        41345.51        1393.00        
  3        3               离散机3            41789.27        43000.27        1211.00        
  3        4               离散机4            43000.27        44516.27        1516.00        
  3        5               离散机2            44516.27        45867.27        1351.00        
  3        6               离散机3            46428.27        48152.27        1724.00        
  3        7               离散机5            48152.27        49758.27        1606.00        
  3        8               离散机5            49758.27        50734.27        976.00         

工件 4:
  4        0               打印机2            0.00            35792.27        35792.27       
  4        1               批处理机1           35792.27        36851.27        1059.00        
  4        2               离散机5            38177.27        39947.27        1770.00        
  4        3               离散机4            44516.27        45878.27        1362.00        
  4        4               离散机3            48152.27        49131.27        979.00         
  4        5               离散机1            49131.27        50387.27        1256.00        

工件 5:
  5        0               打印机2            0.00            35792.27        35792.27       
  5        1               批处理机1           35792.27        36851.27        1059.00        
  5        2               离散机3            36851.27        38257.27        1406.00        
  5        3               离散机3            38257.27        39605.27        1348.00        
  5        4               离散机3            39605.27        40549.27        944.00         
  5        5               离散机1            45407.27        46332.27        925.00         
  5        6               离散机4            47903.27        49453.27        1550.00        

工件 6:
  6        0               打印机1            0.00            38893.51        38893.51       
  6        1               批处理机1           38893.51        39952.51        1059.00        
  6        2               离散机4            40425.27        41820.27        1395.00        

工件 7:
  7        0               打印机2            0.00            35792.27        35792.27       
  7        1               批处理机1           35792.27        36851.27        1059.00        
  7        2               离散机1            36851.27        37927.27        1076.00        
  7        3               离散机1            37927.27        38932.27        1005.00        
  7        4               离散机1            41270.27        42766.27        1496.00        
  7        5               离散机1            44338.27        45407.27        1069.00        
  7        6               离散机3            45461.27        46428.27        967.00         

工件 8:
  8        0               打印机3            0.00            19430.89        19430.89       
  8        1               批处理机1           19430.89        20489.89        1059.00        
  8        2               离散机3            20489.89        21828.89        1339.00        

工件 9:
  9        0               打印机1            0.00            38893.51        38893.51       
  9        1               批处理机1           38893.51        39952.51        1059.00        
  9        2               离散机3            43000.27        44310.27        1310.00        
  9        3               离散机5            45024.51        46492.51        1468.00        
  9        4               离散机5            46492.51        47860.51        1368.00        
  9        5               离散机2            48957.27        50031.27        1074.00        

工件 10:
  10       0               打印机2            0.00            35792.27        35792.27       
  10       1               批处理机1           35792.27        36851.27        1059.00        
  10       2               离散机2            36851.27        38506.27        1655.00        
  10       3               离散机4            45878.27        46987.27        1109.00        
  10       4               离散机4            46987.27        47903.27        916.00         

工件 11:
  11       0               打印机2            0.00            35792.27        35792.27       
  11       1               批处理机1           35792.27        36851.27        1059.00        
  11       2               离散机4            37753.27        38966.27        1213.00        
  11       3               离散机2            39944.27        41029.27        1085.00        
  11       4               离散机5            41345.51        42720.51        1375.00        
  11       5               离散机5            43845.51        45024.51        1179.00        

工件 12:
  12       0               打印机2            0.00            35792.27        35792.27       
  12       1               批处理机1           35792.27        36851.27        1059.00        
  12       2               离散机4            36851.27        37753.27        902.00         
  12       3               离散机1            46332.27        47872.27        1540.00        
  12       4               离散机2            47900.27        48957.27        1057.00        

工件 13:
  13       0               打印机2            0.00            35792.27        35792.27       
  13       1               批处理机1           35792.27        36851.27        1059.00        
  13       2               离散机2            38506.27        39944.27        1438.00        
  13       3               离散机5            42720.51        43845.51        1125.00        

工件 14:
  14       0               打印机3            0.00            19430.89        19430.89       
  14       1               批处理机1           19430.89        20489.89        1059.00        
  14       2               离散机1            20489.89        21466.89        977.00         
  14       3               离散机4            21466.89        23180.89        1714.00        
  14       4               离散机5            23180.89        24628.89        1448.00        
  14       5               离散机4            24628.89        26009.89        1381.00        
  14       6               离散机2            26009.89        27746.89        1737.00        
  14       7               离散机5            27746.89        29017.89        1271.00        
  14       8               离散机1            29017.89        30311.89        1294.00        
  14       9               离散机2            32984.89        34038.89        1054.00        

工件 15:
  15       0               打印机2            0.00            35792.27        35792.27       
  15       1               批处理机1           35792.27        36851.27        1059.00        
  15       2               离散机1            38932.27        39834.27        902.00         
  15       3               离散机1            39834.27        41270.27        1436.00        
  15       4               离散机1            47872.27        49069.27        1197.00        

工件 16:
  16       0               打印机2            0.00            35792.27        35792.27       
  16       1               批处理机1           35792.27        36851.27        1059.00        
  16       2               离散机2            42709.27        44077.27        1368.00        

工件 17:
  17       0               打印机3            0.00            19430.89        19430.89       
  17       1               批处理机1           19430.89        20489.89        1059.00        
  17       2               离散机5            22105.89        23063.89        958.00         
  17       3               离散机3            28225.89        29911.89        1686.00        
  17       4               离散机2            29911.89        30901.89        990.00         
  17       5               离散机3            30901.89        31908.89        1007.00        

工件 18:
  18       0               打印机3            0.00            19430.89        19430.89       
  18       1               批处理机1           19430.89        20489.89        1059.00        
  18       2               离散机2            23768.89        25399.89        1631.00        
  18       3               离散机2            30901.89        31889.89        988.00         
  18       4               离散机1            31889.89        32890.89        1001.00        

工件 19:
  19       0               打印机1            0.00            38893.51        38893.51       
  19       1               批处理机1           38893.51        39952.51        1059.00        

【机器加工顺序记录】
----------------------------------------------------------------------------------------------------

打印机1:
工件号      工序号             开始时间            结束时间            加工时长           
--------------------------------------------------------------------------------
  1        0               0.00            38893.51        38893.51       
  3        0               0.00            38893.51        38893.51       
  6        0               0.00            38893.51        38893.51       
  9        0               0.00            38893.51        38893.51       
  19       0               0.00            38893.51        38893.51       

  机器利用率: 383.31% (忙碌时间: 194467.57 / 总时间: 50734.27)

打印机2:
工件号      工序号             开始时间            结束时间            加工时长           
--------------------------------------------------------------------------------
  2        0               0.00            35792.27        35792.27       
  4        0               0.00            35792.27        35792.27       
  5        0               0.00            35792.27        35792.27       
  7        0               0.00            35792.27        35792.27       
  10       0               0.00            35792.27        35792.27       
  11       0               0.00            35792.27        35792.27       
  12       0               0.00            35792.27        35792.27       
  13       0               0.00            35792.27        35792.27       
  15       0               0.00            35792.27        35792.27       
  16       0               0.00            35792.27        35792.27       

  机器利用率: 705.49% (忙碌时间: 357922.74 / 总时间: 50734.27)

打印机3:
工件号      工序号             开始时间            结束时间            加工时长           
--------------------------------------------------------------------------------
  0        0               0.00            19430.89        19430.89       
  8        0               0.00            19430.89        19430.89       
  14       0               0.00            19430.89        19430.89       
  17       0               0.00            19430.89        19430.89       
  18       0               0.00            19430.89        19430.89       

  机器利用率: 191.50% (忙碌时间: 97154.44 / 总时间: 50734.27)

批处理机1:
工件号      工序号             开始时间            结束时间            加工时长           
--------------------------------------------------------------------------------
  0        1               19430.89        20489.89        1059.00        
  8        1               19430.89        20489.89        1059.00        
  14       1               19430.89        20489.89        1059.00        
  17       1               19430.89        20489.89        1059.00        
  18       1               19430.89        20489.89        1059.00        
  2        1               35792.27        36851.27        1059.00        
  4        1               35792.27        36851.27        1059.00        
  5        1               35792.27        36851.27        1059.00        
  7        1               35792.27        36851.27        1059.00        
  10       1               35792.27        36851.27        1059.00        
  11       1               35792.27        36851.27        1059.00        
  12       1               35792.27        36851.27        1059.00        
  13       1               35792.27        36851.27        1059.00        
  15       1               35792.27        36851.27        1059.00        
  16       1               35792.27        36851.27        1059.00        
  1        1               38893.51        39952.51        1059.00        
  3        1               38893.51        39952.51        1059.00        
  6        1               38893.51        39952.51        1059.00        
  9        1               38893.51        39952.51        1059.00        
  19       1               38893.51        39952.51        1059.00        

  机器利用率: 41.75% (忙碌时间: 21180.00 / 总时间: 50734.27)

批处理机2:
工件号      工序号             开始时间            结束时间            加工时长           
--------------------------------------------------------------------------------

  机器利用率: 0.00% (忙碌时间: 0.00 / 总时间: 50734.27)

离散机1:
工件号      工序号             开始时间            结束时间            加工时长           
--------------------------------------------------------------------------------
  14       2               20489.89        21466.89        977.00         
  14       8               29017.89        30311.89        1294.00        
  18       4               31889.89        32890.89        1001.00        
  7        2               36851.27        37927.27        1076.00        
  7        3               37927.27        38932.27        1005.00        
  15       2               38932.27        39834.27        902.00         
  15       3               39834.27        41270.27        1436.00        
  7        4               41270.27        42766.27        1496.00        
  2        5               42766.27        44338.27        1572.00        
  7        5               44338.27        45407.27        1069.00        
  5        5               45407.27        46332.27        925.00         
  12       3               46332.27        47872.27        1540.00        
  15       4               47872.27        49069.27        1197.00        
  4        5               49131.27        50387.27        1256.00        

  机器利用率: 33.01% (忙碌时间: 16746.00 / 总时间: 50734.27)

离散机2:
工件号      工序号             开始时间            结束时间            加工时长           
--------------------------------------------------------------------------------
  0        3               22105.89        23768.89        1663.00        
  18       2               23768.89        25399.89        1631.00        
  14       6               26009.89        27746.89        1737.00        
  0        7               28225.89        29257.89        1032.00        
  17       4               29911.89        30901.89        990.00         
  18       3               30901.89        31889.89        988.00         
  0        9               31889.89        32984.89        1095.00        
  14       9               32984.89        34038.89        1054.00        
  10       2               36851.27        38506.27        1655.00        
  13       2               38506.27        39944.27        1438.00        
  11       3               39944.27        41029.27        1085.00        
  2        4               41029.27        42709.27        1680.00        
  16       2               42709.27        44077.27        1368.00        
  3        5               44516.27        45867.27        1351.00        
  1        5               45867.27        46916.27        1049.00        
  2        6               46916.27        47900.27        984.00         
  12       4               47900.27        48957.27        1057.00        
  9        5               48957.27        50031.27        1074.00        

  机器利用率: 45.20% (忙碌时间: 22931.00 / 总时间: 50734.27)

离散机3:
工件号      工序号             开始时间            结束时间            加工时长           
--------------------------------------------------------------------------------
  8        2               20489.89        21828.89        1339.00        
  0        4               23768.89        25567.89        1799.00        
  0        6               26476.89        28225.89        1749.00        
  17       3               28225.89        29911.89        1686.00        
  17       5               30901.89        31908.89        1007.00        
  5        2               36851.27        38257.27        1406.00        
  5        3               38257.27        39605.27        1348.00        
  5        4               39605.27        40549.27        944.00         
  1        2               40549.27        41789.27        1240.00        
  3        3               41789.27        43000.27        1211.00        
  9        2               43000.27        44310.27        1310.00        
  1        4               44310.27        45461.27        1151.00        
  7        6               45461.27        46428.27        967.00         
  3        6               46428.27        48152.27        1724.00        
  4        4               48152.27        49131.27        979.00         
  2        7               49131.27        50378.27        1247.00        

  机器利用率: 41.60% (忙碌时间: 21107.00 / 总时间: 50734.27)

离散机4:
工件号      工序号             开始时间            结束时间            加工时长           
--------------------------------------------------------------------------------
  14       3               21466.89        23180.89        1714.00        
  14       5               24628.89        26009.89        1381.00        
  0        8               29257.89        30312.89        1055.00        
  12       2               36851.27        37753.27        902.00         
  11       2               37753.27        38966.27        1213.00        
  2        3               38966.27        40425.27        1459.00        
  6        2               40425.27        41820.27        1395.00        
  1        3               41820.27        42875.27        1055.00        
  3        4               43000.27        44516.27        1516.00        
  4        3               44516.27        45878.27        1362.00        
  10       3               45878.27        46987.27        1109.00        
  10       4               46987.27        47903.27        916.00         
  5        6               47903.27        49453.27        1550.00        
  1        6               49453.27        50386.27        933.00         

  机器利用率: 34.61% (忙碌时间: 17560.00 / 总时间: 50734.27)

离散机5:
工件号      工序号             开始时间            结束时间            加工时长           
--------------------------------------------------------------------------------
  0        2               20489.89        22105.89        1616.00        
  17       2               22105.89        23063.89        958.00         
  14       4               23180.89        24628.89        1448.00        
  0        5               25567.89        26476.89        909.00         
  14       7               27746.89        29017.89        1271.00        
  2        2               36851.27        38177.27        1326.00        
  4        2               38177.27        39947.27        1770.00        
  3        2               39952.51        41345.51        1393.00        
  11       4               41345.51        42720.51        1375.00        
  13       3               42720.51        43845.51        1125.00        
  11       5               43845.51        45024.51        1179.00        
  9        3               45024.51        46492.51        1468.00        
  9        4               46492.51        47860.51        1368.00        
  3        7               48152.27        49758.27        1606.00        
  3        8               49758.27        50734.27        976.00         

  机器利用率: 39.00% (忙碌时间: 19788.00 / 总时间: 50734.27)

【打印批次详细信息】
----------------------------------------------------------------------------------------------------

打印机 1 (尺寸: 922.0 x 523.0 x 550.0):
--------------------------------------------------------------------------------
  批次 1: 零件数=5, 占用率=64.67%
    - 19: 尺寸 421.0 x 162.0 x 57.0
    - 9: 尺寸 350.0 x 229.0 x 45.0
    - 1: 尺寸 142.0 x 437.0 x 75.0
    - 3: 尺寸 271.0 x 242.0 x 58.0
    - 6: 尺寸 197.0 x 182.0 x 71.0

打印机 2 (尺寸: 873.0 x 508.0 x 673.0):
--------------------------------------------------------------------------------
  批次 1: 零件数=10, 占用率=88.18%
    - 12: 尺寸 342.0 x 247.0 x 136.0
    - 13: 尺寸 86.0 x 133.0 x 135.0
    - 15: 尺寸 426.0 x 250.0 x 198.0
    - 11: 尺寸 96.0 x 133.0 x 119.0
    - 16: 尺寸 330.0 x 256.0 x 97.0
    - 7: 尺寸 197.0 x 177.0 x 83.0
    - 10: 尺寸 182.0 x 76.0 x 137.0
    - 2: 尺寸 50.0 x 118.0 x 129.0
    - 5: 尺寸 108.0 x 211.0 x 124.0
    - 4: 尺寸 115.0 x 122.0 x 66.0

打印机 3 (尺寸: 1126.0 x 567.0 x 666.0):
--------------------------------------------------------------------------------
  批次 1: 零件数=5, 占用率=18.61%
    - 18: 尺寸 103.0 x 64.0 x 34.0
    - 8: 尺寸 136.0 x 243.0 x 16.0
    - 17: 尺寸 96.0 x 148.0 x 22.0
    - 0: 尺寸 290.0 x 95.0 x 15.0
    - 14: 尺寸 260.0 x 144.0 x 33.0

════════════════════════════════════════════════════════════════
