================================================================================
                          实验结果报告
================================================================================
实验名称: 田口试验11 - T11_pop100_pc0.7_pm0.2_N30_TS100_L30
算例名称: 2M80J
运行ID: 2
实验时间: 2026-02-14 04:25:56

【参数配置】
  最大代数: 1000000
  种群规模: 100
  变异率: 0.15
  交叉率: 0.7

================================================================================
                          最终实验结果
================================================================================
最优Cmax: 512200.5000
运行时间: 300029 ms (300.03 秒)
终止代数: 3294

【收敛曲线数据】
代数	Cmax
1	559849.5000
11	525642.0000
21	523754.0000
31	523754.0000
41	523754.0000
51	523754.0000
61	523754.0000
71	523754.0000
81	523754.0000
91	523754.0000
101	523754.0000
111	523754.0000
121	523754.0000
131	523754.0000
141	523754.0000
151	523754.0000
161	523754.0000
171	523754.0000
181	523754.0000
191	523754.0000
201	523754.0000
211	523754.0000
221	523754.0000
231	523754.0000
241	523754.0000
251	523754.0000
261	523754.0000
271	523754.0000
281	523754.0000
291	523754.0000
301	523754.0000
311	523754.0000
321	523754.0000
331	523754.0000
341	523754.0000
351	523754.0000
361	523754.0000
371	523754.0000
381	523754.0000
391	523754.0000
401	523754.0000
411	523754.0000
421	523754.0000
431	523754.0000
441	523754.0000
451	523754.0000
461	523754.0000
471	523754.0000
481	523754.0000
491	523754.0000
501	523754.0000
511	523754.0000
521	523754.0000
531	523754.0000
541	523754.0000
551	523754.0000
561	523754.0000
571	523754.0000
581	523754.0000
591	523754.0000
601	523754.0000
611	522160.5000
621	522160.5000
631	522160.5000
641	522160.5000
651	522160.5000
661	522160.5000
671	522160.5000
681	522160.5000
691	522160.5000
701	522160.5000
711	522160.5000
721	522160.5000
731	522160.5000
741	522160.5000
751	520915.5000
761	520915.5000
771	520915.5000
781	520915.5000
791	520915.5000
801	520915.5000
811	520915.5000
821	520915.5000
831	520915.5000
841	520915.5000
851	520915.5000
861	520915.5000
871	520915.5000
881	520915.5000
891	520915.5000
901	512200.5000
911	512200.5000
921	512200.5000
931	512200.5000
941	512200.5000
951	512200.5000
961	512200.5000
971	512200.5000
981	512200.5000
991	512200.5000
1001	512200.5000
1011	512200.5000
1021	512200.5000
1031	512200.5000
1041	512200.5000
1051	512200.5000
1061	512200.5000
1071	512200.5000
1081	512200.5000
1091	512200.5000
1101	512200.5000
1111	512200.5000
1121	512200.5000
1131	512200.5000
1141	512200.5000
1151	512200.5000
1161	512200.5000
1171	512200.5000
1181	512200.5000
1191	512200.5000
1201	512200.5000
1211	512200.5000
1221	512200.5000
1231	512200.5000
1241	512200.5000
1251	512200.5000
1261	512200.5000
1271	512200.5000
1281	512200.5000
1291	512200.5000
1301	512200.5000
1311	512200.5000
1321	512200.5000
1331	512200.5000
1341	512200.5000
1351	512200.5000
1361	512200.5000
1371	512200.5000
1381	512200.5000
1391	512200.5000
1401	512200.5000
1411	512200.5000
1421	512200.5000
1431	512200.5000
1441	512200.5000
1451	512200.5000
1461	512200.5000
1471	512200.5000
1481	512200.5000
1491	512200.5000
1501	512200.5000
1511	512200.5000
1521	512200.5000
1531	512200.5000
1541	512200.5000
1551	512200.5000
1561	512200.5000
1571	512200.5000
1581	512200.5000
1591	512200.5000
1601	512200.5000
1611	512200.5000
1621	512200.5000
1631	512200.5000
1641	512200.5000
1651	512200.5000
1661	512200.5000
1671	512200.5000
1681	512200.5000
1691	512200.5000
1701	512200.5000
1711	512200.5000
1721	512200.5000
1731	512200.5000
1741	512200.5000
1751	512200.5000
1761	512200.5000
1771	512200.5000
1781	512200.5000
1791	512200.5000
1801	512200.5000
1811	512200.5000
1821	512200.5000
1831	512200.5000
1841	512200.5000
1851	512200.5000
1861	512200.5000
1871	512200.5000
1881	512200.5000
1891	512200.5000
1901	512200.5000
1911	512200.5000
1921	512200.5000
1931	512200.5000
1941	512200.5000
1951	512200.5000
1961	512200.5000
1971	512200.5000
1981	512200.5000
1991	512200.5000
2001	512200.5000
2011	512200.5000
2021	512200.5000
2031	512200.5000
2041	512200.5000
2051	512200.5000
2061	512200.5000
2071	512200.5000
2081	512200.5000
2091	512200.5000
2101	512200.5000
2111	512200.5000
2121	512200.5000
2131	512200.5000
2141	512200.5000
2151	512200.5000
2161	512200.5000
2171	512200.5000
2181	512200.5000
2191	512200.5000
2201	512200.5000
2211	512200.5000
2221	512200.5000
2231	512200.5000
2241	512200.5000
2251	512200.5000
2261	512200.5000
2271	512200.5000
2281	512200.5000
2291	512200.5000
2301	512200.5000
2311	512200.5000
2321	512200.5000
2331	512200.5000
2341	512200.5000
2351	512200.5000
2361	512200.5000
2371	512200.5000
2381	512200.5000
2391	512200.5000
2401	512200.5000
2411	512200.5000
2421	512200.5000
2431	512200.5000
2441	512200.5000
2451	512200.5000
2461	512200.5000
2471	512200.5000
2481	512200.5000
2491	512200.5000
2501	512200.5000
2511	512200.5000
2521	512200.5000
2531	512200.5000
2541	512200.5000
2551	512200.5000
2561	512200.5000
2571	512200.5000
2581	512200.5000
2591	512200.5000
2601	512200.5000
2611	512200.5000
2621	512200.5000
2631	512200.5000
2641	512200.5000
2651	512200.5000
2661	512200.5000
2671	512200.5000
2681	512200.5000
2691	512200.5000
2701	512200.5000
2711	512200.5000
2721	512200.5000
2731	512200.5000
2741	512200.5000
2751	512200.5000
2761	512200.5000
2771	512200.5000
2781	512200.5000
2791	512200.5000
2801	512200.5000
2811	512200.5000
2821	512200.5000
2831	512200.5000
2841	512200.5000
2851	512200.5000
2861	512200.5000
2871	512200.5000
2881	512200.5000
2891	512200.5000
2901	512200.5000
2911	512200.5000
2921	512200.5000
2931	512200.5000
2941	512200.5000
2951	512200.5000
2961	512200.5000
2971	512200.5000
2981	512200.5000
2991	512200.5000
3001	512200.5000
3011	512200.5000
3021	512200.5000
3031	512200.5000
3041	512200.5000
3051	512200.5000
3061	512200.5000
3071	512200.5000
3081	512200.5000
3091	512200.5000
3101	512200.5000
3111	512200.5000
3121	512200.5000
3131	512200.5000
3141	512200.5000
3151	512200.5000
3161	512200.5000
3171	512200.5000
3181	512200.5000
3191	512200.5000
3201	512200.5000
3211	512200.5000
3221	512200.5000
3231	512200.5000
3241	512200.5000
3251	512200.5000
3261	512200.5000
3271	512200.5000
3281	512200.5000
3291	512200.5000
3294	512200.5000

✓ 收敛曲线图已生成: 收敛曲线图.png

【机器负载统计】
  机器 1: 批次数=9, 完工时间=508780.2875
  机器 2: 批次数=7, 完工时间=512212.7699


================================================================================
                         实验结果输出完成
================================================================================
