════════════════════════════════════════════════════════════════
              最优Cmax解的详细调度记录
════════════════════════════════════════════════════════════════

【基本信息】
----------------------------------------------------------------------------------------------------
Cmax (最大完工时间): 60080.43
能耗: 470.20 kWh
装箱质量: 0.1207
批次总数: 6
工件数量: 50
机器数量: 14 (打印机:4, 批处理机:2, 离散机:8)

【染色体编码】
----------------------------------------------------------------------------------------------------
工序序列 (OS): [27, 4, 19, 39, 23, 42, 15, 31, 10, 49, 30, 12, 3, 41, 2, 20, 46, 6, 16, 47, 1, 5, 17, 8, 32, 34, 35, 9, 14, 29, 38, 22, 37, 48, 0, 26, 43, 36, 24, 33, 28, 40, 45, 11, 13, 7, 18, 44, 25, 21, 33, 5, 37, 37, 22, 30, 3, 25, 6, 12, 20, 3, 16, 44, 36, 46, 23, 0, 8, 16, 16, 4, 25, 38, 4, 0, 11, 15, 29, 36, 19, 15, 32, 22, 30, 35, 26, 44, 48, 44, 38, 5, 10, 18, 30, 42, 0, 31, 4, 24, 28, 18, 37, 10, 4, 18, 19, 33, 12, 47, 42, 9, 22, 32, 16, 4, 3, 7, 29, 22, 31, 33, 6, 9, 6, 21, 15, 37, 11, 17, 15, 23, 18, 29, 35, 3, 12, 6, 14, 0, 5, 49, 25, 5, 1, 42, 25, 3, 30, 47, 2, 26, 44, 34, 28, 2, 12, 33, 10, 24, 24, 9, 5, 29, 15, 46, 19, 38, 38, 0, 18, 37, 23, 13, 20, 30, 46, 3, 36, 32, 24, 7, 15, 5, 49, 31, 19, 24, 23, 25, 18, 40, 33, 25, 28, 29, 0, 49, 9, 46, 19, 17, 10, 37, 30, 3, 10, 26, 22, 44, 32, 44, 17, 6, 16, 35, 25, 18, 19, 38, 47, 5, 36, 7, 33, 20, 34, 38, 34, 12, 3, 11, 45, 33, 15, 9, 17, 15, 21, 38, 1, 19, 11, 12, 37, 24, 0, 47, 42]
机器选择 (MS): [2, 2, 3, 2, 1, 2, 1, 3, 2, 1, 4, 3, 3, 1, 2, 2, 4, 2, 2, 3, 2, 2, 1, 1, 3, 3, 3, 2, 1, 2, 2, 3, 3, 2, 2, 1, 1, 2, 2, 3, 1, 1, 2, 3, 2, 3, 2, 2, 3, 2, 1, 1, 2, 1, 2, 1, 2, 2, 1, 1, 2, 3, 2, 2, 1, 3, 2, 3, 2, 2, 1, 3, 1, 2, 2, 3, 1, 3, 1, 1, 3, 3, 3, 1, 1, 1, 2, 1, 1, 3, 2, 1, 1, 1, 1, 2, 1, 1, 3, 3, 1, 2, 3, 3, 1, 1, 1, 1, 1, 1, 1, 1, 1, 3, 1, 3, 1, 2, 2, 3, 2, 1, 1, 1, 3, 2, 1, 1, 3, 2, 2, 2, 3, 1, 1, 1, 1, 1, 2, 1, 1, 1, 1, 1, 2, 1, 3, 1, 2, 2, 2, 1, 1, 3, 3, 1, 2, 3, 2, 1, 2, 1, 1, 1, 1, 1, 2, 1, 1, 1, 1, 3, 1, 2, 1, 3, 1, 2, 2, 1, 1, 1, 1, 2, 1, 2, 1, 1, 1, 1, 3, 1, 1, 1, 1, 2, 1, 1, 2, 2, 1, 1, 2, 1, 1, 1, 1, 1, 1, 2, 2, 2, 1, 3, 1, 2, 1, 1, 1, 2, 1, 3, 1, 1, 2, 2, 1, 3, 3, 1, 1, 1, 2, 1, 2, 1, 2, 1, 1, 2, 2, 1, 2, 1, 2, 1, 2, 3, 1]

【零件加工顺序记录】
----------------------------------------------------------------------------------------------------
工件号      工序号             机器号             开始时间            结束时间            加工时长           
----------------------------------------------------------------------------------------------------

工件 0:
  0        0               打印机2            0.00            25009.02        25009.02       
  0        1               批处理机1           25009.02        26074.02        1065.00        
  0        2               离散机1            26074.02        27402.02        1328.00        
  0        3               离散机4            29011.02        30430.02        1419.00        
  0        4               离散机7            32129.02        33080.02        951.00         
  0        5               离散机2            33080.02        34197.02        1117.00        
  0        6               离散机5            37141.71        38535.71        1394.00        
  0        7               离散机1            39304.71        40825.71        1521.00        
  0        8               离散机7            58244.43        59835.43        1591.00        

工件 1:
  1        0               打印机2            0.00            25009.02        25009.02       
  1        1               批处理机1           25009.02        26074.02        1065.00        
  1        2               离散机8            29703.02        31040.02        1337.00        
  1        3               离散机3            56435.43        57911.43        1476.00        

工件 2:
  2        0               打印机2            25009.02        38068.88        13059.86       
  2        1               批处理机1           38068.88        39133.88        1065.00        
  2        2               离散机2            39133.88        40701.88        1568.00        
  2        3               离散机6            42464.88        43495.88        1031.00        

工件 3:
  3        0               打印机3            0.00            40622.43        40622.43       
  3        1               批处理机1           40622.43        41687.43        1065.00        
  3        2               离散机7            42618.43        43538.43        920.00         
  3        3               离散机6            43538.43        44571.43        1033.00        
  3        4               离散机4            47098.43        48795.43        1697.00        
  3        5               离散机8            49043.43        50241.43        1198.00        
  3        6               离散机8            50241.43        51336.43        1095.00        
  3        7               离散机6            51617.43        52677.43        1060.00        
  3        8               离散机6            54584.43        55679.43        1095.00        
  3        9               离散机8            56206.43        57360.43        1154.00        

工件 4:
  4        0               打印机2            0.00            25009.02        25009.02       
  4        1               批处理机1           25009.02        26074.02        1065.00        
  4        2               离散机3            26074.02        27029.02        955.00         
  4        3               离散机3            27029.02        28021.02        992.00         
  4        4               离散机8            28556.02        29703.02        1147.00        
  4        5               离散机4            30430.02        31774.02        1344.00        
  4        6               离散机6            31774.02        33209.02        1435.00        

工件 5:
  5        0               打印机2            0.00            25009.02        25009.02       
  5        1               批处理机1           25009.02        26074.02        1065.00        
  5        2               离散机4            26074.02        27835.02        1761.00        
  5        3               离散机7            30524.02        32129.02        1605.00        
  5        4               离散机3            32129.02        33723.02        1594.00        
  5        5               离散机6            36081.71        37029.71        948.00         
  5        6               离散机1            38255.71        39304.71        1049.00        
  5        7               离散机3            49648.43        50903.43        1255.00        
  5        8               离散机7            53593.43        55132.43        1539.00        

工件 6:
  6        0               打印机2            0.00            25009.02        25009.02       
  6        1               批处理机1           25009.02        26074.02        1065.00        
  6        2               离散机8            26074.02        27039.02        965.00         
  6        3               离散机5            27039.02        28314.02        1275.00        
  6        4               离散机4            36073.71        37730.71        1657.00        
  6        5               离散机3            45536.43        47292.43        1756.00        
  6        6               离散机4            53192.43        54185.43        993.00         

工件 7:
  7        0               打印机3            0.00            40622.43        40622.43       
  7        1               批处理机1           40622.43        41687.43        1065.00        
  7        2               离散机8            45459.43        47045.43        1586.00        
  7        3               离散机7            50736.43        52351.43        1615.00        
  7        4               离散机1            54990.43        56054.43        1064.00        

工件 8:
  8        0               打印机1            0.00            32683.71        32683.71       
  8        1               批处理机1           32683.71        33748.71        1065.00        
  8        2               离散机8            34811.71        35992.71        1181.00        

工件 9:
  9        0               打印机2            0.00            25009.02        25009.02       
  9        1               批处理机1           25009.02        26074.02        1065.00        
  9        2               离散机6            28699.02        30313.02        1614.00        
  9        3               离散机1            30867.02        32245.02        1378.00        
  9        4               离散机1            36586.71        38255.71        1669.00        
  9        5               离散机4            52013.43        53192.43        1179.00        
  9        6               离散机4            55642.43        57290.43        1648.00        

工件 10:
  10       0               打印机2            0.00            25009.02        25009.02       
  10       1               批处理机1           25009.02        26074.02        1065.00        
  10       2               离散机8            27039.02        28556.02        1517.00        
  10       3               离散机7            33080.02        34431.02        1351.00        
  10       4               离散机1            35283.71        36586.71        1303.00        
  10       5               离散机8            52526.43        53517.43        991.00         
  10       6               离散机8            53517.43        54419.43        902.00         

工件 11:
  11       0               打印机3            0.00            40622.43        40622.43       
  11       1               批处理机1           40622.43        41687.43        1065.00        
  11       2               离散机8            41687.43        43227.43        1540.00        
  11       3               离散机7            45275.43        46416.43        1141.00        
  11       4               离散机7            55132.43        56075.43        943.00         
  11       5               离散机5            56413.43        58046.43        1633.00        

工件 12:
  12       0               打印机3            0.00            40622.43        40622.43       
  12       1               批处理机1           40622.43        41687.43        1065.00        
  12       2               离散机1            41687.43        43333.43        1646.00        
  12       3               离散机3            44221.43        45536.43        1315.00        
  12       4               离散机1            45536.43        46966.43        1430.00        
  12       5               离散机1            46966.43        48528.43        1562.00        
  12       6               离散机3            55423.43        56435.43        1012.00        
  12       7               离散机7            57037.43        58244.43        1207.00        

工件 13:
  13       0               打印机2            25009.02        38068.88        13059.86       
  13       1               批处理机1           38068.88        39133.88        1065.00        
  13       2               离散机4            40083.88        41178.88        1095.00        

工件 14:
  14       0               打印机1            0.00            32683.71        32683.71       
  14       1               批处理机1           32683.71        33748.71        1065.00        
  14       2               离散机1            33748.71        35283.71        1535.00        

工件 15:
  15       0               打印机1            0.00            32683.71        32683.71       
  15       1               批处理机1           32683.71        33748.71        1065.00        
  15       2               离散机4            33748.71        35065.71        1317.00        
  15       3               离散机6            35065.71        36081.71        1016.00        
  15       4               离散机5            36081.71        37141.71        1060.00        
  15       5               离散机6            37141.71        38460.71        1319.00        
  15       6               离散机8            38739.71        40090.71        1351.00        
  15       7               离散机6            52677.43        53627.43        950.00         
  15       8               离散机4            54185.43        55642.43        1457.00        
  15       9               离散机7            56075.43        57037.43        962.00         

工件 16:
  16       0               打印机2            0.00            25009.02        25009.02       
  16       1               批处理机1           25009.02        26074.02        1065.00        
  16       2               离散机7            26074.02        27275.02        1201.00        
  16       3               离散机4            27835.02        29011.02        1176.00        
  16       4               离散机7            29011.02        30524.02        1513.00        
  16       5               离散机5            30524.02        31923.02        1399.00        
  16       6               离散机8            32096.02        33281.02        1185.00        

工件 17:
  17       0               打印机1            0.00            32683.71        32683.71       
  17       1               批处理机1           32683.71        33748.71        1065.00        
  17       2               离散机3            33748.71        34649.71        901.00         
  17       3               离散机3            35633.71        36929.71        1296.00        
  17       4               离散机3            36929.71        38268.71        1339.00        
  17       5               离散机8            58721.43        59951.43        1230.00        

工件 18:
  18       0               打印机2            25009.02        38068.88        13059.86       
  18       1               批处理机1           38068.88        39133.88        1065.00        
  18       2               离散机5            39133.88        40533.88        1400.00        
  18       3               离散机2            44525.43        45893.43        1368.00        
  18       4               离散机5            46548.43        47751.43        1203.00        
  18       5               离散机8            48080.43        49043.43        963.00         
  18       6               离散机7            49054.43        50736.43        1682.00        
  18       7               离散机4            50755.43        52013.43        1258.00        
  18       8               离散机2            53761.43        54684.43        923.00         

工件 19:
  19       0               打印机3            0.00            40622.43        40622.43       
  19       1               批处理机1           40622.43        41687.43        1065.00        
  19       2               离散机4            42756.43        44465.43        1709.00        
  19       3               离散机4            45809.43        47098.43        1289.00        
  19       4               离散机3            48638.43        49648.43        1010.00        
  19       5               离散机2            50171.43        51383.43        1212.00        
  19       6               离散机2            52745.43        53761.43        1016.00        
  19       7               离散机6            55679.43        57202.43        1523.00        
  19       8               离散机3            57911.43        58863.43        952.00         

工件 20:
  20       0               打印机2            0.00            25009.02        25009.02       
  20       1               批处理机1           25009.02        26074.02        1065.00        
  20       2               离散机6            26074.02        27025.02        951.00         
  20       3               离散机8            31040.02        32096.02        1056.00        
  20       4               离散机2            34197.02        35797.02        1600.00        

工件 21:
  21       0               打印机2            38068.88        41086.37        3017.49        
  21       1               批处理机2           41086.37        42271.37        1185.00        
  21       2               离散机8            47045.43        48080.43        1035.00        
  21       3               离散机6            58224.43        59691.43        1467.00        

工件 22:
  22       0               打印机3            0.00            40622.43        40622.43       
  22       1               批处理机1           40622.43        41687.43        1065.00        
  22       2               离散机2            41687.43        42848.43        1161.00        
  22       3               离散机2            42848.43        44525.43        1677.00        
  22       4               离散机6            45898.43        47522.43        1624.00        
  22       5               离散机6            47522.43        49208.43        1686.00        
  22       6               离散机1            50308.43        51655.43        1347.00        

工件 23:
  23       0               打印机1            0.00            32683.71        32683.71       
  23       1               批处理机1           32683.71        33748.71        1065.00        
  23       2               离散机8            33748.71        34811.71        1063.00        
  23       3               离散机5            34811.71        35799.71        988.00         
  23       4               离散机2            37685.71        39121.71        1436.00        
  23       5               离散机6            53627.43        54584.43        957.00         

工件 24:
  24       0               打印机2            0.00            25009.02        25009.02       
  24       1               批处理机1           25009.02        26074.02        1065.00        
  24       2               离散机6            27025.02        28699.02        1674.00        
  24       3               离散机5            28699.02        30413.02        1714.00        
  24       4               离散机5            31923.02        33317.02        1394.00        
  24       5               离散机5            33317.02        34465.02        1148.00        
  24       6               离散机7            38070.02        39587.02        1517.00        
  24       7               离散机3            58863.43        60080.43        1217.00        

工件 25:
  25       0               打印机3            0.00            40622.43        40622.43       
  25       1               批处理机1           40622.43        41687.43        1065.00        
  25       2               离散机3            41687.43        43201.43        1514.00        
  25       3               离散机5            43755.43        45085.43        1330.00        
  25       4               离散机7            46416.43        47520.43        1104.00        
  25       5               离散机7            47520.43        49054.43        1534.00        
  25       6               离散机5            50710.43        51677.43        967.00         
  25       7               离散机1            51677.43        53024.43        1347.00        
  25       8               离散机1            54056.43        54990.43        934.00         

工件 26:
  26       0               打印机1            0.00            32683.71        32683.71       
  26       1               批处理机1           32683.71        33748.71        1065.00        
  26       2               离散机8            35992.71        37333.71        1341.00        
  26       3               离散机8            37333.71        38739.71        1406.00        
  26       4               离散机5            41506.88        42570.88        1064.00        

工件 27:
  27       0               打印机2            0.00            25009.02        25009.02       
  27       1               批处理机1           25009.02        26074.02        1065.00        

工件 28:
  28       0               打印机1            0.00            32683.71        32683.71       
  28       1               批处理机1           32683.71        33748.71        1065.00        
  28       2               离散机4            35065.71        36073.71        1008.00        
  28       3               离散机2            36073.71        37685.71        1612.00        
  28       4               离散机7            39587.02        40569.02        982.00         

工件 29:
  29       0               打印机2            0.00            25009.02        25009.02       
  29       1               批处理机1           25009.02        26074.02        1065.00        
  29       2               离散机1            29091.02        30867.02        1776.00        
  29       3               离散机4            31774.02        33557.02        1783.00        
  29       4               离散机6            33557.02        34844.02        1287.00        
  29       5               离散机4            37730.71        39055.71        1325.00        
  29       6               离散机2            40701.88        41685.88        984.00         

工件 30:
  30       0               打印机4            0.00            16148.00        16148.00       
  30       1               批处理机1           16148.00        17213.00        1065.00        
  30       2               离散机8            17213.00        18227.00        1014.00        
  30       3               离散机1            18227.00        19196.00        969.00         
  30       4               离散机4            19196.00        20960.00        1764.00        
  30       5               离散机3            20960.00        21970.00        1010.00        
  30       6               离散机6            21970.00        23715.00        1745.00        
  30       7               离散机1            23715.00        25067.00        1352.00        

工件 31:
  31       0               打印机3            0.00            40622.43        40622.43       
  31       1               批处理机1           40622.43        41687.43        1065.00        
  31       2               离散机4            44465.43        45809.43        1344.00        
  31       3               离散机2            45893.43        46855.43        962.00         
  31       4               离散机3            50903.43        51881.43        978.00         

工件 32:
  32       0               打印机3            0.00            40622.43        40622.43       
  32       1               批处理机1           40622.43        41687.43        1065.00        
  32       2               离散机8            43227.43        44387.43        1160.00        
  32       3               离散机5            47751.43        49033.43        1282.00        
  32       4               离散机4            49033.43        50755.43        1722.00        
  32       5               离散机1            53024.43        54056.43        1032.00        

工件 33:
  33       0               打印机3            0.00            40622.43        40622.43       
  33       1               批处理机1           40622.43        41687.43        1065.00        
  33       2               离散机4            41687.43        42756.43        1069.00        
  33       3               离散机6            44571.43        45898.43        1327.00        
  33       4               离散机2            46855.43        47911.43        1056.00        
  33       5               离散机1            48528.43        50308.43        1780.00        
  33       6               离散机7            52351.43        53593.43        1242.00        
  33       7               离散机3            54225.43        55423.43        1198.00        
  33       8               离散机5            55471.43        56413.43        942.00         

工件 34:
  34       0               打印机3            0.00            40622.43        40622.43       
  34       1               批处理机1           40622.43        41687.43        1065.00        
  34       2               离散机3            47292.43        48638.43        1346.00        
  34       3               离散机5            53595.43        54569.43        974.00         
  34       4               离散机5            54569.43        55471.43        902.00         

工件 35:
  35       0               打印机3            0.00            40622.43        40622.43       
  35       1               批处理机1           40622.43        41687.43        1065.00        
  35       2               离散机5            45085.43        46548.43        1463.00        
  35       3               离散机5            49033.43        50710.43        1677.00        
  35       4               离散机3            53049.43        54225.43        1176.00        

工件 36:
  36       0               打印机2            25009.02        38068.88        13059.86       
  36       1               批处理机1           38068.88        39133.88        1065.00        
  36       2               离散机3            39133.88        40648.88        1515.00        
  36       3               离散机7            43538.43        45275.43        1737.00        
  36       4               离散机8            51336.43        52526.43        1190.00        
  36       5               离散机8            54419.43        56206.43        1787.00        

工件 37:
  37       0               打印机3            0.00            40622.43        40622.43       
  37       1               批处理机1           40622.43        41687.43        1065.00        
  37       2               离散机7            41687.43        42618.43        931.00         
  37       3               离散机5            42618.43        43755.43        1137.00        
  37       4               离散机8            44387.43        45459.43        1072.00        
  37       5               离散机2            47911.43        49255.43        1344.00        
  37       6               离散机6            50556.43        51617.43        1061.00        
  37       7               离散机3            51881.43        53049.43        1168.00        
  37       8               离散机2            57557.43        58998.43        1441.00        

工件 38:
  38       0               打印机2            0.00            25009.02        25009.02       
  38       1               批处理机1           25009.02        26074.02        1065.00        
  38       2               离散机1            27402.02        29091.02        1689.00        
  38       3               离散机3            29091.02        30728.02        1637.00        
  38       4               离散机1            32245.02        33534.02        1289.00        
  38       5               离散机8            40090.71        41231.71        1141.00        
  38       6               离散机2            54684.43        56483.43        1799.00        
  38       7               离散机2            56483.43        57557.43        1074.00        
  38       8               离散机4            57557.43        58462.43        905.00         

工件 39:
  39       0               打印机2            0.00            25009.02        25009.02       
  39       1               批处理机1           25009.02        26074.02        1065.00        

工件 40:
  40       0               打印机1            0.00            32683.71        32683.71       
  40       1               批处理机1           32683.71        33748.71        1065.00        
  40       2               离散机3            34649.71        35633.71        984.00         

工件 41:
  41       0               打印机1            0.00            32683.71        32683.71       
  41       1               批处理机1           32683.71        33748.71        1065.00        

工件 42:
  42       0               打印机2            0.00            25009.02        25009.02       
  42       1               批处理机1           25009.02        26074.02        1065.00        
  42       2               离散机3            30728.02        31971.02        1243.00        
  42       3               离散机7            34431.02        35525.02        1094.00        
  42       4               离散机7            36967.02        38070.02        1103.00        
  42       5               离散机1            44355.43        45529.43        1174.00        

工件 43:
  43       0               打印机1            0.00            32683.71        32683.71       
  43       1               批处理机1           32683.71        33748.71        1065.00        

工件 44:
  44       0               打印机2            25009.02        38068.88        13059.86       
  44       1               批处理机1           38068.88        39133.88        1065.00        
  44       2               离散机6            39133.88        40927.88        1794.00        
  44       3               离散机6            40927.88        42464.88        1537.00        
  44       4               离散机3            43201.43        44221.43        1020.00        
  44       5               离散机2            49255.43        50171.43        916.00         
  44       6               离散机5            51677.43        52668.43        991.00         
  44       7               离散机5            52668.43        53595.43        927.00         

工件 45:
  45       0               打印机2            0.00            25009.02        25009.02       
  45       1               批处理机1           25009.02        26074.02        1065.00        
  45       2               离散机8            57360.43        58721.43        1361.00        

工件 46:
  46       0               打印机4            0.00            16148.00        16148.00       
  46       1               批处理机1           16148.00        17213.00        1065.00        
  46       2               离散机3            17213.00        18326.00        1113.00        
  46       3               离散机1            19196.00        20733.00        1537.00        
  46       4               离散机6            23715.00        25400.00        1685.00        
  46       5               离散机7            27275.02        28637.02        1362.00        

工件 47:
  47       0               打印机3            0.00            40622.43        40622.43       
  47       1               批处理机1           40622.43        41687.43        1065.00        
  47       2               离散机1            43333.43        44355.43        1022.00        
  47       3               离散机6            49208.43        50556.43        1348.00        
  47       4               离散机6            57202.43        58224.43        1022.00        
  47       5               离散机4            58462.43        59730.43        1268.00        

工件 48:
  48       0               打印机2            25009.02        38068.88        13059.86       
  48       1               批处理机1           38068.88        39133.88        1065.00        
  48       2               离散机4            39133.88        40083.88        950.00         

工件 49:
  49       0               打印机1            0.00            32683.71        32683.71       
  49       1               批处理机1           32683.71        33748.71        1065.00        
  49       2               离散机7            35525.02        36967.02        1442.00        
  49       3               离散机5            40533.88        41506.88        973.00         
  49       4               离散机2            51383.43        52745.43        1362.00        

【机器加工顺序记录】
----------------------------------------------------------------------------------------------------

打印机1:
工件号      工序号             开始时间            结束时间            加工时长           
--------------------------------------------------------------------------------
  8        0               0.00            32683.71        32683.71       
  14       0               0.00            32683.71        32683.71       
  15       0               0.00            32683.71        32683.71       
  17       0               0.00            32683.71        32683.71       
  23       0               0.00            32683.71        32683.71       
  26       0               0.00            32683.71        32683.71       
  28       0               0.00            32683.71        32683.71       
  40       0               0.00            32683.71        32683.71       
  41       0               0.00            32683.71        32683.71       
  43       0               0.00            32683.71        32683.71       
  49       0               0.00            32683.71        32683.71       

  机器利用率: 598.40% (忙碌时间: 359520.86 / 总时间: 60080.43)

打印机2:
工件号      工序号             开始时间            结束时间            加工时长           
--------------------------------------------------------------------------------
  0        0               0.00            25009.02        25009.02       
  1        0               0.00            25009.02        25009.02       
  4        0               0.00            25009.02        25009.02       
  5        0               0.00            25009.02        25009.02       
  6        0               0.00            25009.02        25009.02       
  9        0               0.00            25009.02        25009.02       
  10       0               0.00            25009.02        25009.02       
  16       0               0.00            25009.02        25009.02       
  20       0               0.00            25009.02        25009.02       
  24       0               0.00            25009.02        25009.02       
  27       0               0.00            25009.02        25009.02       
  29       0               0.00            25009.02        25009.02       
  38       0               0.00            25009.02        25009.02       
  39       0               0.00            25009.02        25009.02       
  42       0               0.00            25009.02        25009.02       
  45       0               0.00            25009.02        25009.02       
  2        0               25009.02        38068.88        13059.86       
  13       0               25009.02        38068.88        13059.86       
  18       0               25009.02        38068.88        13059.86       
  36       0               25009.02        38068.88        13059.86       
  44       0               25009.02        38068.88        13059.86       
  48       0               25009.02        38068.88        13059.86       
  21       0               38068.88        41086.37        3017.49        

  机器利用率: 801.46% (忙碌时间: 481520.95 / 总时间: 60080.43)

打印机3:
工件号      工序号             开始时间            结束时间            加工时长           
--------------------------------------------------------------------------------
  3        0               0.00            40622.43        40622.43       
  7        0               0.00            40622.43        40622.43       
  11       0               0.00            40622.43        40622.43       
  12       0               0.00            40622.43        40622.43       
  19       0               0.00            40622.43        40622.43       
  22       0               0.00            40622.43        40622.43       
  25       0               0.00            40622.43        40622.43       
  31       0               0.00            40622.43        40622.43       
  32       0               0.00            40622.43        40622.43       
  33       0               0.00            40622.43        40622.43       
  34       0               0.00            40622.43        40622.43       
  35       0               0.00            40622.43        40622.43       
  37       0               0.00            40622.43        40622.43       
  47       0               0.00            40622.43        40622.43       

  机器利用率: 946.59% (忙碌时间: 568714.00 / 总时间: 60080.43)

打印机4:
工件号      工序号             开始时间            结束时间            加工时长           
--------------------------------------------------------------------------------
  30       0               0.00            16148.00        16148.00       
  46       0               0.00            16148.00        16148.00       

  机器利用率: 53.75% (忙碌时间: 32296.00 / 总时间: 60080.43)

批处理机1:
工件号      工序号             开始时间            结束时间            加工时长           
--------------------------------------------------------------------------------
  30       1               16148.00        17213.00        1065.00        
  46       1               16148.00        17213.00        1065.00        
  0        1               25009.02        26074.02        1065.00        
  1        1               25009.02        26074.02        1065.00        
  4        1               25009.02        26074.02        1065.00        
  5        1               25009.02        26074.02        1065.00        
  6        1               25009.02        26074.02        1065.00        
  9        1               25009.02        26074.02        1065.00        
  10       1               25009.02        26074.02        1065.00        
  16       1               25009.02        26074.02        1065.00        
  20       1               25009.02        26074.02        1065.00        
  24       1               25009.02        26074.02        1065.00        
  27       1               25009.02        26074.02        1065.00        
  29       1               25009.02        26074.02        1065.00        
  38       1               25009.02        26074.02        1065.00        
  39       1               25009.02        26074.02        1065.00        
  42       1               25009.02        26074.02        1065.00        
  45       1               25009.02        26074.02        1065.00        
  8        1               32683.71        33748.71        1065.00        
  14       1               32683.71        33748.71        1065.00        
  15       1               32683.71        33748.71        1065.00        
  17       1               32683.71        33748.71        1065.00        
  23       1               32683.71        33748.71        1065.00        
  26       1               32683.71        33748.71        1065.00        
  28       1               32683.71        33748.71        1065.00        
  40       1               32683.71        33748.71        1065.00        
  41       1               32683.71        33748.71        1065.00        
  43       1               32683.71        33748.71        1065.00        
  49       1               32683.71        33748.71        1065.00        
  2        1               38068.88        39133.88        1065.00        
  13       1               38068.88        39133.88        1065.00        
  18       1               38068.88        39133.88        1065.00        
  36       1               38068.88        39133.88        1065.00        
  44       1               38068.88        39133.88        1065.00        
  48       1               38068.88        39133.88        1065.00        
  3        1               40622.43        41687.43        1065.00        
  7        1               40622.43        41687.43        1065.00        
  11       1               40622.43        41687.43        1065.00        
  12       1               40622.43        41687.43        1065.00        
  19       1               40622.43        41687.43        1065.00        
  22       1               40622.43        41687.43        1065.00        
  25       1               40622.43        41687.43        1065.00        
  31       1               40622.43        41687.43        1065.00        
  32       1               40622.43        41687.43        1065.00        
  33       1               40622.43        41687.43        1065.00        
  34       1               40622.43        41687.43        1065.00        
  35       1               40622.43        41687.43        1065.00        
  37       1               40622.43        41687.43        1065.00        
  47       1               40622.43        41687.43        1065.00        

  机器利用率: 86.86% (忙碌时间: 52185.00 / 总时间: 60080.43)

批处理机2:
工件号      工序号             开始时间            结束时间            加工时长           
--------------------------------------------------------------------------------
  21       1               41086.37        42271.37        1185.00        

  机器利用率: 1.97% (忙碌时间: 1185.00 / 总时间: 60080.43)

离散机1:
工件号      工序号             开始时间            结束时间            加工时长           
--------------------------------------------------------------------------------
  30       3               18227.00        19196.00        969.00         
  46       3               19196.00        20733.00        1537.00        
  30       7               23715.00        25067.00        1352.00        
  0        2               26074.02        27402.02        1328.00        
  38       2               27402.02        29091.02        1689.00        
  29       2               29091.02        30867.02        1776.00        
  9        3               30867.02        32245.02        1378.00        
  38       4               32245.02        33534.02        1289.00        
  14       2               33748.71        35283.71        1535.00        
  10       4               35283.71        36586.71        1303.00        
  9        4               36586.71        38255.71        1669.00        
  5        6               38255.71        39304.71        1049.00        
  0        7               39304.71        40825.71        1521.00        
  12       2               41687.43        43333.43        1646.00        
  47       2               43333.43        44355.43        1022.00        
  42       5               44355.43        45529.43        1174.00        
  12       4               45536.43        46966.43        1430.00        
  12       5               46966.43        48528.43        1562.00        
  33       5               48528.43        50308.43        1780.00        
  22       6               50308.43        51655.43        1347.00        
  25       7               51677.43        53024.43        1347.00        
  32       5               53024.43        54056.43        1032.00        
  25       8               54056.43        54990.43        934.00         
  7        4               54990.43        56054.43        1064.00        

  机器利用率: 54.48% (忙碌时间: 32733.00 / 总时间: 60080.43)

离散机2:
工件号      工序号             开始时间            结束时间            加工时长           
--------------------------------------------------------------------------------
  0        5               33080.02        34197.02        1117.00        
  20       4               34197.02        35797.02        1600.00        
  28       3               36073.71        37685.71        1612.00        
  23       4               37685.71        39121.71        1436.00        
  2        2               39133.88        40701.88        1568.00        
  29       6               40701.88        41685.88        984.00         
  22       2               41687.43        42848.43        1161.00        
  22       3               42848.43        44525.43        1677.00        
  18       3               44525.43        45893.43        1368.00        
  31       3               45893.43        46855.43        962.00         
  33       4               46855.43        47911.43        1056.00        
  37       5               47911.43        49255.43        1344.00        
  44       5               49255.43        50171.43        916.00         
  19       5               50171.43        51383.43        1212.00        
  49       4               51383.43        52745.43        1362.00        
  19       6               52745.43        53761.43        1016.00        
  18       8               53761.43        54684.43        923.00         
  38       6               54684.43        56483.43        1799.00        
  38       7               56483.43        57557.43        1074.00        
  37       8               57557.43        58998.43        1441.00        

  机器利用率: 42.66% (忙碌时间: 25628.00 / 总时间: 60080.43)

离散机3:
工件号      工序号             开始时间            结束时间            加工时长           
--------------------------------------------------------------------------------
  46       2               17213.00        18326.00        1113.00        
  30       5               20960.00        21970.00        1010.00        
  4        2               26074.02        27029.02        955.00         
  4        3               27029.02        28021.02        992.00         
  38       3               29091.02        30728.02        1637.00        
  42       2               30728.02        31971.02        1243.00        
  5        4               32129.02        33723.02        1594.00        
  17       2               33748.71        34649.71        901.00         
  40       2               34649.71        35633.71        984.00         
  17       3               35633.71        36929.71        1296.00        
  17       4               36929.71        38268.71        1339.00        
  36       2               39133.88        40648.88        1515.00        
  25       2               41687.43        43201.43        1514.00        
  44       4               43201.43        44221.43        1020.00        
  12       3               44221.43        45536.43        1315.00        
  6        5               45536.43        47292.43        1756.00        
  34       2               47292.43        48638.43        1346.00        
  19       4               48638.43        49648.43        1010.00        
  5        7               49648.43        50903.43        1255.00        
  31       4               50903.43        51881.43        978.00         
  37       7               51881.43        53049.43        1168.00        
  35       4               53049.43        54225.43        1176.00        
  33       7               54225.43        55423.43        1198.00        
  12       6               55423.43        56435.43        1012.00        
  1        3               56435.43        57911.43        1476.00        
  19       8               57911.43        58863.43        952.00         
  24       7               58863.43        60080.43        1217.00        

  机器利用率: 54.88% (忙碌时间: 32972.00 / 总时间: 60080.43)

离散机4:
工件号      工序号             开始时间            结束时间            加工时长           
--------------------------------------------------------------------------------
  30       4               19196.00        20960.00        1764.00        
  5        2               26074.02        27835.02        1761.00        
  16       3               27835.02        29011.02        1176.00        
  0        3               29011.02        30430.02        1419.00        
  4        5               30430.02        31774.02        1344.00        
  29       3               31774.02        33557.02        1783.00        
  15       2               33748.71        35065.71        1317.00        
  28       2               35065.71        36073.71        1008.00        
  6        4               36073.71        37730.71        1657.00        
  29       5               37730.71        39055.71        1325.00        
  48       2               39133.88        40083.88        950.00         
  13       2               40083.88        41178.88        1095.00        
  33       2               41687.43        42756.43        1069.00        
  19       2               42756.43        44465.43        1709.00        
  31       2               44465.43        45809.43        1344.00        
  19       3               45809.43        47098.43        1289.00        
  3        4               47098.43        48795.43        1697.00        
  32       4               49033.43        50755.43        1722.00        
  18       7               50755.43        52013.43        1258.00        
  9        5               52013.43        53192.43        1179.00        
  6        6               53192.43        54185.43        993.00         
  15       8               54185.43        55642.43        1457.00        
  9        6               55642.43        57290.43        1648.00        
  38       8               57557.43        58462.43        905.00         
  47       5               58462.43        59730.43        1268.00        

  机器利用率: 56.82% (忙碌时间: 34137.00 / 总时间: 60080.43)

离散机5:
工件号      工序号             开始时间            结束时间            加工时长           
--------------------------------------------------------------------------------
  6        3               27039.02        28314.02        1275.00        
  24       3               28699.02        30413.02        1714.00        
  16       5               30524.02        31923.02        1399.00        
  24       4               31923.02        33317.02        1394.00        
  24       5               33317.02        34465.02        1148.00        
  23       3               34811.71        35799.71        988.00         
  15       4               36081.71        37141.71        1060.00        
  0        6               37141.71        38535.71        1394.00        
  18       2               39133.88        40533.88        1400.00        
  49       3               40533.88        41506.88        973.00         
  26       4               41506.88        42570.88        1064.00        
  37       3               42618.43        43755.43        1137.00        
  25       3               43755.43        45085.43        1330.00        
  35       2               45085.43        46548.43        1463.00        
  18       4               46548.43        47751.43        1203.00        
  32       3               47751.43        49033.43        1282.00        
  35       3               49033.43        50710.43        1677.00        
  25       6               50710.43        51677.43        967.00         
  44       6               51677.43        52668.43        991.00         
  44       7               52668.43        53595.43        927.00         
  34       3               53595.43        54569.43        974.00         
  34       4               54569.43        55471.43        902.00         
  33       8               55471.43        56413.43        942.00         
  11       5               56413.43        58046.43        1633.00        

  机器利用率: 48.66% (忙碌时间: 29237.00 / 总时间: 60080.43)

离散机6:
工件号      工序号             开始时间            结束时间            加工时长           
--------------------------------------------------------------------------------
  30       6               21970.00        23715.00        1745.00        
  46       4               23715.00        25400.00        1685.00        
  20       2               26074.02        27025.02        951.00         
  24       2               27025.02        28699.02        1674.00        
  9        2               28699.02        30313.02        1614.00        
  4        6               31774.02        33209.02        1435.00        
  29       4               33557.02        34844.02        1287.00        
  15       3               35065.71        36081.71        1016.00        
  5        5               36081.71        37029.71        948.00         
  15       5               37141.71        38460.71        1319.00        
  44       2               39133.88        40927.88        1794.00        
  44       3               40927.88        42464.88        1537.00        
  2        3               42464.88        43495.88        1031.00        
  3        3               43538.43        44571.43        1033.00        
  33       3               44571.43        45898.43        1327.00        
  22       4               45898.43        47522.43        1624.00        
  22       5               47522.43        49208.43        1686.00        
  47       3               49208.43        50556.43        1348.00        
  37       6               50556.43        51617.43        1061.00        
  3        7               51617.43        52677.43        1060.00        
  15       7               52677.43        53627.43        950.00         
  23       5               53627.43        54584.43        957.00         
  3        8               54584.43        55679.43        1095.00        
  19       7               55679.43        57202.43        1523.00        
  47       4               57202.43        58224.43        1022.00        
  21       3               58224.43        59691.43        1467.00        

  机器利用率: 56.91% (忙碌时间: 34189.00 / 总时间: 60080.43)

离散机7:
工件号      工序号             开始时间            结束时间            加工时长           
--------------------------------------------------------------------------------
  16       2               26074.02        27275.02        1201.00        
  46       5               27275.02        28637.02        1362.00        
  16       4               29011.02        30524.02        1513.00        
  5        3               30524.02        32129.02        1605.00        
  0        4               32129.02        33080.02        951.00         
  10       3               33080.02        34431.02        1351.00        
  42       3               34431.02        35525.02        1094.00        
  49       2               35525.02        36967.02        1442.00        
  42       4               36967.02        38070.02        1103.00        
  24       6               38070.02        39587.02        1517.00        
  28       4               39587.02        40569.02        982.00         
  37       2               41687.43        42618.43        931.00         
  3        2               42618.43        43538.43        920.00         
  36       3               43538.43        45275.43        1737.00        
  11       3               45275.43        46416.43        1141.00        
  25       4               46416.43        47520.43        1104.00        
  25       5               47520.43        49054.43        1534.00        
  18       6               49054.43        50736.43        1682.00        
  7        3               50736.43        52351.43        1615.00        
  33       6               52351.43        53593.43        1242.00        
  5        8               53593.43        55132.43        1539.00        
  11       4               55132.43        56075.43        943.00         
  15       9               56075.43        57037.43        962.00         
  12       7               57037.43        58244.43        1207.00        
  0        8               58244.43        59835.43        1591.00        

  机器利用率: 53.71% (忙碌时间: 32269.00 / 总时间: 60080.43)

离散机8:
工件号      工序号             开始时间            结束时间            加工时长           
--------------------------------------------------------------------------------
  30       2               17213.00        18227.00        1014.00        
  6        2               26074.02        27039.02        965.00         
  10       2               27039.02        28556.02        1517.00        
  4        4               28556.02        29703.02        1147.00        
  1        2               29703.02        31040.02        1337.00        
  20       3               31040.02        32096.02        1056.00        
  16       6               32096.02        33281.02        1185.00        
  23       2               33748.71        34811.71        1063.00        
  8        2               34811.71        35992.71        1181.00        
  26       2               35992.71        37333.71        1341.00        
  26       3               37333.71        38739.71        1406.00        
  15       6               38739.71        40090.71        1351.00        
  38       5               40090.71        41231.71        1141.00        
  11       2               41687.43        43227.43        1540.00        
  32       2               43227.43        44387.43        1160.00        
  37       4               44387.43        45459.43        1072.00        
  7        2               45459.43        47045.43        1586.00        
  21       2               47045.43        48080.43        1035.00        
  18       5               48080.43        49043.43        963.00         
  3        5               49043.43        50241.43        1198.00        
  3        6               50241.43        51336.43        1095.00        
  36       4               51336.43        52526.43        1190.00        
  10       5               52526.43        53517.43        991.00         
  10       6               53517.43        54419.43        902.00         
  36       5               54419.43        56206.43        1787.00        
  3        9               56206.43        57360.43        1154.00        
  45       2               57360.43        58721.43        1361.00        
  17       5               58721.43        59951.43        1230.00        

  机器利用率: 56.54% (忙碌时间: 33968.00 / 总时间: 60080.43)

【打印批次详细信息】
----------------------------------------------------------------------------------------------------

打印机 1 (尺寸: 908.0 x 580.0 x 648.0):
--------------------------------------------------------------------------------
  批次 1: 零件数=11, 占用率=68.51%
    - 23: 尺寸 94.0 x 91.0 x 37.0
    - 15: 尺寸 123.0 x 94.0 x 66.0
    - 49: 尺寸 301.0 x 160.0 x 28.0
    - 40: 尺寸 354.0 x 96.0 x 64.0
    - 41: 尺寸 86.0 x 174.0 x 113.0
    - 14: 尺寸 116.0 x 179.0 x 44.0
    - 28: 尺寸 342.0 x 455.0 x 96.0
    - 17: 尺寸 68.0 x 100.0 x 74.0
    - 43: 尺寸 262.0 x 111.0 x 64.0
    - 8: 尺寸 53.0 x 139.0 x 78.0
    - 26: 尺寸 148.0 x 162.0 x 85.0

打印机 2 (尺寸: 1023.0 x 424.0 x 616.0):
--------------------------------------------------------------------------------
  批次 1: 零件数=16, 占用率=90.95%
    - 27: 尺寸 394.0 x 115.0 x 168.0
    - 4: 尺寸 290.0 x 205.0 x 73.0
    - 39: 尺寸 149.0 x 98.0 x 69.0
    - 29: 尺寸 178.0 x 113.0 x 144.0
    - 42: 尺寸 147.0 x 118.0 x 117.0
    - 10: 尺寸 168.0 x 69.0 x 194.0
    - 38: 尺寸 382.0 x 278.0 x 189.0
    - 20: 尺寸 116.0 x 196.0 x 60.0
    - 1: 尺寸 71.0 x 65.0 x 30.0
    - 6: 尺寸 117.0 x 150.0 x 12.0
    - 16: 尺寸 141.0 x 66.0 x 169.0
    - 5: 尺寸 139.0 x 144.0 x 46.0
    - 9: 尺寸 53.0 x 198.0 x 188.0
    - 24: 尺寸 60.0 x 130.0 x 57.0
    - 0: 尺寸 141.0 x 148.0 x 92.0
    - 45: 尺寸 105.0 x 62.0 x 143.0
  批次 2: 零件数=6, 占用率=76.80%
    - 2: 尺寸 497.0 x 159.0 x 36.0
    - 48: 尺寸 423.0 x 356.0 x 100.0
    - 18: 尺寸 62.0 x 147.0 x 72.0
    - 36: 尺寸 356.0 x 146.0 x 13.0
    - 44: 尺寸 231.0 x 119.0 x 92.0
    - 13: 尺寸 132.0 x 113.0 x 16.0
  批次 3: 零件数=1, 占用率=12.07%
    - 21: 尺寸 258.0 x 203.0 x 21.0

打印机 3 (尺寸: 929.0 x 519.0 x 637.0):
--------------------------------------------------------------------------------
  批次 1: 零件数=14, 占用率=79.24%
    - 19: 尺寸 300.0 x 159.0 x 72.0
    - 31: 尺寸 140.0 x 96.0 x 76.0
    - 12: 尺寸 135.0 x 52.0 x 13.0
    - 35: 尺寸 351.0 x 359.0 x 99.0
    - 47: 尺寸 127.0 x 245.0 x 24.0
    - 22: 尺寸 132.0 x 326.0 x 58.0
    - 3: 尺寸 272.0 x 101.0 x 72.0
    - 32: 尺寸 101.0 x 53.0 x 38.0
    - 34: 尺寸 124.0 x 87.0 x 35.0
    - 33: 尺寸 68.0 x 86.0 x 46.0
    - 7: 尺寸 66.0 x 62.0 x 69.0
    - 11: 尺寸 92.0 x 90.0 x 82.0
    - 37: 尺寸 162.0 x 86.0 x 52.0
    - 25: 尺寸 260.0 x 146.0 x 87.0

打印机 4 (尺寸: 1089.0 x 414.0 x 657.0):
--------------------------------------------------------------------------------
  批次 1: 零件数=2, 占用率=50.78%
    - 30: 尺寸 619.0 x 336.0 x 25.0
    - 46: 尺寸 179.0 x 117.0 x 21.0

════════════════════════════════════════════════════════════════
