════════════════════════════════════════════════════════════════
              最优Cmax解的详细调度记录
════════════════════════════════════════════════════════════════

【基本信息】
----------------------------------------------------------------------------------------------------
Cmax (最大完工时间): 44562.09
能耗: 275.20 kWh
装箱质量: 0.4672
批次总数: 3
工件数量: 20
机器数量: 10 (打印机:3, 批处理机:2, 离散机:5)

【染色体编码】
----------------------------------------------------------------------------------------------------
工序序列 (OS): [18, 3, 12, 16, 17, 4, 15, 10, 1, 19, 13, 11, 2, 9, 0, 6, 8, 7, 5, 14, 7, 9, 5, 7, 11, 0, 8, 2, 15, 14, 4, 9, 3, 7, 10, 1, 1, 4, 1, 16, 2, 16, 13, 10, 18, 0, 12, 11, 11, 1, 14, 10, 3, 8, 5, 1, 19, 10, 0, 5, 18, 12, 19, 5, 11, 9, 0, 19, 16, 9, 9, 1, 7, 4, 3, 17, 17, 2, 10, 0, 14, 15, 9, 11, 0, 9, 0, 16, 17, 19, 0, 18, 2, 8, 10, 3, 11, 10, 5, 19, 19, 5, 7, 18, 1, 5, 4, 16, 2, 4, 11, 15, 17, 11, 2, 17, 1, 3, 18, 7, 13, 9, 2, 8]
机器选择 (MS): [1, 2, 2, 2, 1, 2, 1, 3, 3, 2, 3, 2, 1, 2, 3, 1, 3, 1, 2, 3, 1, 1, 3, 1, 1, 1, 2, 3, 2, 2, 2, 3, 1, 1, 1, 2, 1, 2, 2, 2, 1, 1, 2, 3, 1, 1, 1, 1, 1, 1, 1, 1, 3, 2, 1, 1, 1, 1, 2, 1, 2, 3, 2, 2, 1, 1, 1, 1, 1, 1, 1, 1, 2, 2, 1, 1, 2, 1, 1, 2, 1, 1, 1, 1, 1, 1, 3, 2, 3, 1, 1, 1, 1, 1, 2, 1, 1, 1, 1, 1, 1, 1, 2, 2, 2, 1, 1, 3, 1, 3, 1, 1, 1, 1, 1, 2, 1, 1, 1, 2, 2, 3, 1, 1]

【零件加工顺序记录】
----------------------------------------------------------------------------------------------------
工件号      工序号             机器号             开始时间            结束时间            加工时长           
----------------------------------------------------------------------------------------------------

工件 0:
  0        0               打印机3            0.00            9198.56         9198.56        
  0        1               批处理机2           9198.56         10298.56        1100.00        
  0        2               离散机1            10298.56        11413.56        1115.00        
  0        3               离散机1            12479.56        14173.56        1694.00        
  0        4               离散机5            14173.56        15904.56        1731.00        
  0        5               离散机1            15904.56        17076.56        1172.00        
  0        6               离散机1            17076.56        18049.56        973.00         
  0        7               离散机4            18049.56        19510.56        1461.00        
  0        8               离散机4            19510.56        20734.56        1224.00        
  0        9               离散机5            20734.56        22040.56        1306.00        

工件 1:
  1        0               打印机3            0.00            9198.56         9198.56        
  1        1               批处理机2           9198.56         10298.56        1100.00        
  1        2               离散机4            13029.56        14478.56        1449.00        
  1        3               离散机4            14478.56        15767.56        1289.00        
  1        4               离散机3            15767.56        16720.56        953.00         
  1        5               离散机5            16720.56        17733.56        1013.00        
  1        6               离散机2            17733.56        19250.56        1517.00        
  1        7               离散机5            19250.56        20582.56        1332.00        
  1        8               离散机3            20582.56        22328.56        1746.00        
  1        9               离散机5            25023.17        26104.17        1081.00        

工件 2:
  2        0               打印机1            0.00            32777.09        32777.09       
  2        1               批处理机2           32777.09        33877.09        1100.00        
  2        2               离散机1            33877.09        35444.09        1567.00        
  2        3               离散机4            35444.09        36742.09        1298.00        
  2        4               离散机3            37536.09        38777.09        1241.00        
  2        5               离散机3            38777.09        39916.09        1139.00        
  2        6               离散机5            39916.09        41071.09        1155.00        
  2        7               离散机3            41636.09        43099.09        1463.00        
  2        8               离散机5            43099.09        44522.09        1423.00        

工件 3:
  3        0               打印机2            0.00            22479.17        22479.17       
  3        1               批处理机2           22479.17        23579.17        1100.00        
  3        2               离散机4            24496.17        25588.17        1092.00        
  3        3               离散机2            26419.17        28022.17        1603.00        
  3        4               离散机2            31415.17        32493.17        1078.00        
  3        5               离散机4            32493.17        33819.17        1326.00        
  3        6               离散机1            42065.09        43656.09        1591.00        

工件 4:
  4        0               打印机2            0.00            22479.17        22479.17       
  4        1               批处理机2           22479.17        23579.17        1100.00        
  4        2               离散机2            23579.17        24724.17        1145.00        
  4        3               离散机1            26591.17        28285.17        1694.00        
  4        4               离散机3            28714.17        29772.17        1058.00        
  4        5               离散机2            35343.09        36502.09        1159.00        
  4        6               离散机5            38412.09        39486.09        1074.00        

工件 5:
  5        0               打印机2            0.00            22479.17        22479.17       
  5        1               批处理机2           22479.17        23579.17        1100.00        
  5        2               离散机4            23579.17        24496.17        917.00         
  5        3               离散机3            25803.17        27444.17        1641.00        
  5        4               离散机4            29719.17        30970.17        1251.00        
  5        5               离散机4            30970.17        32125.17        1155.00        
  5        6               离散机1            32492.17        33603.17        1111.00        
  5        7               离散机3            33634.17        34840.17        1206.00        
  5        8               离散机1            41083.09        42065.09        982.00         

工件 6:
  6        0               打印机1            0.00            32777.09        32777.09       
  6        1               批处理机2           32777.09        33877.09        1100.00        

工件 7:
  7        0               打印机1            0.00            32777.09        32777.09       
  7        1               批处理机2           32777.09        33877.09        1100.00        
  7        2               离散机4            33877.09        35196.09        1319.00        
  7        3               离散机3            35196.09        36342.09        1146.00        
  7        4               离散机3            36342.09        37536.09        1194.00        
  7        5               离散机4            38124.09        39127.09        1003.00        
  7        6               离散机4            39127.09        40794.09        1667.00        
  7        7               离散机5            41071.09        42376.09        1305.00        

工件 8:
  8        0               打印机3            0.00            9198.56         9198.56        
  8        1               批处理机2           9198.56         10298.56        1100.00        
  8        2               离散机4            10298.56        11985.56        1687.00        
  8        3               离散机1            14173.56        15228.56        1055.00        
  8        4               离散机5            17733.56        18930.56        1197.00        
  8        5               离散机1            21792.56        23332.56        1540.00        

工件 9:
  9        0               打印机2            0.00            22479.17        22479.17       
  9        1               批处理机2           22479.17        23579.17        1100.00        
  9        2               离散机1            23579.17        24848.17        1269.00        
  9        3               离散机3            24848.17        25803.17        955.00         
  9        4               离散机4            26908.17        27924.17        1016.00        
  9        5               离散机5            27982.17        29194.17        1212.00        
  9        6               离散机2            29279.17        30304.17        1025.00        
  9        7               离散机3            30304.17        31646.17        1342.00        
  9        8               离散机2            32493.17        33827.17        1334.00        
  9        9               离散机1            43656.09        44562.09        906.00         

工件 10:
  10       0               打印机3            0.00            9198.56         9198.56        
  10       1               批处理机2           9198.56         10298.56        1100.00        
  10       2               离散机4            11985.56        13029.56        1044.00        
  10       3               离散机3            13029.56        14169.56        1140.00        
  10       4               离散机3            16720.56        18100.56        1380.00        
  10       5               离散机1            18100.56        19320.56        1220.00        
  10       6               离散机1            19320.56        20744.56        1424.00        
  10       7               离散机1            20744.56        21792.56        1048.00        
  10       8               离散机5            22040.56        23220.56        1180.00        

工件 11:
  11       0               打印机2            0.00            22479.17        22479.17       
  11       1               批处理机2           22479.17        23579.17        1100.00        
  11       2               离散机1            24848.17        26591.17        1743.00        
  11       3               离散机5            26591.17        27982.17        1391.00        
  11       4               离散机4            27982.17        29719.17        1737.00        
  11       5               离散机5            30457.17        31573.17        1116.00        
  11       6               离散机1            31573.17        32492.17        919.00         
  11       7               离散机3            32656.17        33634.17        978.00         
  11       8               离散机2            39165.09        40213.09        1048.00        
  11       9               离散机4            40794.09        42303.09        1509.00        

工件 12:
  12       0               打印机2            0.00            22479.17        22479.17       
  12       1               批处理机2           22479.17        23579.17        1100.00        
  12       2               离散机2            24724.17        26419.17        1695.00        
  12       3               离散机3            27444.17        28714.17        1270.00        

工件 13:
  13       0               打印机3            0.00            9198.56         9198.56        
  13       1               批处理机2           9198.56         10298.56        1100.00        
  13       2               离散机2            10298.56        11423.56        1125.00        
  13       3               离散机5            11423.56        13083.56        1660.00        

工件 14:
  14       0               打印机3            0.00            9198.56         9198.56        
  14       1               批处理机2           9198.56         10298.56        1100.00        
  14       2               离散机1            11413.56        12479.56        1066.00        
  14       3               离散机3            14169.56        15537.56        1368.00        
  14       4               离散机3            18100.56        19314.56        1214.00        

工件 15:
  15       0               打印机1            0.00            32777.09        32777.09       
  15       1               批处理机2           32777.09        33877.09        1100.00        
  15       2               离散机1            35444.09        36848.09        1404.00        
  15       3               离散机2            36848.09        38078.09        1230.00        
  15       4               离散机3            39916.09        41636.09        1720.00        

工件 16:
  16       0               打印机2            0.00            22479.17        22479.17       
  16       1               批处理机2           22479.17        23579.17        1100.00        
  16       2               离散机5            23579.17        25023.17        1444.00        
  16       3               离散机4            25588.17        26908.17        1320.00        
  16       4               离散机2            28022.17        29279.17        1257.00        
  16       5               离散机3            31646.17        32656.17        1010.00        
  16       6               离散机5            32684.17        33657.17        973.00         

工件 17:
  17       0               打印机1            0.00            32777.09        32777.09       
  17       1               批处理机2           32777.09        33877.09        1100.00        
  17       2               离散机2            33877.09        35343.09        1466.00        
  17       3               离散机5            35454.09        36811.09        1357.00        
  17       4               离散机5            36811.09        38412.09        1601.00        
  17       5               离散机2            40213.09        41533.09        1320.00        
  17       6               离散机3            43099.09        44354.09        1255.00        

工件 18:
  18       0               打印机1            0.00            32777.09        32777.09       
  18       1               批处理机2           32777.09        33877.09        1100.00        
  18       2               离散机5            33877.09        35454.09        1577.00        
  18       3               离散机4            36742.09        38124.09        1382.00        
  18       4               离散机2            38124.09        39165.09        1041.00        
  18       5               离散机1            40069.09        41083.09        1014.00        
  18       6               离散机4            42303.09        43893.09        1590.00        

工件 19:
  19       0               打印机2            0.00            22479.17        22479.17       
  19       1               批处理机2           22479.17        23579.17        1100.00        
  19       2               离散机1            28285.17        29436.17        1151.00        
  19       3               离散机5            29436.17        30457.17        1021.00        
  19       4               离散机2            30457.17        31415.17        958.00         
  19       5               离散机5            31573.17        32684.17        1111.00        
  19       6               离散机1            36848.09        38626.09        1778.00        
  19       7               离散机1            38626.09        40069.09        1443.00        

【机器加工顺序记录】
----------------------------------------------------------------------------------------------------

打印机1:
工件号      工序号             开始时间            结束时间            加工时长           
--------------------------------------------------------------------------------
  2        0               0.00            32777.09        32777.09       
  6        0               0.00            32777.09        32777.09       
  7        0               0.00            32777.09        32777.09       
  15       0               0.00            32777.09        32777.09       
  17       0               0.00            32777.09        32777.09       
  18       0               0.00            32777.09        32777.09       

  机器利用率: 441.32% (忙碌时间: 196662.52 / 总时间: 44562.09)

打印机2:
工件号      工序号             开始时间            结束时间            加工时长           
--------------------------------------------------------------------------------
  3        0               0.00            22479.17        22479.17       
  4        0               0.00            22479.17        22479.17       
  5        0               0.00            22479.17        22479.17       
  9        0               0.00            22479.17        22479.17       
  11       0               0.00            22479.17        22479.17       
  12       0               0.00            22479.17        22479.17       
  16       0               0.00            22479.17        22479.17       
  19       0               0.00            22479.17        22479.17       

  机器利用率: 403.56% (忙碌时间: 179833.35 / 总时间: 44562.09)

打印机3:
工件号      工序号             开始时间            结束时间            加工时长           
--------------------------------------------------------------------------------
  0        0               0.00            9198.56         9198.56        
  1        0               0.00            9198.56         9198.56        
  8        0               0.00            9198.56         9198.56        
  10       0               0.00            9198.56         9198.56        
  13       0               0.00            9198.56         9198.56        
  14       0               0.00            9198.56         9198.56        

  机器利用率: 123.85% (忙碌时间: 55191.36 / 总时间: 44562.09)

批处理机1:
工件号      工序号             开始时间            结束时间            加工时长           
--------------------------------------------------------------------------------

  机器利用率: 0.00% (忙碌时间: 0.00 / 总时间: 44562.09)

批处理机2:
工件号      工序号             开始时间            结束时间            加工时长           
--------------------------------------------------------------------------------
  0        1               9198.56         10298.56        1100.00        
  1        1               9198.56         10298.56        1100.00        
  8        1               9198.56         10298.56        1100.00        
  10       1               9198.56         10298.56        1100.00        
  13       1               9198.56         10298.56        1100.00        
  14       1               9198.56         10298.56        1100.00        
  3        1               22479.17        23579.17        1100.00        
  4        1               22479.17        23579.17        1100.00        
  5        1               22479.17        23579.17        1100.00        
  9        1               22479.17        23579.17        1100.00        
  11       1               22479.17        23579.17        1100.00        
  12       1               22479.17        23579.17        1100.00        
  16       1               22479.17        23579.17        1100.00        
  19       1               22479.17        23579.17        1100.00        
  2        1               32777.09        33877.09        1100.00        
  6        1               32777.09        33877.09        1100.00        
  7        1               32777.09        33877.09        1100.00        
  15       1               32777.09        33877.09        1100.00        
  17       1               32777.09        33877.09        1100.00        
  18       1               32777.09        33877.09        1100.00        

  机器利用率: 49.37% (忙碌时间: 22000.00 / 总时间: 44562.09)

离散机1:
工件号      工序号             开始时间            结束时间            加工时长           
--------------------------------------------------------------------------------
  0        2               10298.56        11413.56        1115.00        
  14       2               11413.56        12479.56        1066.00        
  0        3               12479.56        14173.56        1694.00        
  8        3               14173.56        15228.56        1055.00        
  0        5               15904.56        17076.56        1172.00        
  0        6               17076.56        18049.56        973.00         
  10       5               18100.56        19320.56        1220.00        
  10       6               19320.56        20744.56        1424.00        
  10       7               20744.56        21792.56        1048.00        
  8        5               21792.56        23332.56        1540.00        
  9        2               23579.17        24848.17        1269.00        
  11       2               24848.17        26591.17        1743.00        
  4        3               26591.17        28285.17        1694.00        
  19       2               28285.17        29436.17        1151.00        
  11       6               31573.17        32492.17        919.00         
  5        6               32492.17        33603.17        1111.00        
  2        2               33877.09        35444.09        1567.00        
  15       2               35444.09        36848.09        1404.00        
  19       6               36848.09        38626.09        1778.00        
  19       7               38626.09        40069.09        1443.00        
  18       5               40069.09        41083.09        1014.00        
  5        8               41083.09        42065.09        982.00         
  3        6               42065.09        43656.09        1591.00        
  9        9               43656.09        44562.09        906.00         

  机器利用率: 69.29% (忙碌时间: 30879.00 / 总时间: 44562.09)

离散机2:
工件号      工序号             开始时间            结束时间            加工时长           
--------------------------------------------------------------------------------
  13       2               10298.56        11423.56        1125.00        
  1        6               17733.56        19250.56        1517.00        
  4        2               23579.17        24724.17        1145.00        
  12       2               24724.17        26419.17        1695.00        
  3        3               26419.17        28022.17        1603.00        
  16       4               28022.17        29279.17        1257.00        
  9        6               29279.17        30304.17        1025.00        
  19       4               30457.17        31415.17        958.00         
  3        4               31415.17        32493.17        1078.00        
  9        8               32493.17        33827.17        1334.00        
  17       2               33877.09        35343.09        1466.00        
  4        5               35343.09        36502.09        1159.00        
  15       3               36848.09        38078.09        1230.00        
  18       4               38124.09        39165.09        1041.00        
  11       8               39165.09        40213.09        1048.00        
  17       5               40213.09        41533.09        1320.00        

  机器利用率: 44.88% (忙碌时间: 20001.00 / 总时间: 44562.09)

离散机3:
工件号      工序号             开始时间            结束时间            加工时长           
--------------------------------------------------------------------------------
  10       3               13029.56        14169.56        1140.00        
  14       3               14169.56        15537.56        1368.00        
  1        4               15767.56        16720.56        953.00         
  10       4               16720.56        18100.56        1380.00        
  14       4               18100.56        19314.56        1214.00        
  1        8               20582.56        22328.56        1746.00        
  9        3               24848.17        25803.17        955.00         
  5        3               25803.17        27444.17        1641.00        
  12       3               27444.17        28714.17        1270.00        
  4        4               28714.17        29772.17        1058.00        
  9        7               30304.17        31646.17        1342.00        
  16       5               31646.17        32656.17        1010.00        
  11       7               32656.17        33634.17        978.00         
  5        7               33634.17        34840.17        1206.00        
  7        3               35196.09        36342.09        1146.00        
  7        4               36342.09        37536.09        1194.00        
  2        4               37536.09        38777.09        1241.00        
  2        5               38777.09        39916.09        1139.00        
  15       4               39916.09        41636.09        1720.00        
  2        7               41636.09        43099.09        1463.00        
  17       6               43099.09        44354.09        1255.00        

  机器利用率: 59.29% (忙碌时间: 26419.00 / 总时间: 44562.09)

离散机4:
工件号      工序号             开始时间            结束时间            加工时长           
--------------------------------------------------------------------------------
  8        2               10298.56        11985.56        1687.00        
  10       2               11985.56        13029.56        1044.00        
  1        2               13029.56        14478.56        1449.00        
  1        3               14478.56        15767.56        1289.00        
  0        7               18049.56        19510.56        1461.00        
  0        8               19510.56        20734.56        1224.00        
  5        2               23579.17        24496.17        917.00         
  3        2               24496.17        25588.17        1092.00        
  16       3               25588.17        26908.17        1320.00        
  9        4               26908.17        27924.17        1016.00        
  11       4               27982.17        29719.17        1737.00        
  5        4               29719.17        30970.17        1251.00        
  5        5               30970.17        32125.17        1155.00        
  3        5               32493.17        33819.17        1326.00        
  7        2               33877.09        35196.09        1319.00        
  2        3               35444.09        36742.09        1298.00        
  18       3               36742.09        38124.09        1382.00        
  7        5               38124.09        39127.09        1003.00        
  7        6               39127.09        40794.09        1667.00        
  11       9               40794.09        42303.09        1509.00        
  18       6               42303.09        43893.09        1590.00        

  机器利用率: 62.24% (忙碌时间: 27736.00 / 总时间: 44562.09)

离散机5:
工件号      工序号             开始时间            结束时间            加工时长           
--------------------------------------------------------------------------------
  13       3               11423.56        13083.56        1660.00        
  0        4               14173.56        15904.56        1731.00        
  1        5               16720.56        17733.56        1013.00        
  8        4               17733.56        18930.56        1197.00        
  1        7               19250.56        20582.56        1332.00        
  0        9               20734.56        22040.56        1306.00        
  10       8               22040.56        23220.56        1180.00        
  16       2               23579.17        25023.17        1444.00        
  1        9               25023.17        26104.17        1081.00        
  11       3               26591.17        27982.17        1391.00        
  9        5               27982.17        29194.17        1212.00        
  19       3               29436.17        30457.17        1021.00        
  11       5               30457.17        31573.17        1116.00        
  19       5               31573.17        32684.17        1111.00        
  16       6               32684.17        33657.17        973.00         
  18       2               33877.09        35454.09        1577.00        
  17       3               35454.09        36811.09        1357.00        
  17       4               36811.09        38412.09        1601.00        
  4        6               38412.09        39486.09        1074.00        
  2        6               39916.09        41071.09        1155.00        
  7        7               41071.09        42376.09        1305.00        
  2        8               43099.09        44522.09        1423.00        

  机器利用率: 63.42% (忙碌时间: 28260.00 / 总时间: 44562.09)

【打印批次详细信息】
----------------------------------------------------------------------------------------------------

打印机 1 (尺寸: 845.0 x 507.0 x 542.0):
--------------------------------------------------------------------------------
  批次 1: 零件数=6, 占用率=46.72%
    - 18: 尺寸 197.0 x 134.0 x 133.0
    - 17: 尺寸 184.0 x 118.0 x 187.0
    - 2: 尺寸 347.0 x 98.0 x 140.0
    - 7: 尺寸 109.0 x 56.0 x 47.0
    - 6: 尺寸 57.0 x 141.0 x 46.0
    - 15: 尺寸 742.0 x 140.0 x 188.0

打印机 2 (尺寸: 833.0 x 577.0 x 594.0):
--------------------------------------------------------------------------------
  批次 1: 零件数=8, 占用率=60.92%
    - 3: 尺寸 547.0 x 155.0 x 80.0
    - 12: 尺寸 110.0 x 136.0 x 21.0
    - 4: 尺寸 170.0 x 137.0 x 29.0
    - 9: 尺寸 111.0 x 180.0 x 90.0
    - 19: 尺寸 119.0 x 212.0 x 92.0
    - 16: 尺寸 317.0 x 183.0 x 84.0
    - 11: 尺寸 179.0 x 322.0 x 91.0
    - 5: 尺寸 100.0 x 89.0 x 64.0

打印机 3 (尺寸: 926.0 x 501.0 x 541.0):
--------------------------------------------------------------------------------
  批次 1: 零件数=6, 占用率=56.01%
    - 10: 尺寸 107.0 x 71.0 x 13.0
    - 1: 尺寸 268.0 x 244.0 x 21.0
    - 13: 尺寸 73.0 x 78.0 x 24.0
    - 8: 尺寸 85.0 x 119.0 x 26.0
    - 14: 尺寸 159.0 x 81.0 x 15.0
    - 0: 尺寸 676.0 x 234.0 x 22.0

════════════════════════════════════════════════════════════════
