════════════════════════════════════════════════════════════════
              最优Cmax解的详细调度记录
════════════════════════════════════════════════════════════════

【基本信息】
----------------------------------------------------------------------------------------------------
Cmax (最大完工时间): 50174.00
能耗: 280.86 kWh
装箱质量: 0.2046
批次总数: 3
工件数量: 20
机器数量: 10 (打印机:3, 批处理机:2, 离散机:5)

【染色体编码】
----------------------------------------------------------------------------------------------------
工序序列 (OS): [11, 5, 0, 12, 14, 10, 3, 13, 18, 7, 8, 4, 16, 1, 2, 19, 6, 9, 17, 15, 17, 9, 8, 19, 13, 6, 6, 5, 1, 8, 19, 1, 9, 6, 12, 2, 13, 8, 1, 12, 17, 10, 13, 2, 11, 17, 19, 17, 7, 13, 19, 6, 10, 17, 9, 6, 7, 4, 1, 2, 18, 11, 2, 11, 0, 12, 2, 13, 11, 12, 19, 5, 9, 1, 10, 0, 2, 10, 11, 0, 1, 3, 17, 11, 10, 7, 8, 0, 18, 14, 9, 4, 17, 2, 6, 2, 11, 10, 18, 19, 17, 1, 6, 4, 10, 9, 7]
机器选择 (MS): [3, 1, 3, 1, 2, 3, 3, 1, 3, 3, 1, 2, 3, 1, 3, 1, 1, 3, 2, 3, 1, 2, 1, 3, 3, 1, 1, 1, 2, 1, 1, 1, 1, 2, 1, 2, 1, 1, 3, 1, 1, 1, 1, 2, 1, 3, 3, 1, 1, 2, 3, 1, 2, 1, 1, 2, 1, 1, 1, 2, 1, 1, 1, 3, 2, 2, 1, 1, 2, 2, 2, 1, 2, 1, 3, 2, 1, 1, 1, 1, 2, 2, 2, 2, 1, 1, 2, 1, 2, 1, 1, 1, 1, 1, 3, 1, 1, 2, 1, 2, 1, 3, 1, 1, 1, 1, 2]

【零件加工顺序记录】
----------------------------------------------------------------------------------------------------
工件号      工序号             机器号             开始时间            结束时间            加工时长           
----------------------------------------------------------------------------------------------------

工件 0:
  0        0               打印机3            0.00            34132.00        34132.00       
  0        1               批处理机1           34132.00        35211.00        1079.00        
  0        2               离散机2            39085.00        40107.00        1022.00        
  0        3               离散机4            42225.78        43451.78        1226.00        
  0        4               离散机5            44953.78        46229.78        1276.00        
  0        5               离散机3            46374.78        47516.78        1142.00        

工件 1:
  1        0               打印机1            0.00            29179.78        29179.78       
  1        1               批处理机1           29179.78        30258.78        1079.00        
  1        2               离散机4            32028.78        33175.78        1147.00        
  1        3               离散机4            33175.78        34592.78        1417.00        
  1        4               离散机1            34592.78        35962.78        1370.00        
  1        5               离散机2            38151.00        39085.00        934.00         
  1        6               离散机3            42111.78        43049.78        938.00         
  1        7               离散机2            44165.00        45098.00        933.00         
  1        8               离散机1            47605.78        48570.78        965.00         

工件 2:
  2        0               打印机3            0.00            34132.00        34132.00       
  2        1               批处理机1           34132.00        35211.00        1079.00        
  2        2               离散机3            35211.00        36482.00        1271.00        
  2        3               离散机1            37293.78        38205.78        912.00         
  2        4               离散机3            38205.78        39609.78        1404.00        
  2        5               离散机3            39609.78        40581.78        972.00         
  2        6               离散机5            40581.78        42230.78        1649.00        
  2        7               离散机1            43210.78        44287.78        1077.00        
  2        8               离散机4            44834.78        46583.78        1749.00        
  2        9               离散机3            47516.78        48567.78        1051.00        

工件 3:
  3        0               打印机3            0.00            34132.00        34132.00       
  3        1               批处理机1           34132.00        35211.00        1079.00        
  3        2               离散机3            43049.78        44441.78        1392.00        

工件 4:
  4        0               打印机2            0.00            13538.68        13538.68       
  4        1               批处理机1           13538.68        14617.68        1079.00        
  4        2               离散机1            15614.68        16581.68        967.00         
  4        3               离散机1            19791.68        21203.68        1412.00        
  4        4               离散机1            21203.68        22945.68        1742.00        

工件 5:
  5        0               打印机1            0.00            29179.78        29179.78       
  5        1               批处理机1           29179.78        30258.78        1079.00        
  5        2               离散机3            30258.78        31572.78        1314.00        
  5        3               离散机1            41992.78        43210.78        1218.00        

工件 6:
  6        0               打印机1            0.00            29179.78        29179.78       
  6        1               批处理机1           29179.78        30258.78        1079.00        
  6        2               离散机5            30258.78        31525.78        1267.00        
  6        3               离散机5            31525.78        32507.78        982.00         
  6        4               离散机1            33467.78        34379.78        912.00         
  6        5               离散机5            36024.78        37191.78        1167.00        
  6        6               离散机5            37191.78        38197.78        1006.00        
  6        7               离散机5            46229.78        47237.78        1008.00        
  6        8               离散机1            48570.78        49506.78        936.00         

工件 7:
  7        0               打印机3            0.00            34132.00        34132.00       
  7        1               批处理机1           34132.00        35211.00        1079.00        
  7        2               离散机4            36151.78        37237.78        1086.00        
  7        3               离散机5            38197.78        39261.78        1064.00        
  7        4               离散机1            45414.78        46539.78        1125.00        
  7        5               离散机4            48361.78        49622.78        1261.00        

工件 8:
  8        0               打印机1            0.00            29179.78        29179.78       
  8        1               批处理机1           29179.78        30258.78        1079.00        
  8        2               离散机2            30258.78        31548.78        1290.00        
  8        3               离散机1            31915.78        33467.78        1552.00        
  8        4               离散机2            33467.78        34881.78        1414.00        
  8        5               离散机3            44441.78        45359.78        918.00         

工件 9:
  9        0               打印机3            0.00            34132.00        34132.00       
  9        1               批处理机1           34132.00        35211.00        1079.00        
  9        2               离散机2            35211.00        36352.00        1141.00        
  9        3               离散机2            36352.00        38151.00        1799.00        
  9        4               离散机4            38994.78        39939.78        945.00         
  9        5               离散机5            43313.78        44953.78        1640.00        
  9        6               离散机2            46071.00        47465.00        1394.00        
  9        7               离散机5            48404.78        49691.78        1287.00        

工件 10:
  10       0               打印机3            0.00            34132.00        34132.00       
  10       1               批处理机1           34132.00        35211.00        1079.00        
  10       2               离散机1            35962.78        37293.78        1331.00        
  10       3               离散机1            39296.78        40672.78        1376.00        
  10       4               离散机4            41150.78        42225.78        1075.00        
  10       5               离散机2            42689.00        44165.00        1476.00        
  10       6               离散机2            45098.00        46071.00        973.00         
  10       7               离散机5            47237.78        48404.78        1167.00        
  10       8               离散机2            49128.00        50174.00        1046.00        

工件 11:
  11       0               打印机3            0.00            34132.00        34132.00       
  11       1               批处理机1           34132.00        35211.00        1079.00        
  11       2               离散机1            38205.78        39296.78        1091.00        
  11       3               离散机5            39296.78        40222.78        926.00         
  11       4               离散机3            40581.78        42111.78        1530.00        
  11       5               离散机5            42230.78        43313.78        1083.00        
  11       6               离散机1            44287.78        45414.78        1127.00        
  11       7               离散机3            45414.78        46374.78        960.00         
  11       8               离散机1            46539.78        47605.78        1066.00        

工件 12:
  12       0               打印机1            0.00            29179.78        29179.78       
  12       1               批处理机1           29179.78        30258.78        1079.00        
  12       2               离散机2            31548.78        33100.78        1552.00        
  12       3               离散机3            33100.78        34061.78        961.00         
  12       4               离散机3            34061.78        35155.78        1094.00        
  12       5               离散机2            40107.00        41073.00        966.00         

工件 13:
  13       0               打印机1            0.00            29179.78        29179.78       
  13       1               批处理机1           29179.78        30258.78        1079.00        
  13       2               离散机1            30258.78        31915.78        1657.00        
  13       3               离散机5            33434.78        34667.78        1233.00        
  13       4               离散机5            34667.78        36024.78        1357.00        
  13       5               离散机3            36482.00        38139.00        1657.00        
  13       6               离散机4            39939.78        41150.78        1211.00        

工件 14:
  14       0               打印机2            0.00            13538.68        13538.68       
  14       1               批处理机1           13538.68        14617.68        1079.00        
  14       2               离散机1            18597.68        19791.68        1194.00        

工件 15:
  15       0               打印机3            0.00            34132.00        34132.00       
  15       1               批处理机1           34132.00        35211.00        1079.00        

工件 16:
  16       0               打印机3            0.00            34132.00        34132.00       
  16       1               批处理机1           34132.00        35211.00        1079.00        

工件 17:
  17       0               打印机2            0.00            13538.68        13538.68       
  17       1               批处理机1           13538.68        14617.68        1079.00        
  17       2               离散机1            14617.68        15614.68        997.00         
  17       3               离散机3            15614.68        16540.68        926.00         
  17       4               离散机5            16540.68        17619.68        1079.00        
  17       5               离散机1            17619.68        18597.68        978.00         
  17       6               离散机5            18597.68        19688.68        1091.00        
  17       7               离散机4            19688.68        21264.68        1576.00        
  17       8               离散机2            21264.68        22256.68        992.00         
  17       9               离散机5            22256.68        23461.68        1205.00        

工件 18:
  18       0               打印机3            0.00            34132.00        34132.00       
  18       1               批处理机1           34132.00        35211.00        1079.00        
  18       2               离散机1            40672.78        41992.78        1320.00        
  18       3               离散机4            43451.78        44834.78        1383.00        
  18       4               离散机2            47465.00        49128.00        1663.00        

工件 19:
  19       0               打印机1            0.00            29179.78        29179.78       
  19       1               批处理机1           29179.78        30258.78        1079.00        
  19       2               离散机4            30258.78        32028.78        1770.00        
  19       3               离散机5            32507.78        33434.78        927.00         
  19       4               离散机4            34592.78        36151.78        1559.00        
  19       5               离散机4            37237.78        38994.78        1757.00        
  19       6               离散机2            41073.00        42689.00        1616.00        
  19       7               离散机4            46583.78        48361.78        1778.00        

【机器加工顺序记录】
----------------------------------------------------------------------------------------------------

打印机1:
工件号      工序号             开始时间            结束时间            加工时长           
--------------------------------------------------------------------------------
  1        0               0.00            29179.78        29179.78       
  5        0               0.00            29179.78        29179.78       
  6        0               0.00            29179.78        29179.78       
  8        0               0.00            29179.78        29179.78       
  12       0               0.00            29179.78        29179.78       
  13       0               0.00            29179.78        29179.78       
  19       0               0.00            29179.78        29179.78       

  机器利用率: 407.10% (忙碌时间: 204258.44 / 总时间: 50174.00)

打印机2:
工件号      工序号             开始时间            结束时间            加工时长           
--------------------------------------------------------------------------------
  4        0               0.00            13538.68        13538.68       
  14       0               0.00            13538.68        13538.68       
  17       0               0.00            13538.68        13538.68       

  机器利用率: 80.95% (忙碌时间: 40616.05 / 总时间: 50174.00)

打印机3:
工件号      工序号             开始时间            结束时间            加工时长           
--------------------------------------------------------------------------------
  0        0               0.00            34132.00        34132.00       
  2        0               0.00            34132.00        34132.00       
  3        0               0.00            34132.00        34132.00       
  7        0               0.00            34132.00        34132.00       
  9        0               0.00            34132.00        34132.00       
  10       0               0.00            34132.00        34132.00       
  11       0               0.00            34132.00        34132.00       
  15       0               0.00            34132.00        34132.00       
  16       0               0.00            34132.00        34132.00       
  18       0               0.00            34132.00        34132.00       

  机器利用率: 680.27% (忙碌时间: 341320.00 / 总时间: 50174.00)

批处理机1:
工件号      工序号             开始时间            结束时间            加工时长           
--------------------------------------------------------------------------------
  4        1               13538.68        14617.68        1079.00        
  14       1               13538.68        14617.68        1079.00        
  17       1               13538.68        14617.68        1079.00        
  1        1               29179.78        30258.78        1079.00        
  5        1               29179.78        30258.78        1079.00        
  6        1               29179.78        30258.78        1079.00        
  8        1               29179.78        30258.78        1079.00        
  12       1               29179.78        30258.78        1079.00        
  13       1               29179.78        30258.78        1079.00        
  19       1               29179.78        30258.78        1079.00        
  0        1               34132.00        35211.00        1079.00        
  2        1               34132.00        35211.00        1079.00        
  3        1               34132.00        35211.00        1079.00        
  7        1               34132.00        35211.00        1079.00        
  9        1               34132.00        35211.00        1079.00        
  10       1               34132.00        35211.00        1079.00        
  11       1               34132.00        35211.00        1079.00        
  15       1               34132.00        35211.00        1079.00        
  16       1               34132.00        35211.00        1079.00        
  18       1               34132.00        35211.00        1079.00        

  机器利用率: 43.01% (忙碌时间: 21580.00 / 总时间: 50174.00)

批处理机2:
工件号      工序号             开始时间            结束时间            加工时长           
--------------------------------------------------------------------------------

  机器利用率: 0.00% (忙碌时间: 0.00 / 总时间: 50174.00)

离散机1:
工件号      工序号             开始时间            结束时间            加工时长           
--------------------------------------------------------------------------------
  17       2               14617.68        15614.68        997.00         
  4        2               15614.68        16581.68        967.00         
  17       5               17619.68        18597.68        978.00         
  14       2               18597.68        19791.68        1194.00        
  4        3               19791.68        21203.68        1412.00        
  4        4               21203.68        22945.68        1742.00        
  13       2               30258.78        31915.78        1657.00        
  8        3               31915.78        33467.78        1552.00        
  6        4               33467.78        34379.78        912.00         
  1        4               34592.78        35962.78        1370.00        
  10       2               35962.78        37293.78        1331.00        
  2        3               37293.78        38205.78        912.00         
  11       2               38205.78        39296.78        1091.00        
  10       3               39296.78        40672.78        1376.00        
  18       2               40672.78        41992.78        1320.00        
  5        3               41992.78        43210.78        1218.00        
  2        7               43210.78        44287.78        1077.00        
  11       6               44287.78        45414.78        1127.00        
  7        4               45414.78        46539.78        1125.00        
  11       8               46539.78        47605.78        1066.00        
  1        8               47605.78        48570.78        965.00         
  6        8               48570.78        49506.78        936.00         

  机器利用率: 52.47% (忙碌时间: 26325.00 / 总时间: 50174.00)

离散机2:
工件号      工序号             开始时间            结束时间            加工时长           
--------------------------------------------------------------------------------
  17       8               21264.68        22256.68        992.00         
  8        2               30258.78        31548.78        1290.00        
  12       2               31548.78        33100.78        1552.00        
  8        4               33467.78        34881.78        1414.00        
  9        2               35211.00        36352.00        1141.00        
  9        3               36352.00        38151.00        1799.00        
  1        5               38151.00        39085.00        934.00         
  0        2               39085.00        40107.00        1022.00        
  12       5               40107.00        41073.00        966.00         
  19       6               41073.00        42689.00        1616.00        
  10       5               42689.00        44165.00        1476.00        
  1        7               44165.00        45098.00        933.00         
  10       6               45098.00        46071.00        973.00         
  9        6               46071.00        47465.00        1394.00        
  18       4               47465.00        49128.00        1663.00        
  10       8               49128.00        50174.00        1046.00        

  机器利用率: 40.28% (忙碌时间: 20211.00 / 总时间: 50174.00)

离散机3:
工件号      工序号             开始时间            结束时间            加工时长           
--------------------------------------------------------------------------------
  17       3               15614.68        16540.68        926.00         
  5        2               30258.78        31572.78        1314.00        
  12       3               33100.78        34061.78        961.00         
  12       4               34061.78        35155.78        1094.00        
  2        2               35211.00        36482.00        1271.00        
  13       5               36482.00        38139.00        1657.00        
  2        4               38205.78        39609.78        1404.00        
  2        5               39609.78        40581.78        972.00         
  11       4               40581.78        42111.78        1530.00        
  1        6               42111.78        43049.78        938.00         
  3        2               43049.78        44441.78        1392.00        
  8        5               44441.78        45359.78        918.00         
  11       7               45414.78        46374.78        960.00         
  0        5               46374.78        47516.78        1142.00        
  2        9               47516.78        48567.78        1051.00        

  机器利用率: 34.94% (忙碌时间: 17530.00 / 总时间: 50174.00)

离散机4:
工件号      工序号             开始时间            结束时间            加工时长           
--------------------------------------------------------------------------------
  17       7               19688.68        21264.68        1576.00        
  19       2               30258.78        32028.78        1770.00        
  1        2               32028.78        33175.78        1147.00        
  1        3               33175.78        34592.78        1417.00        
  19       4               34592.78        36151.78        1559.00        
  7        2               36151.78        37237.78        1086.00        
  19       5               37237.78        38994.78        1757.00        
  9        4               38994.78        39939.78        945.00         
  13       6               39939.78        41150.78        1211.00        
  10       4               41150.78        42225.78        1075.00        
  0        3               42225.78        43451.78        1226.00        
  18       3               43451.78        44834.78        1383.00        
  2        8               44834.78        46583.78        1749.00        
  19       7               46583.78        48361.78        1778.00        
  7        5               48361.78        49622.78        1261.00        

  机器利用率: 41.73% (忙碌时间: 20940.00 / 总时间: 50174.00)

离散机5:
工件号      工序号             开始时间            结束时间            加工时长           
--------------------------------------------------------------------------------
  17       4               16540.68        17619.68        1079.00        
  17       6               18597.68        19688.68        1091.00        
  17       9               22256.68        23461.68        1205.00        
  6        2               30258.78        31525.78        1267.00        
  6        3               31525.78        32507.78        982.00         
  19       3               32507.78        33434.78        927.00         
  13       3               33434.78        34667.78        1233.00        
  13       4               34667.78        36024.78        1357.00        
  6        5               36024.78        37191.78        1167.00        
  6        6               37191.78        38197.78        1006.00        
  7        3               38197.78        39261.78        1064.00        
  11       3               39296.78        40222.78        926.00         
  2        6               40581.78        42230.78        1649.00        
  11       5               42230.78        43313.78        1083.00        
  9        5               43313.78        44953.78        1640.00        
  0        4               44953.78        46229.78        1276.00        
  6        7               46229.78        47237.78        1008.00        
  10       7               47237.78        48404.78        1167.00        
  9        7               48404.78        49691.78        1287.00        

  机器利用率: 44.67% (忙碌时间: 22414.00 / 总时间: 50174.00)

【打印批次详细信息】
----------------------------------------------------------------------------------------------------

打印机 1 (尺寸: 1194.0 x 531.0 x 505.0):
--------------------------------------------------------------------------------
  批次 1: 零件数=7, 占用率=43.66%
    - 5: 尺寸 561.0 x 201.0 x 64.0
    - 12: 尺寸 206.0 x 127.0 x 73.0
    - 13: 尺寸 214.0 x 75.0 x 74.0
    - 8: 尺寸 198.0 x 215.0 x 64.0
    - 1: 尺寸 151.0 x 67.0 x 73.0
    - 19: 尺寸 186.0 x 309.0 x 74.0
    - 6: 尺寸 112.0 x 104.0 x 47.0

打印机 2 (尺寸: 1191.0 x 505.0 x 607.0):
--------------------------------------------------------------------------------
  批次 1: 零件数=3, 占用率=20.46%
    - 14: 尺寸 451.0 x 235.0 x 16.0
    - 4: 尺寸 139.0 x 90.0 x 29.0
    - 17: 尺寸 72.0 x 63.0 x 16.0

打印机 3 (尺寸: 1145.0 x 521.0 x 525.0):
--------------------------------------------------------------------------------
  批次 1: 零件数=10, 占用率=58.72%
    - 11: 尺寸 324.0 x 168.0 x 142.0
    - 0: 尺寸 261.0 x 152.0 x 88.0
    - 10: 尺寸 331.0 x 213.0 x 121.0
    - 9: 尺寸 219.0 x 148.0 x 192.0
    - 3: 尺寸 202.0 x 163.0 x 93.0
    - 15: 尺寸 70.0 x 159.0 x 101.0
    - 16: 尺寸 205.0 x 97.0 x 23.0
    - 18: 尺寸 181.0 x 332.0 x 136.0
    - 7: 尺寸 129.0 x 184.0 x 151.0
    - 2: 尺寸 95.0 x 58.0 x 97.0

════════════════════════════════════════════════════════════════
