════════════════════════════════════════════════════════════════
              运行统计信息
════════════════════════════════════════════════════════════════

算例: J20P3B2D5_03
算法: NSGAII-Basic
运行次数: 7
Pareto前沿规模（去重前）: 150
Pareto前沿规模（去重后）: 21
运行时间: 300.01 秒

━━━━━━━━━━━━━━━━━━━━━━━━━━━━━━━━━━━━━━━━━━━━━━━━━━━━━━━━━━
  Pareto前沿（已去重）
━━━━━━━━━━━━━━━━━━━━━━━━━━━━━━━━━━━━━━━━━━━━━━━━━━━━━━━━━━

序号       Cmax            能耗(kWh)         装箱质量            批次数       
──────────────────────────────────────────────────────────────────────
1        59331.78        269.72          0.6082          2         
2        50174.00        280.86          0.2046          3         
3        50674.78        276.78          0.1838          3         
4        50559.78        280.41          0.2046          3         
5        51497.78        276.29          0.1838          3         
6        52300.00        272.49          0.6082          2         
7        55771.78        270.03          0.6082          2         
8        58137.78        269.76          0.6082          2         
9        53585.00        270.71          0.6082          2         
10       56937.78        269.93          0.6082          2         
11       56971.78        269.86          0.6082          2         
12       54441.78        270.51          0.6082          2         
13       53259.78        271.77          0.6082          2         
14       55358.78        270.22          0.6082          2         
15       51308.00        276.36          0.1838          3         
16       52672.78        272.23          0.6082          2         
17       54793.78        270.32          0.6082          2         
18       53492.78        271.52          0.6082          2         
19       52384.78        272.24          0.6082          2         
20       53506.78        271.17          0.6082          2         
21       54484.78        270.42          0.6082          2         

━━━━━━━━━━━━━━━━━━━━━━━━━━━━━━━━━━━━━━━━━━━━━━━━━━━━━━━━━━
  最优Cmax解
━━━━━━━━━━━━━━━━━━━━━━━━━━━━━━━━━━━━━━━━━━━━━━━━━━━━━━━━━━

Cmax: 50174.00
能耗: 280.86 kWh
装箱质量: 0.2046
批次数: 3

详细信息请查看:
  - pareto_front.png (Pareto前沿图)
  - pareto_front_data.txt (Pareto前沿详细数据)
  - best_cmax_gantt.png (甘特图)
  - best_cmax_printer_layout.png (打印批次排布图)
  - best_cmax_schedule_records.txt (详细调度记录)

════════════════════════════════════════════════════════════════
