════════════════════════════════════════════════════════════════
              最优Cmax解的详细调度记录
════════════════════════════════════════════════════════════════

【基本信息】
----------------------------------------------------------------------------------------------------
Cmax (最大完工时间): 36783.45
能耗: 139.59 kWh
装箱质量: 0.2577
批次总数: 4
工件数量: 10
机器数量: 5 (打印机:2, 批处理机:1, 离散机:2)

【染色体编码】
----------------------------------------------------------------------------------------------------
工序序列 (OS): [3, 2, 0, 6, 1, 9, 4, 5, 8, 7, 7, 2, 2, 0, 5, 2, 8, 9, 4, 8, 9, 4, 9, 0, 0, 8, 7, 9, 0, 4, 2, 5, 8, 2, 9, 0, 1, 9, 8, 9, 8, 1, 3, 1, 0, 7, 7, 4, 2, 4]
机器选择 (MS): [2, 2, 1, 2, 2, 1, 2, 1, 2, 1, 1, 2, 1, 2, 1, 2, 1, 1, 1, 1, 2, 1, 1, 1, 1, 1, 1, 1, 1, 1, 2, 1, 1, 2, 1, 2, 1, 1, 1, 2, 1, 1, 1, 1, 2, 2, 2, 1, 2, 1]

【零件加工顺序记录】
----------------------------------------------------------------------------------------------------
工件号      工序号             机器号             开始时间            结束时间            加工时长           
----------------------------------------------------------------------------------------------------

工件 0:
  0        0               打印机1            0.00            4716.41         4716.41        
  0        1               批处理机1           4716.41         5754.41         1038.00        
  0        2               离散机1            5754.41         6699.41         945.00         
  0        3               离散机2            8679.41         10130.41        1451.00        
  0        4               离散机2            10130.41        11337.41        1207.00        
  0        5               离散机2            11337.41        12346.41        1009.00        
  0        6               离散机1            12346.41        13684.41        1338.00        
  0        7               离散机2            14032.41        15059.41        1027.00        

工件 1:
  1        0               打印机2            0.00            18097.06        18097.06       
  1        1               批处理机1           18097.06        19135.06        1038.00        
  1        2               离散机1            25054.06        25962.06        908.00         
  1        3               离散机1            27992.06        29357.06        1365.00        
  1        4               离散机1            31810.45        33193.45        1383.00        

工件 2:
  2        0               打印机2            0.00            18097.06        18097.06       
  2        1               批处理机1           18097.06        19135.06        1038.00        
  2        2               离散机1            19135.06        20760.06        1625.00        
  2        3               离散机2            20760.06        21882.06        1122.00        
  2        4               离散机2            21882.06        23313.06        1431.00        
  2        5               离散机1            23845.06        25054.06        1209.00        
  2        6               离散机2            27015.06        28661.06        1646.00        
  2        7               离散机1            29357.06        30465.06        1108.00        

工件 3:
  3        0               打印机2            0.00            18097.06        18097.06       
  3        1               批处理机1           18097.06        19135.06        1038.00        
  3        2               离散机2            34663.45        35701.45        1038.00        

工件 4:
  4        0               打印机2            18097.06        29527.45        11430.39       
  4        1               批处理机1           29527.45        30565.45        1038.00        
  4        2               离散机1            30565.45        31810.45        1245.00        
  4        3               离散机2            31810.45        33228.45        1418.00        
  4        4               离散机1            33228.45        34219.45        991.00         
  4        5               离散机1            34219.45        35706.45        1487.00        
  4        6               离散机2            35706.45        36783.45        1077.00        

工件 5:
  5        0               打印机1            0.00            4716.41         4716.41        
  5        1               批处理机1           4716.41         5754.41         1038.00        
  5        2               离散机2            7294.41         8679.41         1385.00        
  5        3               离散机2            12346.41        14032.41        1686.00        

工件 6:
  6        0               打印机2            0.00            18097.06        18097.06       
  6        1               批处理机1           18097.06        19135.06        1038.00        

工件 7:
  7        0               打印机1            0.00            4716.41         4716.41        
  7        1               批处理机1           4716.41         5754.41         1038.00        
  7        2               离散机2            5754.41         7294.41         1540.00        
  7        3               离散机1            7294.41         8406.41         1112.00        
  7        4               离散机2            15059.41        16209.41        1150.00        
  7        5               离散机1            16209.41        17404.41        1195.00        

工件 8:
  8        0               打印机2            0.00            18097.06        18097.06       
  8        1               批处理机1           18097.06        19135.06        1038.00        
  8        2               离散机1            20760.06        22117.06        1357.00        
  8        3               离散机1            22117.06        23845.06        1728.00        
  8        4               离散机2            24374.06        26059.06        1685.00        
  8        5               离散机1            26059.06        27054.06        995.00         
  8        6               离散机2            29574.06        30672.06        1098.00        
  8        7               离散机2            30672.06        31783.06        1111.00        

工件 9:
  9        0               打印机1            4716.41         16824.12        12107.71       
  9        1               批处理机1           16824.12        17862.12        1038.00        
  9        2               离散机2            17862.12        19122.12        1260.00        
  9        3               离散机2            19122.12        20689.12        1567.00        
  9        4               离散机2            23313.06        24374.06        1061.00        
  9        5               离散机2            26059.06        27015.06        956.00         
  9        6               离散机1            27054.06        27992.06        938.00         
  9        7               离散机2            28661.06        29574.06        913.00         
  9        8               离散机2            33228.45        34663.45        1435.00        

【机器加工顺序记录】
----------------------------------------------------------------------------------------------------

打印机1:
工件号      工序号             开始时间            结束时间            加工时长           
--------------------------------------------------------------------------------
  0        0               0.00            4716.41         4716.41        
  5        0               0.00            4716.41         4716.41        
  7        0               0.00            4716.41         4716.41        
  9        0               4716.41         16824.12        12107.71       

  机器利用率: 71.38% (忙碌时间: 26256.93 / 总时间: 36783.45)

打印机2:
工件号      工序号             开始时间            结束时间            加工时长           
--------------------------------------------------------------------------------
  1        0               0.00            18097.06        18097.06       
  2        0               0.00            18097.06        18097.06       
  3        0               0.00            18097.06        18097.06       
  6        0               0.00            18097.06        18097.06       
  8        0               0.00            18097.06        18097.06       
  4        0               18097.06        29527.45        11430.39       

  机器利用率: 277.07% (忙碌时间: 101915.69 / 总时间: 36783.45)

批处理机1:
工件号      工序号             开始时间            结束时间            加工时长           
--------------------------------------------------------------------------------
  0        1               4716.41         5754.41         1038.00        
  5        1               4716.41         5754.41         1038.00        
  7        1               4716.41         5754.41         1038.00        
  9        1               16824.12        17862.12        1038.00        
  1        1               18097.06        19135.06        1038.00        
  2        1               18097.06        19135.06        1038.00        
  3        1               18097.06        19135.06        1038.00        
  6        1               18097.06        19135.06        1038.00        
  8        1               18097.06        19135.06        1038.00        
  4        1               29527.45        30565.45        1038.00        

  机器利用率: 28.22% (忙碌时间: 10380.00 / 总时间: 36783.45)

离散机1:
工件号      工序号             开始时间            结束时间            加工时长           
--------------------------------------------------------------------------------
  0        2               5754.41         6699.41         945.00         
  7        3               7294.41         8406.41         1112.00        
  0        6               12346.41        13684.41        1338.00        
  7        5               16209.41        17404.41        1195.00        
  2        2               19135.06        20760.06        1625.00        
  8        2               20760.06        22117.06        1357.00        
  8        3               22117.06        23845.06        1728.00        
  2        5               23845.06        25054.06        1209.00        
  1        2               25054.06        25962.06        908.00         
  8        5               26059.06        27054.06        995.00         
  9        6               27054.06        27992.06        938.00         
  1        3               27992.06        29357.06        1365.00        
  2        7               29357.06        30465.06        1108.00        
  4        2               30565.45        31810.45        1245.00        
  1        4               31810.45        33193.45        1383.00        
  4        4               33228.45        34219.45        991.00         
  4        5               34219.45        35706.45        1487.00        

  机器利用率: 56.90% (忙碌时间: 20929.00 / 总时间: 36783.45)

离散机2:
工件号      工序号             开始时间            结束时间            加工时长           
--------------------------------------------------------------------------------
  7        2               5754.41         7294.41         1540.00        
  5        2               7294.41         8679.41         1385.00        
  0        3               8679.41         10130.41        1451.00        
  0        4               10130.41        11337.41        1207.00        
  0        5               11337.41        12346.41        1009.00        
  5        3               12346.41        14032.41        1686.00        
  0        7               14032.41        15059.41        1027.00        
  7        4               15059.41        16209.41        1150.00        
  9        2               17862.12        19122.12        1260.00        
  9        3               19122.12        20689.12        1567.00        
  2        3               20760.06        21882.06        1122.00        
  2        4               21882.06        23313.06        1431.00        
  9        4               23313.06        24374.06        1061.00        
  8        4               24374.06        26059.06        1685.00        
  9        5               26059.06        27015.06        956.00         
  2        6               27015.06        28661.06        1646.00        
  9        7               28661.06        29574.06        913.00         
  8        6               29574.06        30672.06        1098.00        
  8        7               30672.06        31783.06        1111.00        
  4        3               31810.45        33228.45        1418.00        
  9        8               33228.45        34663.45        1435.00        
  3        2               34663.45        35701.45        1038.00        
  4        6               35706.45        36783.45        1077.00        

  机器利用率: 79.58% (忙碌时间: 29273.00 / 总时间: 36783.45)

【打印批次详细信息】
----------------------------------------------------------------------------------------------------

打印机 1 (尺寸: 1015.0 x 527.0 x 621.0):
--------------------------------------------------------------------------------
  批次 1: 零件数=3, 占用率=45.43%
    - 0: 尺寸 436.0 x 338.0 x 13.0
    - 5: 尺寸 391.0 x 186.0 x 17.0
    - 7: 尺寸 147.0 x 156.0 x 14.0
  批次 2: 零件数=1, 占用率=36.49%
    - 9: 尺寸 673.0 x 290.0 x 47.0

打印机 2 (尺寸: 1127.0 x 467.0 x 616.0):
--------------------------------------------------------------------------------
  批次 1: 零件数=5, 占用率=67.92%
    - 3: 尺寸 444.0 x 227.0 x 68.0
    - 2: 尺寸 638.0 x 269.0 x 56.0
    - 6: 尺寸 329.0 x 123.0 x 60.0
    - 1: 尺寸 98.0 x 158.0 x 90.0
    - 8: 尺寸 303.0 x 96.0 x 59.0
  批次 2: 零件数=1, 占用率=25.77%
    - 4: 尺寸 611.0 x 222.0 x 56.0

════════════════════════════════════════════════════════════════
