════════════════════════════════════════════════════════════════
              最优Cmax解的详细调度记录
════════════════════════════════════════════════════════════════

【基本信息】
----------------------------------------------------------------------------------------------------
Cmax (最大完工时间): 44034.87
能耗: 250.30 kWh
装箱质量: 0.2132
批次总数: 4
工件数量: 20
机器数量: 10 (打印机:3, 批处理机:2, 离散机:5)

【染色体编码】
----------------------------------------------------------------------------------------------------
工序序列 (OS): [5, 8, 2, 19, 13, 1, 14, 9, 6, 4, 10, 15, 3, 16, 0, 17, 18, 7, 11, 12, 16, 3, 1, 4, 1, 14, 4, 13, 3, 0, 2, 14, 13, 2, 11, 7, 19, 11, 2, 4, 6, 0, 4, 17, 8, 1, 17, 11, 4, 16, 3, 10, 13, 14, 0, 6, 17, 14, 0, 16, 6, 9, 3, 17, 3, 13, 9, 4, 11, 0, 7, 9, 14, 11, 13, 0, 0, 8, 6, 4, 14, 18, 8, 8, 1, 16, 11, 8, 0, 7, 18, 1, 11, 17, 17, 3, 4, 6, 14]
机器选择 (MS): [2, 3, 3, 3, 3, 3, 1, 3, 3, 1, 2, 3, 1, 2, 1, 2, 2, 2, 3, 1, 1, 1, 1, 1, 1, 3, 2, 1, 2, 1, 2, 2, 2, 1, 1, 1, 1, 1, 1, 1, 3, 1, 1, 2, 2, 1, 3, 1, 3, 1, 2, 3, 1, 2, 1, 1, 1, 1, 1, 1, 1, 1, 1, 1, 2, 1, 1, 2, 1, 1, 2, 3, 2, 1, 2, 2, 2, 1, 3, 1, 2, 1, 3, 2, 1, 1, 1, 2, 1, 1, 1, 3, 2, 1, 2, 2, 2, 1, 2]

【零件加工顺序记录】
----------------------------------------------------------------------------------------------------
工件号      工序号             机器号             开始时间            结束时间            加工时长           
----------------------------------------------------------------------------------------------------

工件 0:
  0        0               打印机1            0.00            17846.09        17846.09       
  0        1               批处理机2           17846.09        18941.09        1095.00        
  0        2               离散机1            21910.09        22986.09        1076.00        
  0        3               离散机4            23222.09        24366.09        1144.00        
  0        4               离散机5            24366.09        25718.09        1352.00        
  0        5               离散机4            26122.09        27060.09        938.00         
  0        6               离散机1            29728.09        30793.09        1065.00        
  0        7               离散机5            30860.09        31810.09        950.00         
  0        8               离散机4            31810.09        32862.09        1052.00        
  0        9               离散机3            34227.09        35420.09        1193.00        

工件 1:
  1        0               打印机3            0.00            13438.14        13438.14       
  1        1               批处理机2           13438.14        14533.14        1095.00        
  1        2               离散机5            14533.14        15794.14        1261.00        
  1        3               离散机1            15794.14        16720.14        926.00         
  1        4               离散机4            16720.14        17931.14        1211.00        
  1        5               离散机5            21099.14        22020.14        921.00         
  1        6               离散机2            22020.14        22921.14        901.00         

工件 2:
  2        0               打印机3            0.00            13438.14        13438.14       
  2        1               批处理机2           13438.14        14533.14        1095.00        
  2        2               离散机1            16720.14        18312.14        1592.00        
  2        3               离散机1            22986.09        24143.09        1157.00        
  2        4               离散机2            24143.09        25114.09        971.00         

工件 3:
  3        0               打印机1            0.00            17846.09        17846.09       
  3        1               批处理机2           17846.09        18941.09        1095.00        
  3        2               离散机3            18941.09        20516.09        1575.00        
  3        3               离散机4            20516.09        22316.09        1800.00        
  3        4               离散机5            22316.09        23880.09        1564.00        
  3        5               离散机1            27793.09        28819.09        1026.00        
  3        6               离散机4            28819.09        30274.09        1455.00        
  3        7               离散机4            32862.09        34528.09        1666.00        

工件 4:
  4        0               打印机1            0.00            17846.09        17846.09       
  4        1               批处理机2           17846.09        18941.09        1095.00        
  4        2               离散机1            18941.09        20527.09        1586.00        
  4        3               离散机3            20527.09        22192.09        1665.00        
  4        4               离散机3            22192.09        23751.09        1559.00        
  4        5               离散机2            25114.09        26403.09        1289.00        
  4        6               离散机5            26403.09        27831.09        1428.00        
  4        7               离散机5            27831.09        28736.09        905.00         
  4        8               离散机4            30274.09        31216.09        942.00         
  4        9               离散机1            32014.09        33429.09        1415.00        

工件 5:
  5        0               打印机2            0.00            34681.87        34681.87       
  5        1               批处理机2           34681.87        35776.87        1095.00        

工件 6:
  6        0               打印机3            13438.14        16019.14        2581.00        
  6        1               批处理机2           16019.14        17114.14        1095.00        
  6        2               离散机5            17114.14        18161.14        1047.00        
  6        3               离散机4            18161.14        19095.14        934.00         
  6        4               离散机3            24916.09        26577.09        1661.00        
  6        5               离散机4            27060.09        28299.09        1239.00        
  6        6               离散机3            35420.09        36698.09        1278.00        

工件 7:
  7        0               打印机2            0.00            34681.87        34681.87       
  7        1               批处理机2           34681.87        35776.87        1095.00        
  7        2               离散机1            37063.87        38387.87        1324.00        
  7        3               离散机1            38387.87        39562.87        1175.00        
  7        4               离散机5            39656.87        41093.87        1437.00        

工件 8:
  8        0               打印机3            0.00            13438.14        13438.14       
  8        1               批处理机2           13438.14        14533.14        1095.00        
  8        2               离散机1            14533.14        15762.14        1229.00        
  8        3               离散机2            15762.14        16872.14        1110.00        
  8        4               离散机5            19471.14        21099.14        1628.00        
  8        5               离散机2            21099.14        22016.14        917.00         
  8        6               离散机3            32489.09        34227.09        1738.00        

工件 9:
  9        0               打印机3            0.00            13438.14        13438.14       
  9        1               批处理机2           13438.14        14533.14        1095.00        
  9        2               离散机1            26208.09        27793.09        1585.00        
  9        3               离散机3            27793.09        29283.09        1490.00        
  9        4               离散机3            29283.09        30993.09        1710.00        

工件 10:
  10       0               打印机2            0.00            34681.87        34681.87       
  10       1               批处理机2           34681.87        35776.87        1095.00        
  10       2               离散机4            36815.87        37833.87        1018.00        

工件 11:
  11       0               打印机3            0.00            13438.14        13438.14       
  11       1               批处理机2           13438.14        14533.14        1095.00        
  11       2               离散机3            15721.14        16682.14        961.00         
  11       3               离散机1            24143.09        25208.09        1065.00        
  11       4               离散机1            25208.09        26208.09        1000.00        
  11       5               离散机3            26577.09        27575.09        998.00         
  11       6               离散机5            28736.09        29834.09        1098.00        
  11       7               离散机3            30993.09        32489.09        1496.00        
  11       8               离散机5            32489.09        33657.09        1168.00        

工件 12:
  12       0               打印机1            0.00            17846.09        17846.09       
  12       1               批处理机2           17846.09        18941.09        1095.00        

工件 13:
  13       0               打印机3            0.00            13438.14        13438.14       
  13       1               批处理机2           13438.14        14533.14        1095.00        
  13       2               离散机3            14533.14        15721.14        1188.00        
  13       3               离散机5            15794.14        16914.14        1120.00        
  13       4               离散机5            18161.14        19471.14        1310.00        
  13       5               离散机1            28819.09        29728.09        909.00         
  13       6               离散机5            29834.09        30860.09        1026.00        

工件 14:
  14       0               打印机1            0.00            17846.09        17846.09       
  14       1               批处理机2           17846.09        18941.09        1095.00        
  14       2               离散机1            20527.09        21910.09        1383.00        
  14       3               离散机4            22316.09        23222.09        906.00         
  14       4               离散机3            23751.09        24916.09        1165.00        
  14       5               离散机4            24916.09        26122.09        1206.00        
  14       6               离散机2            26403.09        27416.09        1013.00        
  14       7               离散机1            30793.09        32014.09        1221.00        
  14       8               离散机1            33429.09        34937.09        1508.00        

工件 15:
  15       0               打印机3            0.00            13438.14        13438.14       
  15       1               批处理机2           13438.14        14533.14        1095.00        

工件 16:
  16       0               打印机2            0.00            34681.87        34681.87       
  16       1               批处理机2           34681.87        35776.87        1095.00        
  16       2               离散机1            35776.87        37063.87        1287.00        
  16       3               离散机3            37063.87        38247.87        1184.00        
  16       4               离散机2            38247.87        39334.87        1087.00        
  16       5               离散机1            39562.87        41097.87        1535.00        

工件 17:
  17       0               打印机2            0.00            34681.87        34681.87       
  17       1               批处理机2           34681.87        35776.87        1095.00        
  17       2               离散机4            35776.87        36815.87        1039.00        
  17       3               离散机5            36815.87        38111.87        1296.00        
  17       4               离散机5            38111.87        39656.87        1545.00        
  17       5               离散机2            39656.87        41441.87        1785.00        
  17       6               离散机5            41441.87        42787.87        1346.00        
  17       7               离散机5            42787.87        44034.87        1247.00        

工件 18:
  18       0               打印机2            0.00            34681.87        34681.87       
  18       1               批处理机2           34681.87        35776.87        1095.00        
  18       2               离散机5            35776.87        36710.87        934.00         
  18       3               离散机2            36710.87        37971.87        1261.00        

工件 19:
  19       0               打印机3            0.00            13438.14        13438.14       
  19       1               批处理机2           13438.14        14533.14        1095.00        
  19       2               离散机3            16682.14        18455.14        1773.00        

【机器加工顺序记录】
----------------------------------------------------------------------------------------------------

打印机1:
工件号      工序号             开始时间            结束时间            加工时长           
--------------------------------------------------------------------------------
  0        0               0.00            17846.09        17846.09       
  3        0               0.00            17846.09        17846.09       
  4        0               0.00            17846.09        17846.09       
  12       0               0.00            17846.09        17846.09       
  14       0               0.00            17846.09        17846.09       

  机器利用率: 202.64% (忙碌时间: 89230.45 / 总时间: 44034.87)

打印机2:
工件号      工序号             开始时间            结束时间            加工时长           
--------------------------------------------------------------------------------
  5        0               0.00            34681.87        34681.87       
  7        0               0.00            34681.87        34681.87       
  10       0               0.00            34681.87        34681.87       
  16       0               0.00            34681.87        34681.87       
  17       0               0.00            34681.87        34681.87       
  18       0               0.00            34681.87        34681.87       

  机器利用率: 472.56% (忙碌时间: 208091.22 / 总时间: 44034.87)

打印机3:
工件号      工序号             开始时间            结束时间            加工时长           
--------------------------------------------------------------------------------
  1        0               0.00            13438.14        13438.14       
  2        0               0.00            13438.14        13438.14       
  8        0               0.00            13438.14        13438.14       
  9        0               0.00            13438.14        13438.14       
  11       0               0.00            13438.14        13438.14       
  13       0               0.00            13438.14        13438.14       
  15       0               0.00            13438.14        13438.14       
  19       0               0.00            13438.14        13438.14       
  6        0               13438.14        16019.14        2581.00        

  机器利用率: 250.00% (忙碌时间: 110086.14 / 总时间: 44034.87)

批处理机1:
工件号      工序号             开始时间            结束时间            加工时长           
--------------------------------------------------------------------------------

  机器利用率: 0.00% (忙碌时间: 0.00 / 总时间: 44034.87)

批处理机2:
工件号      工序号             开始时间            结束时间            加工时长           
--------------------------------------------------------------------------------
  1        1               13438.14        14533.14        1095.00        
  2        1               13438.14        14533.14        1095.00        
  8        1               13438.14        14533.14        1095.00        
  9        1               13438.14        14533.14        1095.00        
  11       1               13438.14        14533.14        1095.00        
  13       1               13438.14        14533.14        1095.00        
  15       1               13438.14        14533.14        1095.00        
  19       1               13438.14        14533.14        1095.00        
  6        1               16019.14        17114.14        1095.00        
  0        1               17846.09        18941.09        1095.00        
  3        1               17846.09        18941.09        1095.00        
  4        1               17846.09        18941.09        1095.00        
  12       1               17846.09        18941.09        1095.00        
  14       1               17846.09        18941.09        1095.00        
  5        1               34681.87        35776.87        1095.00        
  7        1               34681.87        35776.87        1095.00        
  10       1               34681.87        35776.87        1095.00        
  16       1               34681.87        35776.87        1095.00        
  17       1               34681.87        35776.87        1095.00        
  18       1               34681.87        35776.87        1095.00        

  机器利用率: 49.73% (忙碌时间: 21900.00 / 总时间: 44034.87)

离散机1:
工件号      工序号             开始时间            结束时间            加工时长           
--------------------------------------------------------------------------------
  8        2               14533.14        15762.14        1229.00        
  1        3               15794.14        16720.14        926.00         
  2        2               16720.14        18312.14        1592.00        
  4        2               18941.09        20527.09        1586.00        
  14       2               20527.09        21910.09        1383.00        
  0        2               21910.09        22986.09        1076.00        
  2        3               22986.09        24143.09        1157.00        
  11       3               24143.09        25208.09        1065.00        
  11       4               25208.09        26208.09        1000.00        
  9        2               26208.09        27793.09        1585.00        
  3        5               27793.09        28819.09        1026.00        
  13       5               28819.09        29728.09        909.00         
  0        6               29728.09        30793.09        1065.00        
  14       7               30793.09        32014.09        1221.00        
  4        9               32014.09        33429.09        1415.00        
  14       8               33429.09        34937.09        1508.00        
  16       2               35776.87        37063.87        1287.00        
  7        2               37063.87        38387.87        1324.00        
  7        3               38387.87        39562.87        1175.00        
  16       5               39562.87        41097.87        1535.00        

  机器利用率: 56.92% (忙碌时间: 25064.00 / 总时间: 44034.87)

离散机2:
工件号      工序号             开始时间            结束时间            加工时长           
--------------------------------------------------------------------------------
  8        3               15762.14        16872.14        1110.00        
  8        5               21099.14        22016.14        917.00         
  1        6               22020.14        22921.14        901.00         
  2        4               24143.09        25114.09        971.00         
  4        5               25114.09        26403.09        1289.00        
  14       6               26403.09        27416.09        1013.00        
  18       3               36710.87        37971.87        1261.00        
  16       4               38247.87        39334.87        1087.00        
  17       5               39656.87        41441.87        1785.00        

  机器利用率: 23.47% (忙碌时间: 10334.00 / 总时间: 44034.87)

离散机3:
工件号      工序号             开始时间            结束时间            加工时长           
--------------------------------------------------------------------------------
  13       2               14533.14        15721.14        1188.00        
  11       2               15721.14        16682.14        961.00         
  19       2               16682.14        18455.14        1773.00        
  3        2               18941.09        20516.09        1575.00        
  4        3               20527.09        22192.09        1665.00        
  4        4               22192.09        23751.09        1559.00        
  14       4               23751.09        24916.09        1165.00        
  6        4               24916.09        26577.09        1661.00        
  11       5               26577.09        27575.09        998.00         
  9        3               27793.09        29283.09        1490.00        
  9        4               29283.09        30993.09        1710.00        
  11       7               30993.09        32489.09        1496.00        
  8        6               32489.09        34227.09        1738.00        
  0        9               34227.09        35420.09        1193.00        
  6        6               35420.09        36698.09        1278.00        
  16       3               37063.87        38247.87        1184.00        

  机器利用率: 51.40% (忙碌时间: 22634.00 / 总时间: 44034.87)

离散机4:
工件号      工序号             开始时间            结束时间            加工时长           
--------------------------------------------------------------------------------
  1        4               16720.14        17931.14        1211.00        
  6        3               18161.14        19095.14        934.00         
  3        3               20516.09        22316.09        1800.00        
  14       3               22316.09        23222.09        906.00         
  0        3               23222.09        24366.09        1144.00        
  14       5               24916.09        26122.09        1206.00        
  0        5               26122.09        27060.09        938.00         
  6        5               27060.09        28299.09        1239.00        
  3        6               28819.09        30274.09        1455.00        
  4        8               30274.09        31216.09        942.00         
  0        8               31810.09        32862.09        1052.00        
  3        7               32862.09        34528.09        1666.00        
  17       2               35776.87        36815.87        1039.00        
  10       2               36815.87        37833.87        1018.00        

  机器利用率: 37.58% (忙碌时间: 16550.00 / 总时间: 44034.87)

离散机5:
工件号      工序号             开始时间            结束时间            加工时长           
--------------------------------------------------------------------------------
  1        2               14533.14        15794.14        1261.00        
  13       3               15794.14        16914.14        1120.00        
  6        2               17114.14        18161.14        1047.00        
  13       4               18161.14        19471.14        1310.00        
  8        4               19471.14        21099.14        1628.00        
  1        5               21099.14        22020.14        921.00         
  3        4               22316.09        23880.09        1564.00        
  0        4               24366.09        25718.09        1352.00        
  4        6               26403.09        27831.09        1428.00        
  4        7               27831.09        28736.09        905.00         
  11       6               28736.09        29834.09        1098.00        
  13       6               29834.09        30860.09        1026.00        
  0        7               30860.09        31810.09        950.00         
  11       8               32489.09        33657.09        1168.00        
  18       2               35776.87        36710.87        934.00         
  17       3               36815.87        38111.87        1296.00        
  17       4               38111.87        39656.87        1545.00        
  7        4               39656.87        41093.87        1437.00        
  17       6               41441.87        42787.87        1346.00        
  17       7               42787.87        44034.87        1247.00        

  机器利用率: 55.83% (忙碌时间: 24583.00 / 总时间: 44034.87)

【打印批次详细信息】
----------------------------------------------------------------------------------------------------

打印机 1 (尺寸: 1168.0 x 443.0 x 687.0):
--------------------------------------------------------------------------------
  批次 1: 零件数=5, 占用率=66.31%
    - 14: 尺寸 96.0 x 84.0 x 64.0
    - 4: 尺寸 136.0 x 142.0 x 38.0
    - 3: 尺寸 319.0 x 149.0 x 64.0
    - 0: 尺寸 581.0 x 352.0 x 68.0
    - 12: 尺寸 411.0 x 155.0 x 43.0

打印机 2 (尺寸: 1146.0 x 446.0 x 514.0):
--------------------------------------------------------------------------------
  批次 1: 零件数=6, 占用率=25.40%
    - 5: 尺寸 251.0 x 183.0 x 90.0
    - 10: 尺寸 82.0 x 148.0 x 195.0
    - 16: 尺寸 159.0 x 143.0 x 146.0
    - 17: 尺寸 204.0 x 87.0 x 197.0
    - 18: 尺寸 88.0 x 120.0 x 106.0
    - 7: 尺寸 203.0 x 102.0 x 55.0

打印机 3 (尺寸: 1078.0 x 483.0 x 616.0):
--------------------------------------------------------------------------------
  批次 1: 零件数=8, 占用率=81.29%
    - 8: 尺寸 334.0 x 192.0 x 17.0
    - 2: 尺寸 650.0 x 276.0 x 77.0
    - 1: 尺寸 88.0 x 385.0 x 77.0
    - 19: 尺寸 169.0 x 69.0 x 37.0
    - 9: 尺寸 149.0 x 213.0 x 90.0
    - 11: 尺寸 153.0 x 64.0 x 65.0
    - 13: 尺寸 194.0 x 178.0 x 31.0
    - 15: 尺寸 346.0 x 168.0 x 15.0
  批次 2: 零件数=1, 占用率=21.32%
    - 6: 尺寸 432.0 x 257.0 x 14.0

════════════════════════════════════════════════════════════════
