10 20
3 1 800 590 560 0.073 451 17 2 1190 530 510 0.051 393 17 3 840 460 590 0.046 473 18
2 1 1050 2 840
4 59 26 266 4 1 1 0 1 4 0 3 7 981 10 777 8 1039 5 6 1020 9 958 10 906 8 1002 7 1080
3 97 25 198 3 1 2 0 1 5 0 3 9 1160 6 934 10 642
8 72 65 371 8 1 3 0 1 4 0 5 7 857 8 1085 6 990 9 1095 10 745 2 7 611 8 1044 3 8 861 10 629 7 868 4 8 802 6 987 9 680 7 921 5 8 755 9 804 10 943 6 1175 7 635 4 8 732 10 1096 9 1065 6 890
4 47 24 194 4 1 1 0 1 5 0 3 9 1145 8 745 10 906 5 7 766 9 610 8 1056 6 1024 10 1074
7 43 64 51 7 1 2 0 1 4 0 3 8 1096 6 833 10 1005 3 8 805 9 626 7 632 2 9 721 6 1070 5 9 671 8 795 6 1053 7 888 10 1025 5 7 735 9 725 6 777 10 1194 8 625
9 43 17 117 9 1 3 0 1 5 0 3 9 654 10 659 8 985 3 7 1005 10 917 9 855 2 8 661 7 1137 4 10 1025 6 1067 7 1092 9 644 5 6 970 9 1192 7 780 10 745 8 1102 4 6 765 7 1017 8 1149 9 1025 4 8 784 9 616 7 1177 6 1136
6 39 59 21 6 1 1 0 1 4 0 4 7 1175 6 786 8 892 10 913 3 7 1096 9 887 6 835 2 6 675 8 608 4 10 1173 6 893 8 872 7 840
3 79 45 279 3 1 2 0 1 5 0 4 10 714 6 927 7 752 9 962
7 40 52 368 7 1 3 0 1 4 0 3 9 1189 7 1064 8 868 4 8 628 10 980 9 1109 7 622 3 10 771 9 1044 8 1089 5 9 775 7 976 8 755 10 1140 6 752 4 7 771 10 926 9 703 8 877
10 22 36 154 10 1 1 0 1 5 0 4 7 1188 9 623 6 1008 10 1181 3 9 1195 7 1047 8 992 2 8 1196 10 948 5 7 870 10 654 9 717 8 1032 6 733 4 6 966 7 960 9 1196 10 948 3 7 1074 6 1075 10 635 5 10 828 9 917 6 824 7 605 8 875 3 6 702 7 863 8 1020
3 56 68 262 3 1 2 0 1 4 0 2 8 785 7 902
8 15 75 296 8 1 3 0 1 5 0 5 8 821 9 1106 7 824 10 1095 6 619 4 10 678 6 830 9 1050 8 1080 2 7 930 8 1143 2 8 707 10 791 2 8 888 9 639 2 9 991 6 904
6 16 44 203 6 1 1 0 1 4 0 4 9 1126 8 1192 7 824 6 602 5 10 1175 7 908 8 687 9 854 6 628 5 9 984 6 662 8 659 10 1115 7 1064 4 6 829 9 1193 10 893 8 1162
10 83 57 170 10 1 2 0 1 5 0 3 10 877 6 942 7 746 3 8 881 7 1046 10 1087 4 7 975 9 989 10 1027 6 926 5 10 1151 6 979 9 798 8 1145 7 1113 5 10 805 6 732 8 1012 7 921 9 1153 2 10 967 6 1134 4 8 677 9 731 10 713 7 668 2 6 617 7 886
3 94 51 201 3 1 3 0 1 4 0 3 7 788 6 975 8 1050
8 33 76 155 8 1 1 0 1 5 0 5 9 1160 7 1050 10 810 6 997 8 981 3 10 654 9 903 6 798 3 9 699 6 1123 7 865 2 8 758 9 1158 4 10 817 9 1021 7 780 6 624 5 8 1066 7 1085 10 1104 9 901 6 907
4 68 12 134 4 1 2 0 1 4 0 5 8 756 9 1101 6 918 10 668 7 685 3 8 1174 6 1080 7 1111
9 84 88 253 9 1 3 0 1 5 0 3 7 833 8 969 10 650 2 9 824 8 1045 2 6 934 9 804 3 7 891 6 883 9 929 4 9 828 10 948 8 701 7 1140 5 6 1130 7 1039 8 703 9 1198 10 1040 5 9 727 6 969 8 697 7 612 10 923
7 77 22 244 7 1 1 0 1 4 0 4 9 1051 8 1010 7 1189 6 993 2 6 1023 10 812 2 6 805 9 1092 4 8 1105 9 690 10 721 7 698 5 7 732 8 894 6 825 10 643 9 1105
9 58 79 18 9 1 2 0 1 5 0 2 6 870 8 1119 2 6 750 7 995 5 6 1049 9 647 8 886 7 633 10 1154 2 6 715 9 898 3 7 827 6 620 8 681 3 8 957 7 971 9 965 5 6 1128 9 724 8 1186 7 952 10 915
