11 20
3 1 920 460 540 0.067 450 22 2 680 520 480 0.094 380 16 3 1100 440 580 0.041 490 29
2 1 950 2 680
4 234 345 167 4 1 1 0 1 4 0 2 6 885 7 805 3 8 725 9 645
4 456 278 198 4 1 2 0 1 5 0 2 7 965 8 885 3 9 805
3 387 412 145 3 1 3 0 1 4 0 2 6 845 7 765
5 298 567 234 5 1 1 0 1 5 0 3 6 925 7 845 8 765 2 10 685 11 605
4 523 345 189 4 1 2 0 1 4 0 2 8 905 9 825 3 11 745
3 478 234 156 3 1 3 0 1 5 0 2 6 785 7 705
4 345 498 223 4 1 1 0 1 4 0 2 7 865 8 785 3 9 705
6 412 387 134 6 1 2 0 1 5 0 4 6 945 7 865 8 785 9 705 10 625 11 545
4 567 456 198 4 1 3 0 1 4 0 2 7 825 9 745 3 8 665
3 278 345 167 3 1 1 0 1 5 0 2 6 905 7 825
4 456 298 145 4 1 2 0 1 4 0 2 8 785 9 705 3 10 625
5 387 523 234 5 1 3 0 1 5 0 3 6 865 7 785 11 705 2 9 625
5 234 478 189 5 1 1 0 1 4 0 3 6 945 7 865 8 785 2 10 705 11 625
4 498 367 156 4 1 2 0 1 5 0 2 7 825 9 745 3 8 665
3 345 412 223 3 1 3 0 1 4 0 2 6 905 7 825
4 278 567 134 4 1 1 0 1 5 0 2 8 785 9 705 3 11 625
3 456 298 189 3 1 2 0 1 4 0 2 6 865 7 785
4 387 523 145 4 1 3 0 1 5 0 2 7 945 8 865 3 9 785
3 298 456 198 3 1 1 0 1 4 0 2 6 825 7 745
