════════════════════════════════════════════════════════════════
              最优Cmax解的详细调度记录
════════════════════════════════════════════════════════════════

【基本信息】
----------------------------------------------------------------------------------------------------
Cmax (最大完工时间): 55598.00
能耗: 194.42 kWh
装箱质量: 0.5569
批次总数: 2
工件数量: 20
机器数量: 10 (打印机:3, 批处理机:2, 离散机:5)

【染色体编码】
----------------------------------------------------------------------------------------------------
工序序列 (OS): [2, 16, 8, 4, 11, 5, 0, 6, 13, 18, 1, 3, 9, 15, 19, 17, 7, 10, 14, 12, 1, 1, 10, 9, 6, 2, 9, 1, 11, 10, 3, 19, 17, 18, 6, 19, 7, 6, 17, 13, 19, 8, 2, 19, 6, 9, 17, 2, 8, 17, 19, 11, 11, 11, 10, 0, 4, 12, 9, 18, 18, 14, 1, 10, 13, 13, 8, 0, 4, 17, 12, 12, 2, 11, 4, 6, 1, 2, 17, 7, 1, 19, 13, 0, 9, 11, 5, 2, 1, 10, 5, 8, 2, 17, 0, 7, 13, 7, 9, 10, 6, 6, 2, 17, 12, 11, 10]
机器选择 (MS): [3, 3, 1, 1, 3, 1, 3, 1, 3, 3, 1, 3, 3, 3, 1, 3, 3, 3, 1, 3, 1, 2, 1, 2, 2, 1, 2, 1, 2, 2, 1, 1, 2, 3, 1, 1, 1, 1, 1, 1, 1, 1, 2, 2, 1, 3, 3, 1, 1, 2, 3, 1, 3, 1, 1, 2, 1, 1, 2, 1, 1, 2, 1, 2, 2, 2, 1, 1, 2, 1, 3, 1, 2, 2, 1, 1, 1, 1, 1, 1, 2, 2, 1, 3, 1, 1, 1, 1, 2, 1, 1, 1, 1, 2, 3, 1, 1, 1, 2, 2, 1, 2, 1, 1, 1, 1, 1]

【零件加工顺序记录】
----------------------------------------------------------------------------------------------------
工件号      工序号             机器号             开始时间            结束时间            加工时长           
----------------------------------------------------------------------------------------------------

工件 0:
  0        0               打印机3            0.00            34132.00        34132.00       
  0        1               批处理机1           34132.00        35211.00        1079.00        
  0        2               离散机2            40892.00        41914.00        1022.00        
  0        3               离散机4            43220.00        44446.00        1226.00        
  0        4               离散机5            45063.00        46339.00        1276.00        
  0        5               离散机2            51386.00        52520.00        1134.00        

工件 1:
  1        0               打印机1            0.00            29179.78        29179.78       
  1        1               批处理机1           29179.78        30258.78        1079.00        
  1        2               离散机2            30258.78        31784.78        1526.00        
  1        3               离散机4            31784.78        33201.78        1417.00        
  1        4               离散机2            33201.78        34843.78        1642.00        
  1        5               离散机2            45129.00        46063.00        934.00         
  1        6               离散机3            46515.00        47453.00        938.00         
  1        7               离散机4            47701.00        49436.00        1735.00        
  1        8               离散机1            50453.00        51418.00        965.00         

工件 2:
  2        0               打印机3            0.00            34132.00        34132.00       
  2        1               批处理机1           34132.00        35211.00        1079.00        
  2        2               离散机3            35211.00        36482.00        1271.00        
  2        3               离散机2            37961.00        39276.00        1315.00        
  2        4               离散机5            39276.00        40519.00        1243.00        
  2        5               离散机3            41660.00        42632.00        972.00         
  2        6               离散机4            44446.00        46125.00        1679.00        
  2        7               离散机1            49376.00        50453.00        1077.00        
  2        8               离散机4            50788.00        52537.00        1749.00        
  2        9               离散机1            53479.00        54532.00        1053.00        

工件 3:
  3        0               打印机3            0.00            34132.00        34132.00       
  3        1               批处理机1           34132.00        35211.00        1079.00        
  3        2               离散机3            39342.00        40734.00        1392.00        

工件 4:
  4        0               打印机1            0.00            29179.78        29179.78       
  4        1               批处理机1           29179.78        30258.78        1079.00        
  4        2               离散机1            30258.78        31225.78        967.00         
  4        3               离散机1            42173.00        43585.00        1412.00        
  4        4               离散机5            47862.00        49631.00        1769.00        

工件 5:
  5        0               打印机1            0.00            29179.78        29179.78       
  5        1               批处理机1           29179.78        30258.78        1079.00        
  5        2               离散机3            31997.78        33311.78        1314.00        
  5        3               离散机1            43585.00        44803.00        1218.00        

工件 6:
  6        0               打印机1            0.00            29179.78        29179.78       
  6        1               批处理机1           29179.78        30258.78        1079.00        
  6        2               离散机5            30258.78        31525.78        1267.00        
  6        3               离散机5            31525.78        32507.78        982.00         
  6        4               离散机1            32507.78        33419.78        912.00         
  6        5               离散机5            33434.78        34601.78        1167.00        
  6        6               离散机5            36954.00        37960.00        1006.00        
  6        7               离散机5            40519.00        41527.00        1008.00        
  6        8               离散机1            52543.00        53479.00        936.00         

工件 7:
  7        0               打印机3            0.00            34132.00        34132.00       
  7        1               批处理机1           34132.00        35211.00        1079.00        
  7        2               离散机5            35211.00        36954.00        1743.00        
  7        3               离散机5            37960.00        39024.00        1064.00        
  7        4               离散机1            51418.00        52543.00        1125.00        
  7        5               离散机4            53748.00        55009.00        1261.00        

工件 8:
  8        0               打印机1            0.00            29179.78        29179.78       
  8        1               批处理机1           29179.78        30258.78        1079.00        
  8        2               离散机2            31784.78        33074.78        1290.00        
  8        3               离散机1            33419.78        34971.78        1552.00        
  8        4               离散机4            36750.78        38036.78        1286.00        
  8        5               离散机2            49047.00        50394.00        1347.00        

工件 9:
  9        0               打印机3            0.00            34132.00        34132.00       
  9        1               批处理机1           34132.00        35211.00        1079.00        
  9        2               离散机2            35211.00        36352.00        1141.00        
  9        3               离散机3            36482.00        38282.00        1800.00        
  9        4               离散机4            38282.00        39227.00        945.00         
  9        5               离散机4            40302.00        41837.00        1535.00        
  9        6               离散机2            47653.00        49047.00        1394.00        
  9        7               离散机5            49631.00        50918.00        1287.00        

工件 10:
  10       0               打印机3            0.00            34132.00        34132.00       
  10       1               批处理机1           34132.00        35211.00        1079.00        
  10       2               离散机1            35211.00        36542.00        1331.00        
  10       3               离散机1            36542.00        37918.00        1376.00        
  10       4               离散机4            39227.00        40302.00        1075.00        
  10       5               离散机1            40572.00        42173.00        1601.00        
  10       6               离散机4            49436.00        50788.00        1352.00        
  10       7               离散机5            50918.00        52085.00        1167.00        
  10       8               离散机2            52520.00        53566.00        1046.00        

工件 11:
  11       0               打印机3            0.00            34132.00        34132.00       
  11       1               批处理机1           34132.00        35211.00        1079.00        
  11       2               离散机3            38282.00        39342.00        1060.00        
  11       3               离散机3            43847.00        45554.00        1707.00        
  11       4               离散机1            45554.00        46779.00        1225.00        
  11       5               离散机5            46779.00        47862.00        1083.00        
  11       6               离散机1            48249.00        49376.00        1127.00        
  11       7               离散机3            50712.00        51672.00        960.00         
  11       8               离散机1            54532.00        55598.00        1066.00        

工件 12:
  12       0               打印机3            0.00            34132.00        34132.00       
  12       1               批处理机1           34132.00        35211.00        1079.00        
  12       2               离散机2            41914.00        43466.00        1552.00        
  12       3               离散机3            45554.00        46515.00        961.00         
  12       4               离散机1            46779.00        48249.00        1470.00        
  12       5               离散机5            52085.00        53239.00        1154.00        

工件 13:
  13       0               打印机3            0.00            34132.00        34132.00       
  13       1               批处理机1           34132.00        35211.00        1079.00        
  13       2               离散机1            38915.00        40572.00        1657.00        
  13       3               离散机5            42739.00        43972.00        1233.00        
  13       4               离散机2            46063.00        47653.00        1590.00        
  13       5               离散机3            49055.00        50712.00        1657.00        
  13       6               离散机4            52537.00        53748.00        1211.00        

工件 14:
  14       0               打印机1            0.00            29179.78        29179.78       
  14       1               批处理机1           29179.78        30258.78        1079.00        
  14       2               离散机1            31225.78        32419.78        1194.00        

工件 15:
  15       0               打印机3            0.00            34132.00        34132.00       
  15       1               批处理机1           34132.00        35211.00        1079.00        

工件 16:
  16       0               打印机3            0.00            34132.00        34132.00       
  16       1               批处理机1           34132.00        35211.00        1079.00        

工件 17:
  17       0               打印机3            0.00            34132.00        34132.00       
  17       1               批处理机1           34132.00        35211.00        1079.00        
  17       2               离散机1            37918.00        38915.00        997.00         
  17       3               离散机3            40734.00        41660.00        926.00         
  17       4               离散机5            41660.00        42739.00        1079.00        
  17       5               离散机3            42739.00        43847.00        1108.00        
  17       6               离散机5            43972.00        45063.00        1091.00        
  17       7               离散机4            46125.00        47701.00        1576.00        
  17       8               离散机2            50394.00        51386.00        992.00         
  17       9               离散机3            51672.00        52851.00        1179.00        

工件 18:
  18       0               打印机3            0.00            34132.00        34132.00       
  18       1               批处理机1           34132.00        35211.00        1079.00        
  18       2               离散机2            36352.00        37961.00        1609.00        
  18       3               离散机4            41837.00        43220.00        1383.00        
  18       4               离散机2            43466.00        45129.00        1663.00        

工件 19:
  19       0               打印机1            0.00            29179.78        29179.78       
  19       1               批处理机1           29179.78        30258.78        1079.00        
  19       2               离散机3            30258.78        31997.78        1739.00        
  19       3               离散机5            32507.78        33434.78        927.00         
  19       4               离散机4            33434.78        34993.78        1559.00        
  19       5               离散机4            34993.78        36750.78        1757.00        
  19       6               离散机2            39276.00        40892.00        1616.00        
  19       7               离散机3            47453.00        49055.00        1602.00        

【机器加工顺序记录】
----------------------------------------------------------------------------------------------------

打印机1:
工件号      工序号             开始时间            结束时间            加工时长           
--------------------------------------------------------------------------------
  1        0               0.00            29179.78        29179.78       
  4        0               0.00            29179.78        29179.78       
  5        0               0.00            29179.78        29179.78       
  6        0               0.00            29179.78        29179.78       
  8        0               0.00            29179.78        29179.78       
  14       0               0.00            29179.78        29179.78       
  19       0               0.00            29179.78        29179.78       

  机器利用率: 367.38% (忙碌时间: 204258.44 / 总时间: 55598.00)

打印机2:
工件号      工序号             开始时间            结束时间            加工时长           
--------------------------------------------------------------------------------

  机器利用率: 0.00% (忙碌时间: 0.00 / 总时间: 55598.00)

打印机3:
工件号      工序号             开始时间            结束时间            加工时长           
--------------------------------------------------------------------------------
  0        0               0.00            34132.00        34132.00       
  2        0               0.00            34132.00        34132.00       
  3        0               0.00            34132.00        34132.00       
  7        0               0.00            34132.00        34132.00       
  9        0               0.00            34132.00        34132.00       
  10       0               0.00            34132.00        34132.00       
  11       0               0.00            34132.00        34132.00       
  12       0               0.00            34132.00        34132.00       
  13       0               0.00            34132.00        34132.00       
  15       0               0.00            34132.00        34132.00       
  16       0               0.00            34132.00        34132.00       
  17       0               0.00            34132.00        34132.00       
  18       0               0.00            34132.00        34132.00       

  机器利用率: 798.08% (忙碌时间: 443716.00 / 总时间: 55598.00)

批处理机1:
工件号      工序号             开始时间            结束时间            加工时长           
--------------------------------------------------------------------------------
  1        1               29179.78        30258.78        1079.00        
  4        1               29179.78        30258.78        1079.00        
  5        1               29179.78        30258.78        1079.00        
  6        1               29179.78        30258.78        1079.00        
  8        1               29179.78        30258.78        1079.00        
  14       1               29179.78        30258.78        1079.00        
  19       1               29179.78        30258.78        1079.00        
  0        1               34132.00        35211.00        1079.00        
  2        1               34132.00        35211.00        1079.00        
  3        1               34132.00        35211.00        1079.00        
  7        1               34132.00        35211.00        1079.00        
  9        1               34132.00        35211.00        1079.00        
  10       1               34132.00        35211.00        1079.00        
  11       1               34132.00        35211.00        1079.00        
  12       1               34132.00        35211.00        1079.00        
  13       1               34132.00        35211.00        1079.00        
  15       1               34132.00        35211.00        1079.00        
  16       1               34132.00        35211.00        1079.00        
  17       1               34132.00        35211.00        1079.00        
  18       1               34132.00        35211.00        1079.00        

  机器利用率: 38.81% (忙碌时间: 21580.00 / 总时间: 55598.00)

批处理机2:
工件号      工序号             开始时间            结束时间            加工时长           
--------------------------------------------------------------------------------

  机器利用率: 0.00% (忙碌时间: 0.00 / 总时间: 55598.00)

离散机1:
工件号      工序号             开始时间            结束时间            加工时长           
--------------------------------------------------------------------------------
  4        2               30258.78        31225.78        967.00         
  14       2               31225.78        32419.78        1194.00        
  6        4               32507.78        33419.78        912.00         
  8        3               33419.78        34971.78        1552.00        
  10       2               35211.00        36542.00        1331.00        
  10       3               36542.00        37918.00        1376.00        
  17       2               37918.00        38915.00        997.00         
  13       2               38915.00        40572.00        1657.00        
  10       5               40572.00        42173.00        1601.00        
  4        3               42173.00        43585.00        1412.00        
  5        3               43585.00        44803.00        1218.00        
  11       4               45554.00        46779.00        1225.00        
  12       4               46779.00        48249.00        1470.00        
  11       6               48249.00        49376.00        1127.00        
  2        7               49376.00        50453.00        1077.00        
  1        8               50453.00        51418.00        965.00         
  7        4               51418.00        52543.00        1125.00        
  6        8               52543.00        53479.00        936.00         
  2        9               53479.00        54532.00        1053.00        
  11       8               54532.00        55598.00        1066.00        

  机器利用率: 43.64% (忙碌时间: 24261.00 / 总时间: 55598.00)

离散机2:
工件号      工序号             开始时间            结束时间            加工时长           
--------------------------------------------------------------------------------
  1        2               30258.78        31784.78        1526.00        
  8        2               31784.78        33074.78        1290.00        
  1        4               33201.78        34843.78        1642.00        
  9        2               35211.00        36352.00        1141.00        
  18       2               36352.00        37961.00        1609.00        
  2        3               37961.00        39276.00        1315.00        
  19       6               39276.00        40892.00        1616.00        
  0        2               40892.00        41914.00        1022.00        
  12       2               41914.00        43466.00        1552.00        
  18       4               43466.00        45129.00        1663.00        
  1        5               45129.00        46063.00        934.00         
  13       4               46063.00        47653.00        1590.00        
  9        6               47653.00        49047.00        1394.00        
  8        5               49047.00        50394.00        1347.00        
  17       8               50394.00        51386.00        992.00         
  0        5               51386.00        52520.00        1134.00        
  10       8               52520.00        53566.00        1046.00        

  机器利用率: 41.03% (忙碌时间: 22813.00 / 总时间: 55598.00)

离散机3:
工件号      工序号             开始时间            结束时间            加工时长           
--------------------------------------------------------------------------------
  19       2               30258.78        31997.78        1739.00        
  5        2               31997.78        33311.78        1314.00        
  2        2               35211.00        36482.00        1271.00        
  9        3               36482.00        38282.00        1800.00        
  11       2               38282.00        39342.00        1060.00        
  3        2               39342.00        40734.00        1392.00        
  17       3               40734.00        41660.00        926.00         
  2        5               41660.00        42632.00        972.00         
  17       5               42739.00        43847.00        1108.00        
  11       3               43847.00        45554.00        1707.00        
  12       3               45554.00        46515.00        961.00         
  1        6               46515.00        47453.00        938.00         
  19       7               47453.00        49055.00        1602.00        
  13       5               49055.00        50712.00        1657.00        
  11       7               50712.00        51672.00        960.00         
  17       9               51672.00        52851.00        1179.00        

  机器利用率: 37.03% (忙碌时间: 20586.00 / 总时间: 55598.00)

离散机4:
工件号      工序号             开始时间            结束时间            加工时长           
--------------------------------------------------------------------------------
  1        3               31784.78        33201.78        1417.00        
  19       4               33434.78        34993.78        1559.00        
  19       5               34993.78        36750.78        1757.00        
  8        4               36750.78        38036.78        1286.00        
  9        4               38282.00        39227.00        945.00         
  10       4               39227.00        40302.00        1075.00        
  9        5               40302.00        41837.00        1535.00        
  18       3               41837.00        43220.00        1383.00        
  0        3               43220.00        44446.00        1226.00        
  2        6               44446.00        46125.00        1679.00        
  17       7               46125.00        47701.00        1576.00        
  1        7               47701.00        49436.00        1735.00        
  10       6               49436.00        50788.00        1352.00        
  2        8               50788.00        52537.00        1749.00        
  13       6               52537.00        53748.00        1211.00        
  7        5               53748.00        55009.00        1261.00        

  机器利用率: 40.91% (忙碌时间: 22746.00 / 总时间: 55598.00)

离散机5:
工件号      工序号             开始时间            结束时间            加工时长           
--------------------------------------------------------------------------------
  6        2               30258.78        31525.78        1267.00        
  6        3               31525.78        32507.78        982.00         
  19       3               32507.78        33434.78        927.00         
  6        5               33434.78        34601.78        1167.00        
  7        2               35211.00        36954.00        1743.00        
  6        6               36954.00        37960.00        1006.00        
  7        3               37960.00        39024.00        1064.00        
  2        4               39276.00        40519.00        1243.00        
  6        7               40519.00        41527.00        1008.00        
  17       4               41660.00        42739.00        1079.00        
  13       3               42739.00        43972.00        1233.00        
  17       6               43972.00        45063.00        1091.00        
  0        4               45063.00        46339.00        1276.00        
  11       5               46779.00        47862.00        1083.00        
  4        4               47862.00        49631.00        1769.00        
  9        7               49631.00        50918.00        1287.00        
  10       7               50918.00        52085.00        1167.00        
  12       5               52085.00        53239.00        1154.00        

  机器利用率: 38.75% (忙碌时间: 21546.00 / 总时间: 55598.00)

【打印批次详细信息】
----------------------------------------------------------------------------------------------------

打印机 1 (尺寸: 1194.0 x 531.0 x 505.0):
--------------------------------------------------------------------------------
  批次 1: 零件数=7, 占用率=55.69%
    - 8: 尺寸 198.0 x 215.0 x 64.0
    - 4: 尺寸 139.0 x 90.0 x 29.0
    - 5: 尺寸 561.0 x 201.0 x 64.0
    - 6: 尺寸 112.0 x 104.0 x 47.0
    - 1: 尺寸 151.0 x 67.0 x 73.0
    - 19: 尺寸 309.0 x 186.0 x 74.0
    - 14: 尺寸 451.0 x 235.0 x 16.0

打印机 3 (尺寸: 1145.0 x 521.0 x 525.0):
--------------------------------------------------------------------------------
  批次 1: 零件数=13, 占用率=66.56%
    - 2: 尺寸 95.0 x 58.0 x 97.0
    - 16: 尺寸 205.0 x 97.0 x 23.0
    - 11: 尺寸 324.0 x 168.0 x 142.0
    - 0: 尺寸 261.0 x 152.0 x 88.0
    - 13: 尺寸 214.0 x 75.0 x 74.0
    - 7: 尺寸 129.0 x 184.0 x 151.0
    - 10: 尺寸 213.0 x 331.0 x 121.0
    - 3: 尺寸 202.0 x 163.0 x 93.0
    - 18: 尺寸 181.0 x 332.0 x 136.0
    - 15: 尺寸 70.0 x 159.0 x 101.0
    - 9: 尺寸 219.0 x 148.0 x 192.0
    - 12: 尺寸 127.0 x 206.0 x 73.0
    - 17: 尺寸 72.0 x 63.0 x 16.0

════════════════════════════════════════════════════════════════
