════════════════════════════════════════════════════════════════
              最优Cmax解的详细调度记录
════════════════════════════════════════════════════════════════

【基本信息】
----------------------------------------------------------------------------------------------------
Cmax (最大完工时间): 59988.97
能耗: 603.98 kWh
装箱质量: 0.6117
批次总数: 8
工件数量: 50
机器数量: 14 (打印机:4, 批处理机:2, 离散机:8)

【染色体编码】
----------------------------------------------------------------------------------------------------
工序序列 (OS): [9, 46, 39, 25, 19, 36, 2, 22, 37, 38, 20, 14, 47, 6, 5, 43, 3, 48, 32, 12, 7, 10, 42, 34, 18, 24, 35, 8, 1, 29, 11, 0, 23, 30, 31, 44, 41, 49, 16, 33, 45, 26, 15, 4, 28, 40, 17, 13, 21, 27, 27, 2, 39, 49, 1, 14, 48, 40, 38, 22, 37, 11, 37, 12, 5, 22, 42, 15, 33, 9, 36, 11, 15, 32, 15, 33, 6, 0, 8, 33, 44, 22, 8, 5, 17, 15, 24, 49, 34, 8, 48, 5, 48, 8, 34, 16, 38, 38, 32, 42, 31, 40, 37, 39, 37, 40, 1, 44, 10, 19, 45, 43, 9, 48, 7, 39, 14, 17, 30, 20, 49, 12, 7, 45, 27, 25, 22, 31, 34, 14, 42, 30, 11, 39, 5, 6, 5, 41, 18, 31, 14, 19, 28, 33, 11, 38, 18, 13, 9, 40, 34, 38, 49, 38, 17, 44, 11, 38, 6, 41, 6, 1, 34, 32, 14, 40, 9, 43, 31, 17, 27, 45, 12, 31, 43, 16, 15, 5, 7, 14, 37, 27, 7, 12, 32, 8, 20, 44, 30, 26, 19, 22, 44, 25, 1, 32, 16, 27, 0, 39, 11, 30, 42, 0, 20, 44, 18, 47, 42, 19, 1, 13, 33, 9, 12, 7, 2, 25, 43, 49, 5, 33, 34, 22, 32, 24, 9, 43, 41, 36, 18, 14, 48, 16, 8, 2, 18, 42, 37, 45, 14, 5, 1, 46, 40, 37, 30, 37, 31, 1, 15, 25, 31, 28, 49, 6, 17, 44, 11, 32, 21, 42, 15, 12, 44, 48, 9, 29, 11, 23, 23, 39, 13, 43, 2, 1, 26, 49, 16, 47, 28]
机器选择 (MS): [3, 3, 4, 3, 1, 2, 4, 4, 3, 3, 1, 3, 3, 2, 3, 4, 1, 4, 4, 4, 3, 2, 2, 4, 4, 3, 1, 2, 1, 1, 3, 3, 1, 4, 1, 3, 2, 4, 3, 1, 4, 1, 3, 1, 3, 4, 4, 1, 1, 4, 1, 1, 2, 1, 3, 3, 1, 1, 3, 1, 2, 1, 1, 1, 3, 2, 2, 1, 2, 1, 3, 1, 3, 1, 2, 1, 2, 1, 1, 1, 1, 1, 1, 3, 1, 2, 1, 1, 2, 2, 3, 1, 2, 1, 1, 1, 2, 1, 2, 2, 1, 1, 1, 1, 1, 2, 1, 1, 1, 1, 1, 1, 2, 1, 1, 3, 1, 2, 1, 2, 2, 1, 1, 1, 1, 2, 1, 2, 2, 2, 2, 1, 1, 1, 2, 2, 3, 2, 1, 1, 1, 2, 1, 1, 3, 1, 2, 1, 3, 1, 2, 2, 1, 1, 1, 2, 1, 2, 1, 1, 1, 1, 1, 2, 2, 2, 1, 2, 1, 1, 2, 1, 2, 1, 3, 1, 2, 1, 2, 1, 2, 1, 1, 2, 1, 1, 3, 1, 1, 1, 1, 1, 1, 1, 1, 1, 1, 1, 1, 2, 1, 2, 1, 2, 2, 1, 2, 2, 1, 1, 3, 1, 2, 1, 2, 1, 3, 3, 3, 2, 1, 1, 1, 1, 1, 2, 2, 1, 1, 1, 1, 1, 2, 2, 2, 1, 1, 1, 1, 2, 1, 3, 2, 2, 2, 2, 2, 1, 3, 2, 1, 1, 1, 3, 1, 1, 2, 2, 3, 1, 1, 1, 3, 3, 1, 1, 3, 1, 1, 1, 3, 1, 1, 1, 2, 1, 3, 1, 1, 1, 1]

【零件加工顺序记录】
----------------------------------------------------------------------------------------------------
工件号      工序号             机器号             开始时间            结束时间            加工时长           
----------------------------------------------------------------------------------------------------

工件 0:
  0        0               打印机3            0.00            15406.69        15406.69       
  0        1               批处理机2           15406.69        16418.69        1012.00        
  0        2               离散机2            17780.69        19229.69        1449.00        
  0        3               离散机8            20710.69        21886.69        1176.00        
  0        4               离散机7            29387.26        31059.26        1672.00        

工件 1:
  1        0               打印机1            0.00            31223.57        31223.57       
  1        1               批处理机2           31223.57        32235.57        1012.00        
  1        2               离散机8            32482.40        33710.40        1228.00        
  1        3               离散机6            35677.40        37184.40        1507.00        
  1        4               离散机5            37459.40        38450.40        991.00         
  1        5               离散机2            46514.40        47425.40        911.00         
  1        6               离散机8            54034.40        55443.40        1409.00        
  1        7               离散机7            56292.97        57310.97        1018.00        
  1        8               离散机4            57310.97        58999.97        1689.00        
  1        9               离散机4            58999.97        59988.97        989.00         

工件 2:
  2        0               打印机4            0.00            29453.40        29453.40       
  2        1               批处理机2           29453.40        30465.40        1012.00        
  2        2               离散机8            31457.40        32482.40        1025.00        
  2        3               离散机5            33130.40        34658.40        1528.00        
  2        4               离散机2            48947.40        50522.40        1575.00        
  2        5               离散机7            58475.97        59720.97        1245.00        

工件 3:
  3        0               打印机1            0.00            31223.57        31223.57       
  3        1               批处理机2           31223.57        32235.57        1012.00        

工件 4:
  4        0               打印机1            0.00            31223.57        31223.57       
  4        1               批处理机2           31223.57        32235.57        1012.00        

工件 5:
  5        0               打印机3            15406.69        38621.08        23214.38       
  5        1               批处理机2           38621.08        39633.08        1012.00        
  5        2               离散机4            39633.08        41317.08        1684.00        
  5        3               离散机2            41336.40        43063.40        1727.00        
  5        4               离散机8            43063.40        44162.40        1099.00        
  5        5               离散机8            44162.40        45321.40        1159.00        
  5        6               离散机8            45321.40        46771.40        1450.00        
  5        7               离散机6            53868.97        54781.97        913.00         
  5        8               离散机6            54781.97        55975.97        1194.00        
  5        9               离散机8            58226.40        59258.40        1032.00        

工件 6:
  6        0               打印机2            0.00            21264.26        21264.26       
  6        1               批处理机2           21264.26        22276.26        1012.00        
  6        2               离散机1            22276.26        23401.26        1125.00        
  6        3               离散机6            24780.26        26197.26        1417.00        
  6        4               离散机7            26507.26        28275.26        1768.00        
  6        5               离散机4            28275.26        29340.26        1065.00        
  6        6               离散机6            44575.40        45817.40        1242.00        

工件 7:
  7        0               打印机3            0.00            15406.69        15406.69       
  7        1               批处理机2           15406.69        16418.69        1012.00        
  7        2               离散机3            16418.69        17489.69        1071.00        
  7        3               离散机1            18639.69        20107.69        1468.00        
  7        4               离散机2            20438.69        21754.69        1316.00        
  7        5               离散机2            28444.26        29815.26        1371.00        
  7        6               离散机4            31852.40        32987.40        1135.00        

工件 8:
  8        0               打印机2            0.00            21264.26        21264.26       
  8        1               批处理机2           21264.26        22276.26        1012.00        
  8        2               离散机8            22276.26        23194.26        918.00         
  8        3               离散机5            23194.26        24399.26        1205.00        
  8        4               离散机5            24399.26        25450.26        1051.00        
  8        5               离散机2            25450.26        26999.26        1549.00        
  8        6               离散机2            34762.40        36443.40        1681.00        
  8        7               离散机8            55443.40        56582.40        1139.00        

工件 9:
  9        0               打印机3            0.00            15406.69        15406.69       
  9        1               批处理机2           15406.69        16418.69        1012.00        
  9        2               离散机6            16418.69        18049.69        1631.00        
  9        3               离散机5            18049.69        19049.69        1000.00        
  9        4               离散机1            24489.26        25394.26        905.00         
  9        5               离散机7            28275.26        29387.26        1112.00        
  9        6               离散机1            29387.26        30432.26        1045.00        
  9        7               离散机4            46421.08        47356.08        935.00         
  9        8               离散机2            55514.97        56650.97        1136.00        

工件 10:
  10       0               打印机2            0.00            21264.26        21264.26       
  10       1               批处理机2           21264.26        22276.26        1012.00        
  10       2               离散机7            22276.26        23771.26        1495.00        

工件 11:
  11       0               打印机3            15406.69        38621.08        23214.38       
  11       1               批处理机2           38621.08        39633.08        1012.00        
  11       2               离散机1            39633.08        41049.08        1416.00        
  11       3               离散机5            41049.08        42110.08        1061.00        
  11       4               离散机5            43662.08        44578.08        916.00         
  11       5               离散机8            46771.40        48452.40        1681.00        
  11       6               离散机1            49732.97        51482.97        1750.00        
  11       7               离散机8            52976.40        54034.40        1058.00        
  11       8               离散机4            54843.97        56253.97        1410.00        
  11       9               离散机2            56650.97        57597.97        947.00         

工件 12:
  12       0               打印机4            0.00            29453.40        29453.40       
  12       1               批处理机2           29453.40        30465.40        1012.00        
  12       2               离散机6            31681.40        32592.40        911.00         
  12       3               离散机4            36113.40        37458.40        1345.00        
  12       4               离散机3            37458.40        38664.40        1206.00        
  12       5               离散机6            41353.40        43104.40        1751.00        
  12       6               离散机7            45008.08        46135.08        1127.00        
  12       7               离散机3            47424.08        48641.08        1217.00        

工件 13:
  13       0               打印机1            0.00            31223.57        31223.57       
  13       1               批处理机2           31223.57        32235.57        1012.00        
  13       2               离散机7            36910.40        38558.40        1648.00        
  13       3               离散机3            38664.40        39719.40        1055.00        
  13       4               离散机5            39719.40        40844.40        1125.00        

工件 14:
  14       0               打印机3            0.00            15406.69        15406.69       
  14       1               批处理机2           15406.69        16418.69        1012.00        
  14       2               离散机2            16418.69        17780.69        1362.00        
  14       3               离散机8            17780.69        19023.69        1243.00        
  14       4               离散机2            19229.69        20438.69        1209.00        
  14       5               离散机7            20438.69        21378.69        940.00         
  14       6               离散机7            23771.26        24713.26        942.00         
  14       7               离散机8            24713.26        26222.26        1509.00        
  14       8               离散机6            27738.26        29283.26        1545.00        
  14       9               离散机3            29407.26        30861.26        1454.00        

工件 15:
  15       0               打印机3            15406.69        38621.08        23214.38       
  15       1               批处理机2           38621.08        39633.08        1012.00        
  15       2               离散机8            39633.08        40902.08        1269.00        
  15       3               离散机7            40902.08        42091.08        1189.00        
  15       4               离散机5            42110.08        43662.08        1552.00        
  15       5               离散机3            43662.08        44636.08        974.00         
  15       6               离散机4            44636.08        46421.08        1785.00        
  15       7               离散机7            46421.08        47332.08        911.00         
  15       8               离散机6            57747.97        59387.97        1640.00        

工件 16:
  16       0               打印机3            38621.08        46489.31        7868.23        
  16       1               批处理机2           46489.31        47501.31        1012.00        
  16       2               离散机7            47501.31        48405.31        904.00         
  16       3               离散机6            52726.97        53868.97        1142.00        
  16       4               离散机4            53868.97        54843.97        975.00         
  16       5               离散机6            55975.97        57747.97        1772.00        
  16       6               离散机1            58144.97        59593.97        1449.00        

工件 17:
  17       0               打印机4            29453.40        45366.97        15913.58       
  17       1               批处理机2           45366.97        46378.97        1012.00        
  17       2               离散机6            49345.97        50409.97        1064.00        
  17       3               离散机3            50608.97        51796.97        1188.00        
  17       4               离散机7            51796.97        52876.97        1080.00        
  17       5               离散机7            52876.97        53803.97        927.00         
  17       6               离散机3            54964.97        56261.97        1297.00        

工件 18:
  18       0               打印机4            29453.40        45366.97        15913.58       
  18       1               批处理机2           45366.97        46378.97        1012.00        
  18       2               离散机1            47550.97        48797.97        1247.00        
  18       3               离散机1            48797.97        49732.97        935.00         
  18       4               离散机4            49813.31        50850.31        1037.00        
  18       5               离散机1            54220.97        55980.97        1760.00        
  18       6               离散机8            56582.40        58226.40        1644.00        

工件 19:
  19       0               打印机1            0.00            31223.57        31223.57       
  19       1               批处理机2           31223.57        32235.57        1012.00        
  19       2               离散机8            35245.40        36333.40        1088.00        
  19       3               离散机5            36333.40        37459.40        1126.00        
  19       4               离散机6            43104.40        44575.40        1471.00        
  19       5               离散机5            49400.08        50308.08        908.00         

工件 20:
  20       0               打印机1            0.00            31223.57        31223.57       
  20       1               批处理机2           31223.57        32235.57        1012.00        
  20       2               离散机6            37184.40        38844.40        1660.00        
  20       3               离散机2            45227.40        46514.40        1287.00        
  20       4               离散机4            48475.31        49813.31        1338.00        

工件 21:
  21       0               打印机1            0.00            31223.57        31223.57       
  21       1               批处理机2           31223.57        32235.57        1012.00        
  21       2               离散机4            56253.97        57264.97        1011.00        

工件 22:
  22       0               打印机4            0.00            29453.40        29453.40       
  22       1               批处理机2           29453.40        30465.40        1012.00        
  22       2               离散机1            33554.40        35353.40        1799.00        
  22       3               离散机1            35353.40        36472.40        1119.00        
  22       4               离散机2            39625.40        41336.40        1711.00        
  22       5               离散机7            42091.08        43545.08        1454.00        
  22       6               离散机3            46340.08        47424.08        1084.00        
  22       7               离散机4            50850.31        52381.31        1531.00        

工件 23:
  23       0               打印机1            31223.57        42424.67        11201.10       
  23       1               批处理机2           42424.67        43436.67        1012.00        
  23       2               离散机1            45460.08        46368.08        908.00         
  23       3               离散机2            51677.40        52710.40        1033.00        

工件 24:
  24       0               打印机3            38621.08        46489.31        7868.23        
  24       1               批处理机2           46489.31        47501.31        1012.00        
  24       2               离散机4            47501.31        48475.31        974.00         
  24       3               离散机1            52482.97        54220.97        1738.00        

工件 25:
  25       0               打印机3            0.00            15406.69        15406.69       
  25       1               批处理机2           15406.69        16418.69        1012.00        
  25       2               离散机8            19023.69        20710.69        1687.00        
  25       3               离散机5            20897.69        22213.69        1316.00        
  25       4               离散机5            25450.26        26971.26        1521.00        
  25       5               离散机8            27390.26        28417.26        1027.00        

工件 26:
  26       0               打印机1            31223.57        42424.67        11201.10       
  26       1               批处理机2           42424.67        43436.67        1012.00        
  26       2               离散机5            46197.08        47948.08        1751.00        
  26       3               离散机5            50308.08        51424.08        1116.00        

工件 27:
  27       0               打印机4            0.00            29453.40        29453.40       
  27       1               批处理机2           29453.40        30465.40        1012.00        
  27       2               离散机8            30465.40        31457.40        992.00         
  27       3               离散机2            33220.40        34762.40        1542.00        
  27       4               离散机6            40141.40        41353.40        1212.00        
  27       5               离散机3            41353.40        42452.40        1099.00        
  27       6               离散机4            43027.08        44499.08        1472.00        

工件 28:
  28       0               打印机3            0.00            15406.69        15406.69       
  28       1               批处理机2           15406.69        16418.69        1012.00        
  28       2               离散机5            16418.69        17598.69        1180.00        
  28       3               离散机7            17687.69        19181.69        1494.00        
  28       4               离散机1            25394.26        27152.26        1758.00        

工件 29:
  29       0               打印机1            0.00            31223.57        31223.57       
  29       1               批处理机2           31223.57        32235.57        1012.00        
  29       2               离散机7            38558.40        39975.40        1417.00        

工件 30:
  30       0               打印机4            0.00            29453.40        29453.40       
  30       1               批处理机2           29453.40        30465.40        1012.00        
  30       2               离散机5            32092.40        33130.40        1038.00        
  30       3               离散机4            41317.08        43027.08        1710.00        
  30       4               离散机3            44636.08        46340.08        1704.00        
  30       5               离散机2            47425.40        48947.40        1522.00        
  30       6               离散机4            52381.31        53690.31        1309.00        

工件 31:
  31       0               打印机1            0.00            31223.57        31223.57       
  31       1               批处理机2           31223.57        32235.57        1012.00        
  31       2               离散机8            33710.40        35245.40        1535.00        
  31       3               离散机7            35245.40        36910.40        1665.00        
  31       4               离散机1            41049.08        42213.08        1164.00        
  31       5               离散机7            43545.08        45008.08        1463.00        
  31       6               离散机8            51591.40        52976.40        1385.00        
  31       7               离散机3            53887.97        54964.97        1077.00        
  31       8               离散机7            57310.97        58475.97        1165.00        

工件 32:
  32       0               打印机4            29453.40        45366.97        15913.58       
  32       1               批处理机2           45366.97        46378.97        1012.00        
  32       2               离散机6            46378.97        48031.97        1653.00        
  32       3               离散机7            48405.31        49540.31        1135.00        
  32       4               离散机8            49600.40        50530.40        930.00         
  32       5               离散机3            51796.97        52787.97        991.00         
  32       6               离散机5            52792.97        53721.97        929.00         
  32       7               离散机5            53721.97        55482.97        1761.00        
  32       8               离散机3            56261.97        57902.97        1641.00        

工件 33:
  33       0               打印机1            0.00            31223.57        31223.57       
  33       1               批处理机2           31223.57        32235.57        1012.00        
  33       2               离散机1            36472.40        37996.40        1524.00        
  33       3               离散机2            37996.40        39625.40        1629.00        
  33       4               离散机8            40902.08        41821.08        919.00         
  33       5               离散机5            44578.08        46197.08        1619.00        
  33       6               离散机1            51482.97        52482.97        1000.00        
  33       7               离散机3            52787.97        53887.97        1100.00        

工件 34:
  34       0               打印机4            0.00            29453.40        29453.40       
  34       1               批处理机2           29453.40        30465.40        1012.00        
  34       2               离散机2            30465.40        32109.40        1644.00        
  34       3               离散机7            33119.40        34706.40        1587.00        
  34       4               离散机4            37458.40        38975.40        1517.00        
  34       5               离散机2            43063.40        44036.40        973.00         
  34       6               离散机8            48452.40        49600.40        1148.00        
  34       7               离散机7            49600.40        51070.40        1470.00        

工件 35:
  35       0               打印机1            0.00            31223.57        31223.57       
  35       1               批处理机2           31223.57        32235.57        1012.00        

工件 36:
  36       0               打印机2            0.00            21264.26        21264.26       
  36       1               批处理机2           21264.26        22276.26        1012.00        
  36       2               离散机4            22276.26        23599.26        1323.00        
  36       3               离散机6            26197.26        27738.26        1541.00        

工件 37:
  37       0               打印机3            0.00            15406.69        15406.69       
  37       1               批处理机2           15406.69        16418.69        1012.00        
  37       2               离散机7            16418.69        17687.69        1269.00        
  37       3               离散机1            17687.69        18639.69        952.00         
  37       4               离散机6            19158.69        20435.69        1277.00        
  37       5               离散机1            20435.69        21483.69        1048.00        
  37       6               离散机6            21483.69        23046.69        1563.00        
  37       7               离散机4            23599.26        25198.26        1599.00        
  37       8               离散机8            26222.26        27390.26        1168.00        
  37       9               离散机5            29137.26        30103.26        966.00         

工件 38:
  38       0               打印机3            0.00            15406.69        15406.69       
  38       1               批处理机2           15406.69        16418.69        1012.00        
  38       2               离散机8            16418.69        17322.69        904.00         
  38       3               离散机6            18049.69        19158.69        1109.00        
  38       4               离散机5            19158.69        20897.69        1739.00        
  38       5               离散机2            23376.26        25112.26        1736.00        
  38       6               离散机7            25112.26        26507.26        1395.00        
  38       7               离散机4            26507.26        27829.26        1322.00        
  38       8               离散机1            27829.26        29319.26        1490.00        

工件 39:
  39       0               打印机4            0.00            29453.40        29453.40       
  39       1               批处理机2           29453.40        30465.40        1012.00        
  39       2               离散机4            30465.40        31852.40        1387.00        
  39       3               离散机2            32109.40        33220.40        1111.00        
  39       4               离散机4            33220.40        34494.40        1274.00        
  39       5               离散机3            34495.40        36024.40        1529.00        
  39       6               离散机2            36443.40        37781.40        1338.00        
  39       7               离散机3            42452.40        43425.40        973.00         

工件 40:
  40       0               打印机4            0.00            29453.40        29453.40       
  40       1               批处理机2           29453.40        30465.40        1012.00        
  40       2               离散机1            32231.40        33554.40        1323.00        
  40       3               离散机3            33554.40        34495.40        941.00         
  40       4               离散机6            34495.40        35677.40        1182.00        
  40       5               离散机8            36333.40        38034.40        1701.00        
  40       6               离散机2            44036.40        45227.40        1191.00        
  40       7               离散机2            53766.97        55514.97        1748.00        

工件 41:
  41       0               打印机2            0.00            21264.26        21264.26       
  41       1               批处理机2           21264.26        22276.26        1012.00        
  41       2               离散机1            23401.26        24489.26        1088.00        
  41       3               离散机2            26999.26        28444.26        1445.00        
  41       4               离散机3            28444.26        29407.26        963.00         

工件 42:
  42       0               打印机2            0.00            21264.26        21264.26       
  42       1               批处理机2           21264.26        22276.26        1012.00        
  42       2               离散机2            22276.26        23376.26        1100.00        
  42       3               离散机6            23376.26        24780.26        1404.00        
  42       4               离散机3            24780.26        26361.26        1581.00        
  42       5               离散机3            26361.26        28107.26        1746.00        
  42       6               离散机5            28107.26        29137.26        1030.00        
  42       7               离散机8            29137.26        30173.26        1036.00        
  42       8               离散机3            30861.26        32188.26        1327.00        

工件 43:
  43       0               打印机4            29453.40        45366.97        15913.58       
  43       1               批处理机2           45366.97        46378.97        1012.00        
  43       2               离散机1            46378.97        47550.97        1172.00        
  43       3               离散机8            50530.40        51591.40        1061.00        
  43       4               离散机6            51774.97        52726.97        952.00         
  43       5               离散机2            52726.97        53766.97        1040.00        
  43       6               离散机5            55482.97        56713.97        1231.00        
  43       7               离散机2            57597.97        59150.97        1553.00        

工件 44:
  44       0               打印机3            38621.08        46489.31        7868.23        
  44       1               批处理机2           46489.31        47501.31        1012.00        
  44       2               离散机6            48031.97        49345.97        1314.00        
  44       3               离散机3            49345.97        50608.97        1263.00        
  44       4               离散机6            50608.97        51774.97        1166.00        
  44       5               离散机5            51774.97        52792.97        1018.00        
  44       6               离散机7            53803.97        54709.97        906.00         
  44       7               离散机7            54709.97        56292.97        1583.00        
  44       8               离散机5            56713.97        57637.97        924.00         
  44       9               离散机3            57902.97        58897.97        995.00         

工件 45:
  45       0               打印机4            0.00            29453.40        29453.40       
  45       1               批处理机2           29453.40        30465.40        1012.00        
  45       2               离散机5            30465.40        32092.40        1627.00        
  45       3               离散机6            38844.40        40141.40        1297.00        
  45       4               离散机8            41821.08        42778.08        957.00         
  45       5               离散机1            43977.08        45460.08        1483.00        

工件 46:
  46       0               打印机3            15406.69        38621.08        23214.38       
  46       1               批处理机2           38621.08        39633.08        1012.00        
  46       2               离散机2            50522.40        51677.40        1155.00        

工件 47:
  47       0               打印机3            38621.08        46489.31        7868.23        
  47       1               批处理机2           46489.31        47501.31        1012.00        
  47       2               离散机5            47948.08        49400.08        1452.00        
  47       3               离散机5            57637.97        58663.97        1026.00        

工件 48:
  48       0               打印机4            0.00            29453.40        29453.40       
  48       1               批处理机2           29453.40        30465.40        1012.00        
  48       2               离散机1            30465.40        32231.40        1766.00        
  48       3               离散机3            32231.40        33452.40        1221.00        
  48       4               离散机6            33452.40        34386.40        934.00         
  48       5               离散机1            37996.40        39554.40        1558.00        
  48       6               离散机1            42213.08        43977.08        1764.00        
  48       7               离散机1            55980.97        57120.97        1140.00        

工件 49:
  49       0               打印机4            0.00            29453.40        29453.40       
  49       1               批处理机2           29453.40        30465.40        1012.00        
  49       2               离散机6            30465.40        31681.40        1216.00        
  49       3               离散机7            31681.40        33119.40        1438.00        
  49       4               离散机4            34494.40        36113.40        1619.00        
  49       5               离散机3            36113.40        37184.40        1071.00        
  49       6               离散机8            38034.40        39619.40        1585.00        
  49       7               离散机3            39719.40        41345.40        1626.00        
  49       8               离散机1            57120.97        58144.97        1024.00        

【机器加工顺序记录】
----------------------------------------------------------------------------------------------------

打印机1:
工件号      工序号             开始时间            结束时间            加工时长           
--------------------------------------------------------------------------------
  1        0               0.00            31223.57        31223.57       
  3        0               0.00            31223.57        31223.57       
  4        0               0.00            31223.57        31223.57       
  13       0               0.00            31223.57        31223.57       
  19       0               0.00            31223.57        31223.57       
  20       0               0.00            31223.57        31223.57       
  21       0               0.00            31223.57        31223.57       
  29       0               0.00            31223.57        31223.57       
  31       0               0.00            31223.57        31223.57       
  33       0               0.00            31223.57        31223.57       
  35       0               0.00            31223.57        31223.57       
  23       0               31223.57        42424.67        11201.10       
  26       0               31223.57        42424.67        11201.10       

  机器利用率: 609.88% (忙碌时间: 365861.51 / 总时间: 59988.97)

打印机2:
工件号      工序号             开始时间            结束时间            加工时长           
--------------------------------------------------------------------------------
  6        0               0.00            21264.26        21264.26       
  8        0               0.00            21264.26        21264.26       
  10       0               0.00            21264.26        21264.26       
  36       0               0.00            21264.26        21264.26       
  41       0               0.00            21264.26        21264.26       
  42       0               0.00            21264.26        21264.26       

  机器利用率: 212.68% (忙碌时间: 127585.56 / 总时间: 59988.97)

打印机3:
工件号      工序号             开始时间            结束时间            加工时长           
--------------------------------------------------------------------------------
  0        0               0.00            15406.69        15406.69       
  7        0               0.00            15406.69        15406.69       
  9        0               0.00            15406.69        15406.69       
  14       0               0.00            15406.69        15406.69       
  25       0               0.00            15406.69        15406.69       
  28       0               0.00            15406.69        15406.69       
  37       0               0.00            15406.69        15406.69       
  38       0               0.00            15406.69        15406.69       
  5        0               15406.69        38621.08        23214.38       
  11       0               15406.69        38621.08        23214.38       
  15       0               15406.69        38621.08        23214.38       
  46       0               15406.69        38621.08        23214.38       
  16       0               38621.08        46489.31        7868.23        
  24       0               38621.08        46489.31        7868.23        
  44       0               38621.08        46489.31        7868.23        
  47       0               38621.08        46489.31        7868.23        

  机器利用率: 412.72% (忙碌时间: 247584.00 / 总时间: 59988.97)

打印机4:
工件号      工序号             开始时间            结束时间            加工时长           
--------------------------------------------------------------------------------
  2        0               0.00            29453.40        29453.40       
  12       0               0.00            29453.40        29453.40       
  22       0               0.00            29453.40        29453.40       
  27       0               0.00            29453.40        29453.40       
  30       0               0.00            29453.40        29453.40       
  34       0               0.00            29453.40        29453.40       
  39       0               0.00            29453.40        29453.40       
  40       0               0.00            29453.40        29453.40       
  45       0               0.00            29453.40        29453.40       
  48       0               0.00            29453.40        29453.40       
  49       0               0.00            29453.40        29453.40       
  17       0               29453.40        45366.97        15913.58       
  18       0               29453.40        45366.97        15913.58       
  32       0               29453.40        45366.97        15913.58       
  43       0               29453.40        45366.97        15913.58       

  机器利用率: 646.19% (忙碌时间: 387641.68 / 总时间: 59988.97)

批处理机1:
工件号      工序号             开始时间            结束时间            加工时长           
--------------------------------------------------------------------------------

  机器利用率: 0.00% (忙碌时间: 0.00 / 总时间: 59988.97)

批处理机2:
工件号      工序号             开始时间            结束时间            加工时长           
--------------------------------------------------------------------------------
  0        1               15406.69        16418.69        1012.00        
  7        1               15406.69        16418.69        1012.00        
  9        1               15406.69        16418.69        1012.00        
  14       1               15406.69        16418.69        1012.00        
  25       1               15406.69        16418.69        1012.00        
  28       1               15406.69        16418.69        1012.00        
  37       1               15406.69        16418.69        1012.00        
  38       1               15406.69        16418.69        1012.00        
  6        1               21264.26        22276.26        1012.00        
  8        1               21264.26        22276.26        1012.00        
  10       1               21264.26        22276.26        1012.00        
  36       1               21264.26        22276.26        1012.00        
  41       1               21264.26        22276.26        1012.00        
  42       1               21264.26        22276.26        1012.00        
  2        1               29453.40        30465.40        1012.00        
  12       1               29453.40        30465.40        1012.00        
  22       1               29453.40        30465.40        1012.00        
  27       1               29453.40        30465.40        1012.00        
  30       1               29453.40        30465.40        1012.00        
  34       1               29453.40        30465.40        1012.00        
  39       1               29453.40        30465.40        1012.00        
  40       1               29453.40        30465.40        1012.00        
  45       1               29453.40        30465.40        1012.00        
  48       1               29453.40        30465.40        1012.00        
  49       1               29453.40        30465.40        1012.00        
  1        1               31223.57        32235.57        1012.00        
  3        1               31223.57        32235.57        1012.00        
  4        1               31223.57        32235.57        1012.00        
  13       1               31223.57        32235.57        1012.00        
  19       1               31223.57        32235.57        1012.00        
  20       1               31223.57        32235.57        1012.00        
  21       1               31223.57        32235.57        1012.00        
  29       1               31223.57        32235.57        1012.00        
  31       1               31223.57        32235.57        1012.00        
  33       1               31223.57        32235.57        1012.00        
  35       1               31223.57        32235.57        1012.00        
  5        1               38621.08        39633.08        1012.00        
  11       1               38621.08        39633.08        1012.00        
  15       1               38621.08        39633.08        1012.00        
  46       1               38621.08        39633.08        1012.00        
  23       1               42424.67        43436.67        1012.00        
  26       1               42424.67        43436.67        1012.00        
  17       1               45366.97        46378.97        1012.00        
  18       1               45366.97        46378.97        1012.00        
  32       1               45366.97        46378.97        1012.00        
  43       1               45366.97        46378.97        1012.00        
  16       1               46489.31        47501.31        1012.00        
  24       1               46489.31        47501.31        1012.00        
  44       1               46489.31        47501.31        1012.00        
  47       1               46489.31        47501.31        1012.00        

  机器利用率: 84.35% (忙碌时间: 50600.00 / 总时间: 59988.97)

离散机1:
工件号      工序号             开始时间            结束时间            加工时长           
--------------------------------------------------------------------------------
  37       3               17687.69        18639.69        952.00         
  7        3               18639.69        20107.69        1468.00        
  37       5               20435.69        21483.69        1048.00        
  6        2               22276.26        23401.26        1125.00        
  41       2               23401.26        24489.26        1088.00        
  9        4               24489.26        25394.26        905.00         
  28       4               25394.26        27152.26        1758.00        
  38       8               27829.26        29319.26        1490.00        
  9        6               29387.26        30432.26        1045.00        
  48       2               30465.40        32231.40        1766.00        
  40       2               32231.40        33554.40        1323.00        
  22       2               33554.40        35353.40        1799.00        
  22       3               35353.40        36472.40        1119.00        
  33       2               36472.40        37996.40        1524.00        
  48       5               37996.40        39554.40        1558.00        
  11       2               39633.08        41049.08        1416.00        
  31       4               41049.08        42213.08        1164.00        
  48       6               42213.08        43977.08        1764.00        
  45       5               43977.08        45460.08        1483.00        
  23       2               45460.08        46368.08        908.00         
  43       2               46378.97        47550.97        1172.00        
  18       2               47550.97        48797.97        1247.00        
  18       3               48797.97        49732.97        935.00         
  11       6               49732.97        51482.97        1750.00        
  33       6               51482.97        52482.97        1000.00        
  24       3               52482.97        54220.97        1738.00        
  18       5               54220.97        55980.97        1760.00        
  48       7               55980.97        57120.97        1140.00        
  49       8               57120.97        58144.97        1024.00        
  16       6               58144.97        59593.97        1449.00        

  机器利用率: 66.54% (忙碌时间: 39918.00 / 总时间: 59988.97)

离散机2:
工件号      工序号             开始时间            结束时间            加工时长           
--------------------------------------------------------------------------------
  14       2               16418.69        17780.69        1362.00        
  0        2               17780.69        19229.69        1449.00        
  14       4               19229.69        20438.69        1209.00        
  7        4               20438.69        21754.69        1316.00        
  42       2               22276.26        23376.26        1100.00        
  38       5               23376.26        25112.26        1736.00        
  8        5               25450.26        26999.26        1549.00        
  41       3               26999.26        28444.26        1445.00        
  7        5               28444.26        29815.26        1371.00        
  34       2               30465.40        32109.40        1644.00        
  39       3               32109.40        33220.40        1111.00        
  27       3               33220.40        34762.40        1542.00        
  8        6               34762.40        36443.40        1681.00        
  39       6               36443.40        37781.40        1338.00        
  33       3               37996.40        39625.40        1629.00        
  22       4               39625.40        41336.40        1711.00        
  5        3               41336.40        43063.40        1727.00        
  34       5               43063.40        44036.40        973.00         
  40       6               44036.40        45227.40        1191.00        
  20       3               45227.40        46514.40        1287.00        
  1        5               46514.40        47425.40        911.00         
  30       5               47425.40        48947.40        1522.00        
  2        4               48947.40        50522.40        1575.00        
  46       2               50522.40        51677.40        1155.00        
  23       3               51677.40        52710.40        1033.00        
  43       5               52726.97        53766.97        1040.00        
  40       7               53766.97        55514.97        1748.00        
  9        8               55514.97        56650.97        1136.00        
  11       9               56650.97        57597.97        947.00         
  43       7               57597.97        59150.97        1553.00        

  机器利用率: 68.33% (忙碌时间: 40991.00 / 总时间: 59988.97)

离散机3:
工件号      工序号             开始时间            结束时间            加工时长           
--------------------------------------------------------------------------------
  7        2               16418.69        17489.69        1071.00        
  42       4               24780.26        26361.26        1581.00        
  42       5               26361.26        28107.26        1746.00        
  41       4               28444.26        29407.26        963.00         
  14       9               29407.26        30861.26        1454.00        
  42       8               30861.26        32188.26        1327.00        
  48       3               32231.40        33452.40        1221.00        
  40       3               33554.40        34495.40        941.00         
  39       5               34495.40        36024.40        1529.00        
  49       5               36113.40        37184.40        1071.00        
  12       4               37458.40        38664.40        1206.00        
  13       3               38664.40        39719.40        1055.00        
  49       7               39719.40        41345.40        1626.00        
  27       5               41353.40        42452.40        1099.00        
  39       7               42452.40        43425.40        973.00         
  15       5               43662.08        44636.08        974.00         
  30       4               44636.08        46340.08        1704.00        
  22       6               46340.08        47424.08        1084.00        
  12       7               47424.08        48641.08        1217.00        
  44       3               49345.97        50608.97        1263.00        
  17       3               50608.97        51796.97        1188.00        
  32       5               51796.97        52787.97        991.00         
  33       7               52787.97        53887.97        1100.00        
  31       7               53887.97        54964.97        1077.00        
  17       6               54964.97        56261.97        1297.00        
  32       8               56261.97        57902.97        1641.00        
  44       9               57902.97        58897.97        995.00         

  机器利用率: 55.67% (忙碌时间: 33394.00 / 总时间: 59988.97)

离散机4:
工件号      工序号             开始时间            结束时间            加工时长           
--------------------------------------------------------------------------------
  36       2               22276.26        23599.26        1323.00        
  37       7               23599.26        25198.26        1599.00        
  38       7               26507.26        27829.26        1322.00        
  6        5               28275.26        29340.26        1065.00        
  39       2               30465.40        31852.40        1387.00        
  7        6               31852.40        32987.40        1135.00        
  39       4               33220.40        34494.40        1274.00        
  49       4               34494.40        36113.40        1619.00        
  12       3               36113.40        37458.40        1345.00        
  34       4               37458.40        38975.40        1517.00        
  5        2               39633.08        41317.08        1684.00        
  30       3               41317.08        43027.08        1710.00        
  27       6               43027.08        44499.08        1472.00        
  15       6               44636.08        46421.08        1785.00        
  9        7               46421.08        47356.08        935.00         
  24       2               47501.31        48475.31        974.00         
  20       4               48475.31        49813.31        1338.00        
  18       4               49813.31        50850.31        1037.00        
  22       7               50850.31        52381.31        1531.00        
  30       6               52381.31        53690.31        1309.00        
  16       4               53868.97        54843.97        975.00         
  11       8               54843.97        56253.97        1410.00        
  21       2               56253.97        57264.97        1011.00        
  1        8               57310.97        58999.97        1689.00        
  1        9               58999.97        59988.97        989.00         

  机器利用率: 55.74% (忙碌时间: 33435.00 / 总时间: 59988.97)

离散机5:
工件号      工序号             开始时间            结束时间            加工时长           
--------------------------------------------------------------------------------
  28       2               16418.69        17598.69        1180.00        
  9        3               18049.69        19049.69        1000.00        
  38       4               19158.69        20897.69        1739.00        
  25       3               20897.69        22213.69        1316.00        
  8        3               23194.26        24399.26        1205.00        
  8        4               24399.26        25450.26        1051.00        
  25       4               25450.26        26971.26        1521.00        
  42       6               28107.26        29137.26        1030.00        
  37       9               29137.26        30103.26        966.00         
  45       2               30465.40        32092.40        1627.00        
  30       2               32092.40        33130.40        1038.00        
  2        3               33130.40        34658.40        1528.00        
  19       3               36333.40        37459.40        1126.00        
  1        4               37459.40        38450.40        991.00         
  13       4               39719.40        40844.40        1125.00        
  11       3               41049.08        42110.08        1061.00        
  15       4               42110.08        43662.08        1552.00        
  11       4               43662.08        44578.08        916.00         
  33       5               44578.08        46197.08        1619.00        
  26       2               46197.08        47948.08        1751.00        
  47       2               47948.08        49400.08        1452.00        
  19       5               49400.08        50308.08        908.00         
  26       3               50308.08        51424.08        1116.00        
  44       5               51774.97        52792.97        1018.00        
  32       6               52792.97        53721.97        929.00         
  32       7               53721.97        55482.97        1761.00        
  43       6               55482.97        56713.97        1231.00        
  44       8               56713.97        57637.97        924.00         
  47       3               57637.97        58663.97        1026.00        

  机器利用率: 59.52% (忙碌时间: 35707.00 / 总时间: 59988.97)

离散机6:
工件号      工序号             开始时间            结束时间            加工时长           
--------------------------------------------------------------------------------
  9        2               16418.69        18049.69        1631.00        
  38       3               18049.69        19158.69        1109.00        
  37       4               19158.69        20435.69        1277.00        
  37       6               21483.69        23046.69        1563.00        
  42       3               23376.26        24780.26        1404.00        
  6        3               24780.26        26197.26        1417.00        
  36       3               26197.26        27738.26        1541.00        
  14       8               27738.26        29283.26        1545.00        
  49       2               30465.40        31681.40        1216.00        
  12       2               31681.40        32592.40        911.00         
  48       4               33452.40        34386.40        934.00         
  40       4               34495.40        35677.40        1182.00        
  1        3               35677.40        37184.40        1507.00        
  20       2               37184.40        38844.40        1660.00        
  45       3               38844.40        40141.40        1297.00        
  27       4               40141.40        41353.40        1212.00        
  12       5               41353.40        43104.40        1751.00        
  19       4               43104.40        44575.40        1471.00        
  6        6               44575.40        45817.40        1242.00        
  32       2               46378.97        48031.97        1653.00        
  44       2               48031.97        49345.97        1314.00        
  17       2               49345.97        50409.97        1064.00        
  44       4               50608.97        51774.97        1166.00        
  43       4               51774.97        52726.97        952.00         
  16       3               52726.97        53868.97        1142.00        
  5        7               53868.97        54781.97        913.00         
  5        8               54781.97        55975.97        1194.00        
  16       5               55975.97        57747.97        1772.00        
  15       8               57747.97        59387.97        1640.00        

  机器利用率: 64.48% (忙碌时间: 38680.00 / 总时间: 59988.97)

离散机7:
工件号      工序号             开始时间            结束时间            加工时长           
--------------------------------------------------------------------------------
  37       2               16418.69        17687.69        1269.00        
  28       3               17687.69        19181.69        1494.00        
  14       5               20438.69        21378.69        940.00         
  10       2               22276.26        23771.26        1495.00        
  14       6               23771.26        24713.26        942.00         
  38       6               25112.26        26507.26        1395.00        
  6        4               26507.26        28275.26        1768.00        
  9        5               28275.26        29387.26        1112.00        
  0        4               29387.26        31059.26        1672.00        
  49       3               31681.40        33119.40        1438.00        
  34       3               33119.40        34706.40        1587.00        
  31       3               35245.40        36910.40        1665.00        
  13       2               36910.40        38558.40        1648.00        
  29       2               38558.40        39975.40        1417.00        
  15       3               40902.08        42091.08        1189.00        
  22       5               42091.08        43545.08        1454.00        
  31       5               43545.08        45008.08        1463.00        
  12       6               45008.08        46135.08        1127.00        
  15       7               46421.08        47332.08        911.00         
  16       2               47501.31        48405.31        904.00         
  32       3               48405.31        49540.31        1135.00        
  34       7               49600.40        51070.40        1470.00        
  17       4               51796.97        52876.97        1080.00        
  17       5               52876.97        53803.97        927.00         
  44       6               53803.97        54709.97        906.00         
  44       7               54709.97        56292.97        1583.00        
  1        7               56292.97        57310.97        1018.00        
  31       8               57310.97        58475.97        1165.00        
  2        5               58475.97        59720.97        1245.00        

  机器利用率: 62.38% (忙碌时间: 37419.00 / 总时间: 59988.97)

离散机8:
工件号      工序号             开始时间            结束时间            加工时长           
--------------------------------------------------------------------------------
  38       2               16418.69        17322.69        904.00         
  14       3               17780.69        19023.69        1243.00        
  25       2               19023.69        20710.69        1687.00        
  0        3               20710.69        21886.69        1176.00        
  8        2               22276.26        23194.26        918.00         
  14       7               24713.26        26222.26        1509.00        
  37       8               26222.26        27390.26        1168.00        
  25       5               27390.26        28417.26        1027.00        
  42       7               29137.26        30173.26        1036.00        
  27       2               30465.40        31457.40        992.00         
  2        2               31457.40        32482.40        1025.00        
  1        2               32482.40        33710.40        1228.00        
  31       2               33710.40        35245.40        1535.00        
  19       2               35245.40        36333.40        1088.00        
  40       5               36333.40        38034.40        1701.00        
  49       6               38034.40        39619.40        1585.00        
  15       2               39633.08        40902.08        1269.00        
  33       4               40902.08        41821.08        919.00         
  45       4               41821.08        42778.08        957.00         
  5        4               43063.40        44162.40        1099.00        
  5        5               44162.40        45321.40        1159.00        
  5        6               45321.40        46771.40        1450.00        
  11       5               46771.40        48452.40        1681.00        
  34       6               48452.40        49600.40        1148.00        
  32       4               49600.40        50530.40        930.00         
  43       3               50530.40        51591.40        1061.00        
  31       6               51591.40        52976.40        1385.00        
  11       7               52976.40        54034.40        1058.00        
  1        6               54034.40        55443.40        1409.00        
  8        7               55443.40        56582.40        1139.00        
  18       6               56582.40        58226.40        1644.00        
  5        9               58226.40        59258.40        1032.00        

  机器利用率: 65.28% (忙碌时间: 39162.00 / 总时间: 59988.97)

【打印批次详细信息】
----------------------------------------------------------------------------------------------------

打印机 1 (尺寸: 883.0 x 540.0 x 629.0):
--------------------------------------------------------------------------------
  批次 1: 零件数=11, 占用率=81.06%
    - 19: 尺寸 75.0 x 81.0 x 83.0
    - 20: 尺寸 80.0 x 100.0 x 73.0
    - 4: 尺寸 212.0 x 100.0 x 129.0
    - 3: 尺寸 201.0 x 116.0 x 84.0
    - 21: 尺寸 298.0 x 328.0 x 99.0
    - 35: 尺寸 51.0 x 93.0 x 34.0
    - 13: 尺寸 214.0 x 413.0 x 152.0
    - 33: 尺寸 88.0 x 171.0 x 84.0
    - 1: 尺寸 170.0 x 378.0 x 33.0
    - 31: 尺寸 83.0 x 176.0 x 132.0
    - 29: 尺寸 322.0 x 134.0 x 75.0
  批次 2: 零件数=2, 占用率=61.17%
    - 23: 尺寸 464.0 x 241.0 x 25.0
    - 26: 尺寸 640.0 x 281.0 x 53.0

打印机 2 (尺寸: 978.0 x 412.0 x 522.0):
--------------------------------------------------------------------------------
  批次 1: 零件数=6, 占用率=80.51%
    - 36: 尺寸 469.0 x 236.0 x 45.0
    - 6: 尺寸 357.0 x 183.0 x 23.0
    - 10: 尺寸 143.0 x 358.0 x 40.0
    - 42: 尺寸 159.0 x 151.0 x 59.0
    - 41: 尺寸 80.0 x 118.0 x 33.0
    - 8: 尺寸 384.0 x 166.0 x 30.0

打印机 3 (尺寸: 863.0 x 529.0 x 528.0):
--------------------------------------------------------------------------------
  批次 1: 零件数=8, 占用率=88.41%
    - 9: 尺寸 463.0 x 232.0 x 41.0
    - 25: 尺寸 206.0 x 139.0 x 22.0
    - 37: 尺寸 177.0 x 228.0 x 28.0
    - 28: 尺寸 213.0 x 283.0 x 55.0
    - 14: 尺寸 157.0 x 105.0 x 21.0
    - 7: 尺寸 439.0 x 239.0 x 17.0
    - 0: 尺寸 186.0 x 89.0 x 48.0
    - 38: 尺寸 315.0 x 92.0 x 42.0
  批次 2: 零件数=4, 占用率=86.66%
    - 46: 尺寸 624.0 x 311.0 x 84.0
    - 11: 尺寸 226.0 x 347.0 x 44.0
    - 5: 尺寸 484.0 x 165.0 x 65.0
    - 15: 尺寸 281.0 x 154.0 x 84.0
  批次 3: 零件数=4, 占用率=75.62%
    - 47: 尺寸 525.0 x 270.0 x 27.0
    - 24: 尺寸 202.0 x 424.0 x 22.0
    - 44: 尺寸 116.0 x 436.0 x 25.0
    - 16: 尺寸 538.0 x 125.0 x 24.0

打印机 4 (尺寸: 845.0 x 475.0 x 505.0):
--------------------------------------------------------------------------------
  批次 1: 零件数=11, 占用率=92.49%
    - 39: 尺寸 459.0 x 277.0 x 193.0
    - 2: 尺寸 342.0 x 285.0 x 147.0
    - 22: 尺寸 215.0 x 135.0 x 147.0
    - 12: 尺寸 58.0 x 135.0 x 107.0
    - 45: 尺寸 213.0 x 108.0 x 60.0
    - 48: 尺寸 156.0 x 183.0 x 139.0
    - 34: 尺寸 162.0 x 81.0 x 127.0
    - 30: 尺寸 120.0 x 105.0 x 91.0
    - 49: 尺寸 143.0 x 78.0 x 91.0
    - 27: 尺寸 153.0 x 78.0 x 173.0
    - 40: 尺寸 157.0 x 60.0 x 93.0
  批次 2: 零件数=4, 占用率=84.29%
    - 43: 尺寸 283.0 x 211.0 x 61.0
    - 32: 尺寸 426.0 x 259.0 x 103.0
    - 17: 尺寸 392.0 x 248.0 x 17.0
    - 18: 尺寸 332.0 x 214.0 x 69.0

════════════════════════════════════════════════════════════════
