════════════════════════════════════════════════════════════════
              最优Cmax解的详细调度记录
════════════════════════════════════════════════════════════════

【基本信息】
----------------------------------------------------------------------------------------------------
Cmax (最大完工时间): 49928.00
能耗: 281.87 kWh
装箱质量: 0.2046
批次总数: 3
工件数量: 20
机器数量: 10 (打印机:3, 批处理机:2, 离散机:5)

【染色体编码】
----------------------------------------------------------------------------------------------------
工序序列 (OS): [7, 3, 9, 11, 15, 6, 17, 4, 19, 0, 18, 10, 2, 8, 13, 5, 1, 16, 14, 12, 9, 13, 1, 8, 19, 2, 6, 13, 1, 6, 7, 10, 17, 11, 10, 14, 17, 17, 19, 9, 6, 3, 10, 4, 2, 19, 12, 4, 8, 5, 6, 13, 9, 17, 17, 1, 2, 8, 2, 1, 11, 0, 11, 6, 17, 9, 17, 6, 10, 18, 7, 9, 11, 5, 19, 1, 2, 0, 11, 12, 18, 7, 17, 0, 4, 10, 10, 1, 2, 13, 8, 13, 2, 6, 9, 19, 11, 1, 12, 18, 0, 7, 19, 10, 12, 11, 2]
机器选择 (MS): [3, 3, 3, 3, 3, 1, 2, 2, 1, 3, 3, 3, 3, 1, 1, 1, 3, 1, 2, 1, 1, 2, 1, 3, 3, 1, 1, 1, 2, 1, 2, 1, 1, 2, 1, 2, 1, 1, 1, 1, 1, 1, 1, 2, 1, 3, 2, 2, 1, 2, 3, 1, 2, 1, 2, 2, 1, 1, 2, 2, 1, 1, 1, 2, 1, 2, 1, 1, 1, 2, 2, 1, 2, 2, 3, 1, 1, 1, 1, 1, 2, 2, 2, 2, 1, 1, 2, 1, 2, 1, 1, 1, 1, 1, 3, 1, 1, 2, 1, 2, 1, 3, 1, 2, 1, 1, 1]

【零件加工顺序记录】
----------------------------------------------------------------------------------------------------
工件号      工序号             机器号             开始时间            结束时间            加工时长           
----------------------------------------------------------------------------------------------------

工件 0:
  0        0               打印机3            0.00            34132.00        34132.00       
  0        1               批处理机1           34132.00        35211.00        1079.00        
  0        2               离散机2            38151.00        39173.00        1022.00        
  0        3               离散机4            43098.00        44324.00        1226.00        
  0        4               离散机5            44926.78        46202.78        1276.00        
  0        5               离散机3            46823.00        47965.00        1142.00        

工件 1:
  1        0               打印机3            0.00            34132.00        34132.00       
  1        1               批处理机1           34132.00        35211.00        1079.00        
  1        2               离散机4            35211.00        36358.00        1147.00        
  1        3               离散机4            36358.00        37775.00        1417.00        
  1        4               离散机1            38830.00        40200.00        1370.00        
  1        5               离散机2            40200.00        41134.00        934.00         
  1        6               离散机3            42350.00        43288.00        938.00         
  1        7               离散机2            44661.00        45594.00        933.00         
  1        8               离散机5            48656.78        49879.78        1223.00        

工件 2:
  2        0               打印机3            0.00            34132.00        34132.00       
  2        1               批处理机1           34132.00        35211.00        1079.00        
  2        2               离散机3            35211.00        36482.00        1271.00        
  2        3               离散机1            37918.00        38830.00        912.00         
  2        4               离散机3            39974.00        41378.00        1404.00        
  2        5               离散机3            41378.00        42350.00        972.00         
  2        6               离散机5            43277.78        44926.78        1649.00        
  2        7               离散机1            45159.00        46236.00        1077.00        
  2        8               离散机4            46918.00        48667.00        1749.00        
  2        9               离散机1            48667.00        49720.00        1053.00        

工件 3:
  3        0               打印机3            0.00            34132.00        34132.00       
  3        1               批处理机1           34132.00        35211.00        1079.00        
  3        2               离散机3            37542.00        38934.00        1392.00        

工件 4:
  4        0               打印机2            0.00            13538.68        13538.68       
  4        1               批处理机1           13538.68        14617.68        1079.00        
  4        2               离散机1            16808.68        17775.68        967.00         
  4        3               离散机1            17775.68        19187.68        1412.00        
  4        4               离散机1            20165.68        21907.68        1742.00        

工件 5:
  5        0               打印机1            0.00            29179.78        29179.78       
  5        1               批处理机1           29179.78        30258.78        1079.00        
  5        2               离散机3            30258.78        31572.78        1314.00        
  5        3               离散机1            33467.78        34685.78        1218.00        

工件 6:
  6        0               打印机1            0.00            29179.78        29179.78       
  6        1               批处理机1           29179.78        30258.78        1079.00        
  6        2               离散机5            30258.78        31525.78        1267.00        
  6        3               离散机4            32028.78        33185.78        1157.00        
  6        4               离散机2            33185.78        34570.78        1385.00        
  6        5               离散机5            35666.78        36833.78        1167.00        
  6        6               离散机5            39116.78        40122.78        1006.00        
  6        7               离散机5            40122.78        41130.78        1008.00        
  6        8               离散机1            46236.00        47172.00        936.00         

工件 7:
  7        0               打印机3            0.00            34132.00        34132.00       
  7        1               批处理机1           34132.00        35211.00        1079.00        
  7        2               离散机4            37775.00        38861.00        1086.00        
  7        3               离散机5            41130.78        42194.78        1064.00        
  7        4               离散机2            42610.00        43688.00        1078.00        
  7        5               离散机4            48667.00        49928.00        1261.00        

工件 8:
  8        0               打印机1            0.00            29179.78        29179.78       
  8        1               批处理机1           29179.78        30258.78        1079.00        
  8        2               离散机2            30258.78        31548.78        1290.00        
  8        3               离散机1            31915.78        33467.78        1552.00        
  8        4               离散机4            33467.78        34753.78        1286.00        
  8        5               离散机3            44945.00        45863.00        918.00         

工件 9:
  9        0               打印机3            0.00            34132.00        34132.00       
  9        1               批处理机1           34132.00        35211.00        1079.00        
  9        2               离散机2            35211.00        36352.00        1141.00        
  9        3               离散机2            36352.00        38151.00        1799.00        
  9        4               离散机4            38861.00        39806.00        945.00         
  9        5               离散机4            39806.00        41341.00        1535.00        
  9        6               离散机1            42745.00        44032.00        1287.00        
  9        7               离散机5            47369.78        48656.78        1287.00        

工件 10:
  10       0               打印机3            0.00            34132.00        34132.00       
  10       1               批处理机1           34132.00        35211.00        1079.00        
  10       2               离散机1            35211.00        36542.00        1331.00        
  10       3               离散机1            36542.00        37918.00        1376.00        
  10       4               离散机3            38934.00        39974.00        1040.00        
  10       5               离散机2            41134.00        42610.00        1476.00        
  10       6               离散机2            43688.00        44661.00        973.00         
  10       7               离散机5            46202.78        47369.78        1167.00        
  10       8               离散机2            48873.00        49919.00        1046.00        

工件 11:
  11       0               打印机3            0.00            34132.00        34132.00       
  11       1               批处理机1           34132.00        35211.00        1079.00        
  11       2               离散机3            36482.00        37542.00        1060.00        
  11       3               离散机5            38190.78        39116.78        926.00         
  11       4               离散机1            40200.00        41425.00        1225.00        
  11       5               离散机5            42194.78        43277.78        1083.00        
  11       6               离散机1            44032.00        45159.00        1127.00        
  11       7               离散机3            45863.00        46823.00        960.00         
  11       8               离散机1            47172.00        48238.00        1066.00        

工件 12:
  12       0               打印机1            0.00            29179.78        29179.78       
  12       1               批处理机1           29179.78        30258.78        1079.00        
  12       2               离散机2            31548.78        33100.78        1552.00        
  12       3               离散机3            33100.78        34061.78        961.00         
  12       4               离散机3            34061.78        35155.78        1094.00        
  12       5               离散机2            39173.00        40139.00        966.00         

工件 13:
  13       0               打印机1            0.00            29179.78        29179.78       
  13       1               批处理机1           29179.78        30258.78        1079.00        
  13       2               离散机1            30258.78        31915.78        1657.00        
  13       3               离散机5            31915.78        33148.78        1233.00        
  13       4               离散机5            36833.78        38190.78        1357.00        
  13       5               离散机3            43288.00        44945.00        1657.00        
  13       6               离散机4            45707.00        46918.00        1211.00        

工件 14:
  14       0               打印机2            0.00            13538.68        13538.68       
  14       1               批处理机1           13538.68        14617.68        1079.00        
  14       2               离散机1            15614.68        16808.68        1194.00        

工件 15:
  15       0               打印机3            0.00            34132.00        34132.00       
  15       1               批处理机1           34132.00        35211.00        1079.00        

工件 16:
  16       0               打印机1            0.00            29179.78        29179.78       
  16       1               批处理机1           29179.78        30258.78        1079.00        

工件 17:
  17       0               打印机2            0.00            13538.68        13538.68       
  17       1               批处理机1           13538.68        14617.68        1079.00        
  17       2               离散机1            14617.68        15614.68        997.00         
  17       3               离散机3            15614.68        16540.68        926.00         
  17       4               离散机5            16540.68        17619.68        1079.00        
  17       5               离散机1            19187.68        20165.68        978.00         
  17       6               离散机5            20165.68        21256.68        1091.00        
  17       7               离散机4            21256.68        22832.68        1576.00        
  17       8               离散机2            22832.68        23824.68        992.00         
  17       9               离散机5            23824.68        25029.68        1205.00        

工件 18:
  18       0               打印机3            0.00            34132.00        34132.00       
  18       1               批处理机1           34132.00        35211.00        1079.00        
  18       2               离散机1            41425.00        42745.00        1320.00        
  18       3               离散机4            44324.00        45707.00        1383.00        
  18       4               离散机2            47210.00        48873.00        1663.00        

工件 19:
  19       0               打印机1            0.00            29179.78        29179.78       
  19       1               批处理机1           29179.78        30258.78        1079.00        
  19       2               离散机4            30258.78        32028.78        1770.00        
  19       3               离散机5            33148.78        34075.78        927.00         
  19       4               离散机5            34075.78        35666.78        1591.00        
  19       5               离散机4            41341.00        43098.00        1757.00        
  19       6               离散机2            45594.00        47210.00        1616.00        
  19       7               离散机3            47965.00        49567.00        1602.00        

【机器加工顺序记录】
----------------------------------------------------------------------------------------------------

打印机1:
工件号      工序号             开始时间            结束时间            加工时长           
--------------------------------------------------------------------------------
  5        0               0.00            29179.78        29179.78       
  6        0               0.00            29179.78        29179.78       
  8        0               0.00            29179.78        29179.78       
  12       0               0.00            29179.78        29179.78       
  13       0               0.00            29179.78        29179.78       
  16       0               0.00            29179.78        29179.78       
  19       0               0.00            29179.78        29179.78       

  机器利用率: 409.11% (忙碌时间: 204258.44 / 总时间: 49928.00)

打印机2:
工件号      工序号             开始时间            结束时间            加工时长           
--------------------------------------------------------------------------------
  4        0               0.00            13538.68        13538.68       
  14       0               0.00            13538.68        13538.68       
  17       0               0.00            13538.68        13538.68       

  机器利用率: 81.35% (忙碌时间: 40616.05 / 总时间: 49928.00)

打印机3:
工件号      工序号             开始时间            结束时间            加工时长           
--------------------------------------------------------------------------------
  0        0               0.00            34132.00        34132.00       
  1        0               0.00            34132.00        34132.00       
  2        0               0.00            34132.00        34132.00       
  3        0               0.00            34132.00        34132.00       
  7        0               0.00            34132.00        34132.00       
  9        0               0.00            34132.00        34132.00       
  10       0               0.00            34132.00        34132.00       
  11       0               0.00            34132.00        34132.00       
  15       0               0.00            34132.00        34132.00       
  18       0               0.00            34132.00        34132.00       

  机器利用率: 683.62% (忙碌时间: 341320.00 / 总时间: 49928.00)

批处理机1:
工件号      工序号             开始时间            结束时间            加工时长           
--------------------------------------------------------------------------------
  4        1               13538.68        14617.68        1079.00        
  14       1               13538.68        14617.68        1079.00        
  17       1               13538.68        14617.68        1079.00        
  5        1               29179.78        30258.78        1079.00        
  6        1               29179.78        30258.78        1079.00        
  8        1               29179.78        30258.78        1079.00        
  12       1               29179.78        30258.78        1079.00        
  13       1               29179.78        30258.78        1079.00        
  16       1               29179.78        30258.78        1079.00        
  19       1               29179.78        30258.78        1079.00        
  0        1               34132.00        35211.00        1079.00        
  1        1               34132.00        35211.00        1079.00        
  2        1               34132.00        35211.00        1079.00        
  3        1               34132.00        35211.00        1079.00        
  7        1               34132.00        35211.00        1079.00        
  9        1               34132.00        35211.00        1079.00        
  10       1               34132.00        35211.00        1079.00        
  11       1               34132.00        35211.00        1079.00        
  15       1               34132.00        35211.00        1079.00        
  18       1               34132.00        35211.00        1079.00        

  机器利用率: 43.22% (忙碌时间: 21580.00 / 总时间: 49928.00)

批处理机2:
工件号      工序号             开始时间            结束时间            加工时长           
--------------------------------------------------------------------------------

  机器利用率: 0.00% (忙碌时间: 0.00 / 总时间: 49928.00)

离散机1:
工件号      工序号             开始时间            结束时间            加工时长           
--------------------------------------------------------------------------------
  17       2               14617.68        15614.68        997.00         
  14       2               15614.68        16808.68        1194.00        
  4        2               16808.68        17775.68        967.00         
  4        3               17775.68        19187.68        1412.00        
  17       5               19187.68        20165.68        978.00         
  4        4               20165.68        21907.68        1742.00        
  13       2               30258.78        31915.78        1657.00        
  8        3               31915.78        33467.78        1552.00        
  5        3               33467.78        34685.78        1218.00        
  10       2               35211.00        36542.00        1331.00        
  10       3               36542.00        37918.00        1376.00        
  2        3               37918.00        38830.00        912.00         
  1        4               38830.00        40200.00        1370.00        
  11       4               40200.00        41425.00        1225.00        
  18       2               41425.00        42745.00        1320.00        
  9        6               42745.00        44032.00        1287.00        
  11       6               44032.00        45159.00        1127.00        
  2        7               45159.00        46236.00        1077.00        
  6        8               46236.00        47172.00        936.00         
  11       8               47172.00        48238.00        1066.00        
  2        9               48667.00        49720.00        1053.00        

  机器利用率: 51.67% (忙碌时间: 25797.00 / 总时间: 49928.00)

离散机2:
工件号      工序号             开始时间            结束时间            加工时长           
--------------------------------------------------------------------------------
  17       8               22832.68        23824.68        992.00         
  8        2               30258.78        31548.78        1290.00        
  12       2               31548.78        33100.78        1552.00        
  6        4               33185.78        34570.78        1385.00        
  9        2               35211.00        36352.00        1141.00        
  9        3               36352.00        38151.00        1799.00        
  0        2               38151.00        39173.00        1022.00        
  12       5               39173.00        40139.00        966.00         
  1        5               40200.00        41134.00        934.00         
  10       5               41134.00        42610.00        1476.00        
  7        4               42610.00        43688.00        1078.00        
  10       6               43688.00        44661.00        973.00         
  1        7               44661.00        45594.00        933.00         
  19       6               45594.00        47210.00        1616.00        
  18       4               47210.00        48873.00        1663.00        
  10       8               48873.00        49919.00        1046.00        

  机器利用率: 39.79% (忙碌时间: 19866.00 / 总时间: 49928.00)

离散机3:
工件号      工序号             开始时间            结束时间            加工时长           
--------------------------------------------------------------------------------
  17       3               15614.68        16540.68        926.00         
  5        2               30258.78        31572.78        1314.00        
  12       3               33100.78        34061.78        961.00         
  12       4               34061.78        35155.78        1094.00        
  2        2               35211.00        36482.00        1271.00        
  11       2               36482.00        37542.00        1060.00        
  3        2               37542.00        38934.00        1392.00        
  10       4               38934.00        39974.00        1040.00        
  2        4               39974.00        41378.00        1404.00        
  2        5               41378.00        42350.00        972.00         
  1        6               42350.00        43288.00        938.00         
  13       5               43288.00        44945.00        1657.00        
  8        5               44945.00        45863.00        918.00         
  11       7               45863.00        46823.00        960.00         
  0        5               46823.00        47965.00        1142.00        
  19       7               47965.00        49567.00        1602.00        

  机器利用率: 37.36% (忙碌时间: 18651.00 / 总时间: 49928.00)

离散机4:
工件号      工序号             开始时间            结束时间            加工时长           
--------------------------------------------------------------------------------
  17       7               21256.68        22832.68        1576.00        
  19       2               30258.78        32028.78        1770.00        
  6        3               32028.78        33185.78        1157.00        
  8        4               33467.78        34753.78        1286.00        
  1        2               35211.00        36358.00        1147.00        
  1        3               36358.00        37775.00        1417.00        
  7        2               37775.00        38861.00        1086.00        
  9        4               38861.00        39806.00        945.00         
  9        5               39806.00        41341.00        1535.00        
  19       5               41341.00        43098.00        1757.00        
  0        3               43098.00        44324.00        1226.00        
  18       3               44324.00        45707.00        1383.00        
  13       6               45707.00        46918.00        1211.00        
  2        8               46918.00        48667.00        1749.00        
  7        5               48667.00        49928.00        1261.00        

  机器利用率: 41.07% (忙碌时间: 20506.00 / 总时间: 49928.00)

离散机5:
工件号      工序号             开始时间            结束时间            加工时长           
--------------------------------------------------------------------------------
  17       4               16540.68        17619.68        1079.00        
  17       6               20165.68        21256.68        1091.00        
  17       9               23824.68        25029.68        1205.00        
  6        2               30258.78        31525.78        1267.00        
  13       3               31915.78        33148.78        1233.00        
  19       3               33148.78        34075.78        927.00         
  19       4               34075.78        35666.78        1591.00        
  6        5               35666.78        36833.78        1167.00        
  13       4               36833.78        38190.78        1357.00        
  11       3               38190.78        39116.78        926.00         
  6        6               39116.78        40122.78        1006.00        
  6        7               40122.78        41130.78        1008.00        
  7        3               41130.78        42194.78        1064.00        
  11       5               42194.78        43277.78        1083.00        
  2        6               43277.78        44926.78        1649.00        
  0        4               44926.78        46202.78        1276.00        
  10       7               46202.78        47369.78        1167.00        
  9        7               47369.78        48656.78        1287.00        
  1        8               48656.78        49879.78        1223.00        

  机器利用率: 45.28% (忙碌时间: 22606.00 / 总时间: 49928.00)

【打印批次详细信息】
----------------------------------------------------------------------------------------------------

打印机 1 (尺寸: 1194.0 x 531.0 x 505.0):
--------------------------------------------------------------------------------
  批次 1: 零件数=7, 占用率=45.20%
    - 6: 尺寸 112.0 x 104.0 x 47.0
    - 19: 尺寸 309.0 x 186.0 x 74.0
    - 8: 尺寸 198.0 x 215.0 x 64.0
    - 5: 尺寸 561.0 x 201.0 x 64.0
    - 13: 尺寸 75.0 x 214.0 x 74.0
    - 16: 尺寸 205.0 x 97.0 x 23.0
    - 12: 尺寸 206.0 x 127.0 x 73.0

打印机 2 (尺寸: 1191.0 x 505.0 x 607.0):
--------------------------------------------------------------------------------
  批次 1: 零件数=3, 占用率=20.46%
    - 17: 尺寸 72.0 x 63.0 x 16.0
    - 4: 尺寸 139.0 x 90.0 x 29.0
    - 14: 尺寸 451.0 x 235.0 x 16.0

打印机 3 (尺寸: 1145.0 x 521.0 x 525.0):
--------------------------------------------------------------------------------
  批次 1: 零件数=10, 占用率=57.08%
    - 7: 尺寸 184.0 x 129.0 x 151.0
    - 3: 尺寸 202.0 x 163.0 x 93.0
    - 9: 尺寸 219.0 x 148.0 x 192.0
    - 11: 尺寸 324.0 x 168.0 x 142.0
    - 10: 尺寸 213.0 x 331.0 x 121.0
    - 18: 尺寸 181.0 x 332.0 x 136.0
    - 15: 尺寸 159.0 x 70.0 x 101.0
    - 2: 尺寸 58.0 x 95.0 x 97.0
    - 0: 尺寸 152.0 x 261.0 x 88.0
    - 1: 尺寸 151.0 x 67.0 x 73.0

════════════════════════════════════════════════════════════════
