════════════════════════════════════════════════════════════════
              最优Cmax解的详细调度记录
════════════════════════════════════════════════════════════════

【基本信息】
----------------------------------------------------------------------------------------------------
Cmax (最大完工时间): 57967.53
能耗: 580.47 kWh
装箱质量: 0.6575
批次总数: 6
工件数量: 50
机器数量: 14 (打印机:4, 批处理机:2, 离散机:8)

【染色体编码】
----------------------------------------------------------------------------------------------------
工序序列 (OS): [27, 47, 23, 14, 28, 42, 22, 3, 45, 49, 48, 44, 46, 11, 29, 37, 9, 26, 4, 0, 36, 1, 2, 20, 32, 30, 25, 13, 38, 19, 17, 18, 6, 35, 8, 5, 12, 10, 41, 39, 34, 21, 7, 40, 15, 33, 43, 24, 16, 31, 35, 46, 30, 14, 6, 44, 16, 16, 23, 6, 44, 41, 23, 49, 36, 6, 11, 42, 22, 13, 9, 42, 43, 2, 43, 40, 38, 9, 45, 43, 18, 27, 22, 40, 9, 14, 9, 48, 22, 9, 11, 11, 20, 44, 47, 36, 44, 1, 11, 39, 46, 45, 23, 25, 48, 20, 7, 9, 42, 48, 10, 19, 2, 42, 13, 26, 25, 15, 1, 14, 30, 22, 48, 45, 1, 6, 34, 30, 6, 16, 43, 34, 49, 47, 11, 7, 23, 44, 7, 46, 20, 40, 13, 46, 14, 16, 11, 42, 35, 13, 38, 47, 7, 12, 27, 42, 36, 45, 27, 2, 49, 44, 23, 2, 38, 43, 43, 27, 1, 7, 45, 18, 18, 11, 20, 2, 14, 42, 2, 22, 36, 0, 30, 46, 5, 23, 39, 48, 14, 19, 38, 23, 47, 49, 36, 48, 34, 47, 1, 36, 6, 15, 25, 45, 49, 39, 11, 28, 36, 15, 46, 17, 9, 30, 2, 43, 44, 38, 33, 16, 34, 26, 30, 44, 40, 26, 32, 20, 27, 42, 7, 15, 1, 41]
机器选择 (MS): [4, 4, 4, 4, 4, 4, 4, 1, 4, 3, 3, 2, 1, 4, 1, 1, 4, 2, 1, 2, 4, 3, 4, 1, 2, 1, 3, 4, 4, 4, 1, 4, 4, 3, 4, 4, 2, 2, 4, 3, 4, 4, 3, 2, 4, 4, 4, 2, 1, 3, 2, 1, 1, 1, 1, 3, 1, 1, 3, 1, 1, 2, 1, 1, 2, 2, 1, 1, 1, 1, 1, 1, 1, 1, 3, 2, 1, 2, 2, 1, 1, 1, 1, 1, 1, 1, 1, 3, 2, 1, 2, 1, 2, 2, 2, 1, 1, 2, 1, 3, 1, 1, 1, 3, 1, 1, 2, 3, 1, 2, 2, 3, 1, 3, 2, 1, 3, 2, 2, 3, 3, 1, 2, 3, 3, 1, 2, 2, 1, 3, 3, 1, 1, 2, 2, 1, 1, 1, 2, 2, 1, 1, 3, 3, 1, 1, 1, 1, 1, 1, 3, 1, 1, 3, 2, 2, 2, 2, 2, 3, 1, 1, 1, 3, 2, 2, 2, 1, 1, 1, 1, 1, 1, 3, 1, 3, 1, 2, 1, 1, 1, 1, 1, 2, 1, 1, 1, 1, 1, 3, 1, 2, 1, 1, 1, 2, 1, 1, 1, 1, 1, 1, 2, 2, 2, 1, 1, 1, 1, 3, 3, 1, 2, 3, 3, 1, 1, 1, 1, 1, 2, 2, 1, 1, 1, 1, 1, 1, 2, 2, 1, 1, 1, 1]

【零件加工顺序记录】
----------------------------------------------------------------------------------------------------
工件号      工序号             机器号             开始时间            结束时间            加工时长           
----------------------------------------------------------------------------------------------------

工件 0:
  0        0               打印机2            0.00            32556.15        32556.15       
  0        1               批处理机2           32556.15        33391.15        835.00         
  0        2               离散机4            33391.15        34455.15        1064.00        

工件 1:
  1        0               打印机3            0.00            44289.03        44289.03       
  1        1               批处理机2           44289.03        45124.03        835.00         
  1        2               离散机5            45124.03        46628.03        1504.00        
  1        3               离散机2            48404.03        49882.03        1478.00        
  1        4               离散机3            49899.53        51669.53        1770.00        
  1        5               离散机8            52862.53        54448.53        1586.00        
  1        6               离散机7            54852.53        55906.53        1054.00        
  1        7               离散机1            56923.53        57857.53        934.00         

工件 2:
  2        0               打印机4            0.00            21036.76        21036.76       
  2        1               批处理机2           21036.76        21871.76        835.00         
  2        2               离散机4            21871.76        22868.76        997.00         
  2        3               离散机7            23268.76        24400.76        1132.00        
  2        4               离散机2            25027.76        26329.76        1302.00        
  2        5               离散机7            30578.76        32003.76        1425.00        
  2        6               离散机7            32003.76        33145.76        1142.00        
  2        7               离散机1            33145.76        34592.76        1447.00        
  2        8               离散机3            37258.15        38433.15        1175.00        

工件 3:
  3        0               打印机1            0.00            47364.53        47364.53       
  3        1               批处理机2           47364.53        48199.53        835.00         

工件 4:
  4        0               打印机1            0.00            47364.53        47364.53       
  4        1               批处理机2           47364.53        48199.53        835.00         

工件 5:
  5        0               打印机4            35573.52        43386.14        7812.62        
  5        1               批处理机2           43386.14        44221.14        835.00         
  5        2               离散机8            47795.03        48735.03        940.00         

工件 6:
  6        0               打印机4            0.00            21036.76        21036.76       
  6        1               批处理机2           21036.76        21871.76        835.00         
  6        2               离散机5            21871.76        23082.76        1211.00        
  6        3               离散机3            23223.76        24961.76        1738.00        
  6        4               离散机7            24961.76        26066.76        1105.00        
  6        5               离散机4            26066.76        27433.76        1367.00        
  6        6               离散机2            27433.76        29164.76        1731.00        
  6        7               离散机5            33488.76        34550.76        1062.00        

工件 7:
  7        0               打印机3            0.00            44289.03        44289.03       
  7        1               批处理机2           44289.03        45124.03        835.00         
  7        2               离散机6            47139.03        48240.03        1101.00        
  7        3               离散机1            49977.53        51340.53        1363.00        
  7        4               离散机2            51340.53        52788.53        1448.00        
  7        5               离散机7            52788.53        53787.53        999.00         
  7        6               离散机7            53787.53        54852.53        1065.00        
  7        7               离散机5            56565.53        57734.53        1169.00        

工件 8:
  8        0               打印机4            35573.52        43386.14        7812.62        
  8        1               批处理机2           43386.14        44221.14        835.00         

工件 9:
  9        0               打印机4            0.00            21036.76        21036.76       
  9        1               批处理机2           21036.76        21871.76        835.00         
  9        2               离散机5            23082.76        24818.76        1736.00        
  9        3               离散机5            24818.76        25916.76        1098.00        
  9        4               离散机3            27326.76        28457.76        1131.00        
  9        5               离散机1            29263.76        30738.76        1475.00        
  9        6               离散机5            30738.76        32147.76        1409.00        
  9        7               离散机8            34409.15        36207.15        1798.00        
  9        8               离散机2            41156.52        42079.52        923.00         

工件 10:
  10       0               打印机2            0.00            32556.15        32556.15       
  10       1               批处理机2           32556.15        33391.15        835.00         
  10       2               离散机7            33391.15        34712.15        1321.00        

工件 11:
  11       0               打印机4            21036.76        35573.52        14536.76       
  11       1               批处理机2           35573.52        36408.52        835.00         
  11       2               离散机8            36408.52        37846.52        1438.00        
  11       3               离散机8            37846.52        39300.52        1454.00        
  11       4               离散机3            39300.52        41006.52        1706.00        
  11       5               离散机4            41006.52        42305.52        1299.00        
  11       6               离散机2            42305.52        43948.52        1643.00        
  11       7               离散机6            43948.52        44899.52        951.00         
  11       8               离散机3            44899.52        46584.52        1685.00        
  11       9               离散机3            53744.53        55289.53        1545.00        

工件 12:
  12       0               打印机2            0.00            32556.15        32556.15       
  12       1               批处理机2           32556.15        33391.15        835.00         
  12       2               离散机8            39300.52        40230.52        930.00         

工件 13:
  13       0               打印机4            35573.52        43386.14        7812.62        
  13       1               批处理机2           43386.14        44221.14        835.00         
  13       2               离散机6            46053.03        47139.03        1086.00        
  13       3               离散机2            47139.03        48404.03        1265.00        
  13       4               离散机4            52653.53        54044.53        1391.00        
  13       5               离散机4            54044.53        55509.53        1465.00        

工件 14:
  14       0               打印机4            0.00            21036.76        21036.76       
  14       1               批处理机2           21036.76        21871.76        835.00         
  14       2               离散机3            21871.76        23223.76        1352.00        
  14       3               离散机8            23223.76        24349.76        1126.00        
  14       4               离散机1            24422.76        25987.76        1565.00        
  14       5               离散机7            28268.76        29460.76        1192.00        
  14       6               离散机1            31968.76        32879.76        911.00         
  14       7               离散机7            34712.15        35894.15        1182.00        

工件 15:
  15       0               打印机4            21036.76        35573.52        14536.76       
  15       1               批处理机2           35573.52        36408.52        835.00         
  15       2               离散机1            38849.15        40346.15        1497.00        
  15       3               离散机6            40929.52        42576.52        1647.00        
  15       4               离散机7            43872.52        45552.52        1680.00        
  15       5               离散机8            49980.03        51296.03        1316.00        

工件 16:
  16       0               打印机1            0.00            47364.53        47364.53       
  16       1               批处理机2           47364.53        48199.53        835.00         
  16       2               离散机7            48199.53        49152.53        953.00         
  16       3               离散机4            49152.53        50367.53        1215.00        
  16       4               离散机5            50367.53        51933.53        1566.00        
  16       5               离散机6            53844.53        55015.53        1171.00        
  16       6               离散机3            56222.53        57427.53        1205.00        

工件 17:
  17       0               打印机1            0.00            47364.53        47364.53       
  17       1               批处理机2           47364.53        48199.53        835.00         
  17       2               离散机6            55015.53        56114.53        1099.00        

工件 18:
  18       0               打印机4            21036.76        35573.52        14536.76       
  18       1               批处理机2           35573.52        36408.52        835.00         
  18       2               离散机6            37413.52        38515.52        1102.00        
  18       3               离散机2            43948.52        45718.52        1770.00        
  18       4               离散机8            46268.03        47795.03        1527.00        

工件 19:
  19       0               打印机4            21036.76        35573.52        14536.76       
  19       1               批处理机2           35573.52        36408.52        835.00         
  19       2               离散机5            38326.52        39666.52        1340.00        
  19       3               离散机3            41006.52        42032.52        1026.00        

工件 20:
  20       0               打印机1            0.00            47364.53        47364.53       
  20       1               批处理机2           47364.53        48199.53        835.00         
  20       2               离散机7            49152.53        50377.53        1225.00        
  20       3               离散机4            50377.53        51644.53        1267.00        
  20       4               离散机3            51669.53        52826.53        1157.00        
  20       5               离散机5            54487.53        55429.53        942.00         
  20       6               离散机8            55429.53        56740.53        1311.00        

工件 21:
  21       0               打印机4            35573.52        43386.14        7812.62        
  21       1               批处理机2           43386.14        44221.14        835.00         

工件 22:
  22       0               打印机4            0.00            21036.76        21036.76       
  22       1               批处理机2           21036.76        21871.76        835.00         
  22       2               离散机6            21871.76        23309.76        1438.00        
  22       3               离散机1            23436.76        24422.76        986.00         
  22       4               离散机6            24422.76        25643.76        1221.00        
  22       5               离散机6            27134.76        28134.76        1000.00        
  22       6               离散机6            34808.15        36386.15        1578.00        

工件 23:
  23       0               打印机4            0.00            21036.76        21036.76       
  23       1               批处理机2           21036.76        21871.76        835.00         
  23       2               离散机8            21871.76        22873.76        1002.00        
  23       3               离散机3            24961.76        26190.76        1229.00        
  23       4               离散机6            26190.76        27134.76        944.00         
  23       5               离散机6            28134.76        29682.76        1548.00        
  23       6               离散机3            29682.76        30592.76        910.00         
  23       7               离散机8            30592.76        32119.76        1527.00        
  23       8               离散机6            39695.52        40929.52        1234.00        

工件 24:
  24       0               打印机2            0.00            32556.15        32556.15       
  24       1               批处理机2           32556.15        33391.15        835.00         

工件 25:
  25       0               打印机3            0.00            44289.03        44289.03       
  25       1               批处理机2           44289.03        45124.03        835.00         
  25       2               离散机8            45124.03        46268.03        1144.00        
  25       3               离散机4            46714.14        48199.14        1485.00        
  25       4               离散机6            51106.53        52618.53        1512.00        

工件 26:
  26       0               打印机2            0.00            32556.15        32556.15       
  26       1               批处理机2           32556.15        33391.15        835.00         
  26       2               离散机6            33391.15        34808.15        1417.00        
  26       3               离散机1            34808.15        36602.15        1794.00        
  26       4               离散机5            49264.03        50251.03        987.00         

工件 27:
  27       0               打印机4            0.00            21036.76        21036.76       
  27       1               批处理机2           21036.76        21871.76        835.00         
  27       2               离散机7            21871.76        23268.76        1397.00        
  27       3               离散机7            29460.76        30578.76        1118.00        
  27       4               离散机2            30578.76        32185.76        1607.00        
  27       5               离散机5            32185.76        33488.76        1303.00        
  27       6               离散机1            42071.52        43115.52        1044.00        

工件 28:
  28       0               打印机4            21036.76        35573.52        14536.76       
  28       1               批处理机2           35573.52        36408.52        835.00         
  28       2               离散机7            42813.52        43872.52        1059.00        

工件 29:
  29       0               打印机1            0.00            47364.53        47364.53       
  29       1               批处理机2           47364.53        48199.53        835.00         

工件 30:
  30       0               打印机1            0.00            47364.53        47364.53       
  30       1               批处理机2           47364.53        48199.53        835.00         
  30       2               离散机1            48199.53        49977.53        1778.00        
  30       3               离散机6            49977.53        51106.53        1129.00        
  30       4               离散机7            51477.53        52637.53        1160.00        
  30       5               离散机1            52637.53        54437.53        1800.00        
  30       6               离散机3            55289.53        56222.53        933.00         
  30       7               离散机6            56222.53        57967.53        1745.00        

工件 31:
  31       0               打印机3            0.00            44289.03        44289.03       
  31       1               批处理机2           44289.03        45124.03        835.00         

工件 32:
  32       0               打印机2            0.00            32556.15        32556.15       
  32       1               批处理机2           32556.15        33391.15        835.00         
  32       2               离散机6            42576.52        43649.52        1073.00        

工件 33:
  33       0               打印机4            35573.52        43386.14        7812.62        
  33       1               批处理机2           43386.14        44221.14        835.00         
  33       2               离散机5            47725.03        49264.03        1539.00        

工件 34:
  34       0               打印机4            0.00            21036.76        21036.76       
  34       1               批处理机2           21036.76        21871.76        835.00         
  34       2               离散机7            26066.76        27154.76        1088.00        
  34       3               离散机8            27154.76        28649.76        1495.00        
  34       4               离散机6            32205.76        33243.76        1038.00        
  34       5               离散机8            43153.52        44332.52        1179.00        

工件 35:
  35       0               打印机3            0.00            44289.03        44289.03       
  35       1               批处理机2           44289.03        45124.03        835.00         
  35       2               离散机1            45124.03        46552.03        1428.00        
  35       3               离散机5            46628.03        47725.03        1097.00        

工件 36:
  36       0               打印机4            21036.76        35573.52        14536.76       
  36       1               批处理机2           35573.52        36408.52        835.00         
  36       2               离散机6            36408.52        37413.52        1005.00        
  36       3               离散机5            37413.52        38326.52        913.00         
  36       4               离散机6            38515.52        39695.52        1180.00        
  36       5               离散机7            40604.52        41813.52        1209.00        
  36       6               离散机5            42240.52        43181.52        941.00         
  36       7               离散机1            51340.53        52322.53        982.00         
  36       8               离散机2            52788.53        53802.53        1014.00        

工件 37:
  37       0               打印机1            0.00            47364.53        47364.53       
  37       1               批处理机2           47364.53        48199.53        835.00         

工件 38:
  38       0               打印机4            21036.76        35573.52        14536.76       
  38       1               批处理机2           35573.52        36408.52        835.00         
  38       2               离散机7            37809.52        39074.52        1265.00        
  38       3               离散机2            39074.52        40133.52        1059.00        
  38       4               离散机2            40133.52        41156.52        1023.00        
  38       5               离散机3            43197.52        44677.52        1480.00        
  38       6               离散机7            45552.52        46580.52        1028.00        

工件 39:
  39       0               打印机3            0.00            44289.03        44289.03       
  39       1               批处理机2           44289.03        45124.03        835.00         
  39       2               离散机1            46552.03        47919.03        1367.00        
  39       3               离散机8            48735.03        49980.03        1245.00        
  39       4               离散机1            55393.53        56923.53        1530.00        

工件 40:
  40       0               打印机2            0.00            32556.15        32556.15       
  40       1               批处理机2           32556.15        33391.15        835.00         
  40       2               离散机3            33391.15        34538.15        1147.00        
  40       3               离散机3            34538.15        35635.15        1097.00        
  40       4               离散机2            37058.15        38641.15        1583.00        
  40       5               离散机4            38850.52        40139.52        1289.00        

工件 41:
  41       0               打印机4            35573.52        43386.14        7812.62        
  41       1               批处理机2           43386.14        44221.14        835.00         
  41       2               离散机4            44221.14        45743.14        1522.00        
  41       3               离散机7            46580.52        48179.52        1599.00        

工件 42:
  42       0               打印机4            21036.76        35573.52        14536.76       
  42       1               批处理机2           35573.52        36408.52        835.00         
  42       2               离散机7            36408.52        37809.52        1401.00        
  42       3               离散机4            37809.52        38850.52        1041.00        
  42       4               离散机7            39074.52        40604.52        1530.00        
  42       5               离散机1            40604.52        42071.52        1467.00        
  42       6               离散机3            42071.52        43197.52        1126.00        
  42       7               离散机1            43197.52        44947.52        1750.00        
  42       8               离散机6            48240.03        49866.03        1626.00        
  42       9               离散机5            55429.53        56565.53        1136.00        

工件 43:
  43       0               打印机4            0.00            21036.76        21036.76       
  43       1               批处理机2           21036.76        21871.76        835.00         
  43       2               离散机3            26190.76        27326.76        1136.00        
  43       3               离散机7            27326.76        28268.76        942.00         
  43       4               离散机1            28268.76        29263.76        995.00         
  43       5               离散机5            29263.76        30582.76        1319.00        
  43       6               离散机3            30592.76        31581.76        989.00         
  43       7               离散机3            31581.76        33119.76        1538.00        
  43       8               离散机8            41690.52        43153.52        1463.00        

工件 44:
  44       0               打印机2            0.00            32556.15        32556.15       
  44       1               批处理机2           32556.15        33391.15        835.00         
  44       2               离散机8            33391.15        34409.15        1018.00        
  44       3               离散机2            34409.15        35845.15        1436.00        
  44       4               离散机2            35845.15        37058.15        1213.00        
  44       5               离散机1            37058.15        38849.15        1791.00        
  44       6               离散机5            39666.52        40681.52        1015.00        
  44       7               离散机5            40681.52        42240.52        1559.00        
  44       8               离散机5            43181.52        44449.52        1268.00        
  44       9               离散机2            45718.52        46685.52        967.00         

工件 45:
  45       0               打印机4            0.00            21036.76        21036.76       
  45       1               批处理机2           21036.76        21871.76        835.00         
  45       2               离散机1            21871.76        23436.76        1565.00        
  45       3               离散机2            23436.76        25027.76        1591.00        
  45       4               离散机1            25987.76        27426.76        1439.00        
  45       5               离散机6            29682.76        31106.76        1424.00        
  45       6               离散机6            31106.76        32205.76        1099.00        
  45       7               离散机2            32205.76        33350.76        1145.00        

工件 46:
  46       0               打印机1            0.00            47364.53        47364.53       
  46       1               批处理机2           47364.53        48199.53        835.00         
  46       2               离散机3            48199.53        49899.53        1700.00        
  46       3               离散机7            50377.53        51477.53        1100.00        
  46       4               离散机8            51477.53        52862.53        1385.00        
  46       5               离散机5            52862.53        54487.53        1625.00        
  46       6               离散机2            54487.53        56065.53        1578.00        
  46       7               离散机4            56434.53        57775.53        1341.00        

工件 47:
  47       0               打印机4            0.00            21036.76        21036.76       
  47       1               批处理机2           21036.76        21871.76        835.00         
  47       2               离散机6            23309.76        24352.76        1043.00        
  47       3               离散机1            30738.76        31968.76        1230.00        
  47       4               离散机3            35635.15        37258.15        1623.00        
  47       5               离散机8            40230.52        41690.52        1460.00        
  47       6               离散机7            41813.52        42813.52        1000.00        

工件 48:
  48       0               打印机3            0.00            44289.03        44289.03       
  48       1               批处理机2           44289.03        45124.03        835.00         
  48       2               离散机4            45743.14        46714.14        971.00         
  48       3               离散机3            46714.14        48198.14        1484.00        
  48       4               离散机4            51644.53        52653.53        1009.00        
  48       5               离散机6            52653.53        53844.53        1191.00        
  48       6               离散机1            54437.53        55393.53        956.00         
  48       7               离散机2            56065.53        57128.53        1063.00        

工件 49:
  49       0               打印机3            0.00            44289.03        44289.03       
  49       1               批处理机2           44289.03        45124.03        835.00         
  49       2               离散机6            45124.03        46053.03        929.00         
  49       3               离散机2            49882.03        51239.03        1357.00        
  49       4               离散机3            52826.53        53744.53        918.00         
  49       5               离散机8            54448.53        55407.53        959.00         
  49       6               离散机4            55509.53        56434.53        925.00         

【机器加工顺序记录】
----------------------------------------------------------------------------------------------------

打印机1:
工件号      工序号             开始时间            结束时间            加工时长           
--------------------------------------------------------------------------------
  3        0               0.00            47364.53        47364.53       
  4        0               0.00            47364.53        47364.53       
  16       0               0.00            47364.53        47364.53       
  17       0               0.00            47364.53        47364.53       
  20       0               0.00            47364.53        47364.53       
  29       0               0.00            47364.53        47364.53       
  30       0               0.00            47364.53        47364.53       
  37       0               0.00            47364.53        47364.53       
  46       0               0.00            47364.53        47364.53       

  机器利用率: 735.38% (忙碌时间: 426280.76 / 总时间: 57967.53)

打印机2:
工件号      工序号             开始时间            结束时间            加工时长           
--------------------------------------------------------------------------------
  0        0               0.00            32556.15        32556.15       
  10       0               0.00            32556.15        32556.15       
  12       0               0.00            32556.15        32556.15       
  24       0               0.00            32556.15        32556.15       
  26       0               0.00            32556.15        32556.15       
  32       0               0.00            32556.15        32556.15       
  40       0               0.00            32556.15        32556.15       
  44       0               0.00            32556.15        32556.15       

  机器利用率: 449.30% (忙碌时间: 260449.19 / 总时间: 57967.53)

打印机3:
工件号      工序号             开始时间            结束时间            加工时长           
--------------------------------------------------------------------------------
  1        0               0.00            44289.03        44289.03       
  7        0               0.00            44289.03        44289.03       
  25       0               0.00            44289.03        44289.03       
  31       0               0.00            44289.03        44289.03       
  35       0               0.00            44289.03        44289.03       
  39       0               0.00            44289.03        44289.03       
  48       0               0.00            44289.03        44289.03       
  49       0               0.00            44289.03        44289.03       

  机器利用率: 611.23% (忙碌时间: 354312.22 / 总时间: 57967.53)

打印机4:
工件号      工序号             开始时间            结束时间            加工时长           
--------------------------------------------------------------------------------
  2        0               0.00            21036.76        21036.76       
  6        0               0.00            21036.76        21036.76       
  9        0               0.00            21036.76        21036.76       
  14       0               0.00            21036.76        21036.76       
  22       0               0.00            21036.76        21036.76       
  23       0               0.00            21036.76        21036.76       
  27       0               0.00            21036.76        21036.76       
  34       0               0.00            21036.76        21036.76       
  43       0               0.00            21036.76        21036.76       
  45       0               0.00            21036.76        21036.76       
  47       0               0.00            21036.76        21036.76       
  11       0               21036.76        35573.52        14536.76       
  15       0               21036.76        35573.52        14536.76       
  18       0               21036.76        35573.52        14536.76       
  19       0               21036.76        35573.52        14536.76       
  28       0               21036.76        35573.52        14536.76       
  36       0               21036.76        35573.52        14536.76       
  38       0               21036.76        35573.52        14536.76       
  42       0               21036.76        35573.52        14536.76       
  5        0               35573.52        43386.14        7812.62        
  8        0               35573.52        43386.14        7812.62        
  13       0               35573.52        43386.14        7812.62        
  21       0               35573.52        43386.14        7812.62        
  33       0               35573.52        43386.14        7812.62        
  41       0               35573.52        43386.14        7812.62        

  机器利用率: 680.68% (忙碌时间: 394574.14 / 总时间: 57967.53)

批处理机1:
工件号      工序号             开始时间            结束时间            加工时长           
--------------------------------------------------------------------------------

  机器利用率: 0.00% (忙碌时间: 0.00 / 总时间: 57967.53)

批处理机2:
工件号      工序号             开始时间            结束时间            加工时长           
--------------------------------------------------------------------------------
  2        1               21036.76        21871.76        835.00         
  6        1               21036.76        21871.76        835.00         
  9        1               21036.76        21871.76        835.00         
  14       1               21036.76        21871.76        835.00         
  22       1               21036.76        21871.76        835.00         
  23       1               21036.76        21871.76        835.00         
  27       1               21036.76        21871.76        835.00         
  34       1               21036.76        21871.76        835.00         
  43       1               21036.76        21871.76        835.00         
  45       1               21036.76        21871.76        835.00         
  47       1               21036.76        21871.76        835.00         
  0        1               32556.15        33391.15        835.00         
  10       1               32556.15        33391.15        835.00         
  12       1               32556.15        33391.15        835.00         
  24       1               32556.15        33391.15        835.00         
  26       1               32556.15        33391.15        835.00         
  32       1               32556.15        33391.15        835.00         
  40       1               32556.15        33391.15        835.00         
  44       1               32556.15        33391.15        835.00         
  11       1               35573.52        36408.52        835.00         
  15       1               35573.52        36408.52        835.00         
  18       1               35573.52        36408.52        835.00         
  19       1               35573.52        36408.52        835.00         
  28       1               35573.52        36408.52        835.00         
  36       1               35573.52        36408.52        835.00         
  38       1               35573.52        36408.52        835.00         
  42       1               35573.52        36408.52        835.00         
  5        1               43386.14        44221.14        835.00         
  8        1               43386.14        44221.14        835.00         
  13       1               43386.14        44221.14        835.00         
  21       1               43386.14        44221.14        835.00         
  33       1               43386.14        44221.14        835.00         
  41       1               43386.14        44221.14        835.00         
  1        1               44289.03        45124.03        835.00         
  7        1               44289.03        45124.03        835.00         
  25       1               44289.03        45124.03        835.00         
  31       1               44289.03        45124.03        835.00         
  35       1               44289.03        45124.03        835.00         
  39       1               44289.03        45124.03        835.00         
  48       1               44289.03        45124.03        835.00         
  49       1               44289.03        45124.03        835.00         
  3        1               47364.53        48199.53        835.00         
  4        1               47364.53        48199.53        835.00         
  16       1               47364.53        48199.53        835.00         
  17       1               47364.53        48199.53        835.00         
  20       1               47364.53        48199.53        835.00         
  29       1               47364.53        48199.53        835.00         
  30       1               47364.53        48199.53        835.00         
  37       1               47364.53        48199.53        835.00         
  46       1               47364.53        48199.53        835.00         

  机器利用率: 72.02% (忙碌时间: 41750.00 / 总时间: 57967.53)

离散机1:
工件号      工序号             开始时间            结束时间            加工时长           
--------------------------------------------------------------------------------
  45       2               21871.76        23436.76        1565.00        
  22       3               23436.76        24422.76        986.00         
  14       4               24422.76        25987.76        1565.00        
  45       4               25987.76        27426.76        1439.00        
  43       4               28268.76        29263.76        995.00         
  9        5               29263.76        30738.76        1475.00        
  47       3               30738.76        31968.76        1230.00        
  14       6               31968.76        32879.76        911.00         
  2        7               33145.76        34592.76        1447.00        
  26       3               34808.15        36602.15        1794.00        
  44       5               37058.15        38849.15        1791.00        
  15       2               38849.15        40346.15        1497.00        
  42       5               40604.52        42071.52        1467.00        
  27       6               42071.52        43115.52        1044.00        
  42       7               43197.52        44947.52        1750.00        
  35       2               45124.03        46552.03        1428.00        
  39       2               46552.03        47919.03        1367.00        
  30       2               48199.53        49977.53        1778.00        
  7        3               49977.53        51340.53        1363.00        
  36       7               51340.53        52322.53        982.00         
  30       5               52637.53        54437.53        1800.00        
  48       6               54437.53        55393.53        956.00         
  39       4               55393.53        56923.53        1530.00        
  1        7               56923.53        57857.53        934.00         

  机器利用率: 57.09% (忙碌时间: 33094.00 / 总时间: 57967.53)

离散机2:
工件号      工序号             开始时间            结束时间            加工时长           
--------------------------------------------------------------------------------
  45       3               23436.76        25027.76        1591.00        
  2        4               25027.76        26329.76        1302.00        
  6        6               27433.76        29164.76        1731.00        
  27       4               30578.76        32185.76        1607.00        
  45       7               32205.76        33350.76        1145.00        
  44       3               34409.15        35845.15        1436.00        
  44       4               35845.15        37058.15        1213.00        
  40       4               37058.15        38641.15        1583.00        
  38       3               39074.52        40133.52        1059.00        
  38       4               40133.52        41156.52        1023.00        
  9        8               41156.52        42079.52        923.00         
  11       6               42305.52        43948.52        1643.00        
  18       3               43948.52        45718.52        1770.00        
  44       9               45718.52        46685.52        967.00         
  13       3               47139.03        48404.03        1265.00        
  1        3               48404.03        49882.03        1478.00        
  49       3               49882.03        51239.03        1357.00        
  7        4               51340.53        52788.53        1448.00        
  36       8               52788.53        53802.53        1014.00        
  46       6               54487.53        56065.53        1578.00        
  48       7               56065.53        57128.53        1063.00        

  机器利用率: 48.64% (忙碌时间: 28196.00 / 总时间: 57967.53)

离散机3:
工件号      工序号             开始时间            结束时间            加工时长           
--------------------------------------------------------------------------------
  14       2               21871.76        23223.76        1352.00        
  6        3               23223.76        24961.76        1738.00        
  23       3               24961.76        26190.76        1229.00        
  43       2               26190.76        27326.76        1136.00        
  9        4               27326.76        28457.76        1131.00        
  23       6               29682.76        30592.76        910.00         
  43       6               30592.76        31581.76        989.00         
  43       7               31581.76        33119.76        1538.00        
  40       2               33391.15        34538.15        1147.00        
  40       3               34538.15        35635.15        1097.00        
  47       4               35635.15        37258.15        1623.00        
  2        8               37258.15        38433.15        1175.00        
  11       4               39300.52        41006.52        1706.00        
  19       3               41006.52        42032.52        1026.00        
  42       6               42071.52        43197.52        1126.00        
  38       5               43197.52        44677.52        1480.00        
  11       8               44899.52        46584.52        1685.00        
  48       3               46714.14        48198.14        1484.00        
  46       2               48199.53        49899.53        1700.00        
  1        4               49899.53        51669.53        1770.00        
  20       4               51669.53        52826.53        1157.00        
  49       4               52826.53        53744.53        918.00         
  11       9               53744.53        55289.53        1545.00        
  30       6               55289.53        56222.53        933.00         
  16       6               56222.53        57427.53        1205.00        

  机器利用率: 56.58% (忙碌时间: 32800.00 / 总时间: 57967.53)

离散机4:
工件号      工序号             开始时间            结束时间            加工时长           
--------------------------------------------------------------------------------
  2        2               21871.76        22868.76        997.00         
  6        5               26066.76        27433.76        1367.00        
  0        2               33391.15        34455.15        1064.00        
  42       3               37809.52        38850.52        1041.00        
  40       5               38850.52        40139.52        1289.00        
  11       5               41006.52        42305.52        1299.00        
  41       2               44221.14        45743.14        1522.00        
  48       2               45743.14        46714.14        971.00         
  25       3               46714.14        48199.14        1485.00        
  16       3               49152.53        50367.53        1215.00        
  20       3               50377.53        51644.53        1267.00        
  48       4               51644.53        52653.53        1009.00        
  13       4               52653.53        54044.53        1391.00        
  13       5               54044.53        55509.53        1465.00        
  49       6               55509.53        56434.53        925.00         
  46       7               56434.53        57775.53        1341.00        

  机器利用率: 33.89% (忙碌时间: 19648.00 / 总时间: 57967.53)

离散机5:
工件号      工序号             开始时间            结束时间            加工时长           
--------------------------------------------------------------------------------
  6        2               21871.76        23082.76        1211.00        
  9        2               23082.76        24818.76        1736.00        
  9        3               24818.76        25916.76        1098.00        
  43       5               29263.76        30582.76        1319.00        
  9        6               30738.76        32147.76        1409.00        
  27       5               32185.76        33488.76        1303.00        
  6        7               33488.76        34550.76        1062.00        
  36       3               37413.52        38326.52        913.00         
  19       2               38326.52        39666.52        1340.00        
  44       6               39666.52        40681.52        1015.00        
  44       7               40681.52        42240.52        1559.00        
  36       6               42240.52        43181.52        941.00         
  44       8               43181.52        44449.52        1268.00        
  1        2               45124.03        46628.03        1504.00        
  35       3               46628.03        47725.03        1097.00        
  33       2               47725.03        49264.03        1539.00        
  26       4               49264.03        50251.03        987.00         
  16       4               50367.53        51933.53        1566.00        
  46       5               52862.53        54487.53        1625.00        
  20       5               54487.53        55429.53        942.00         
  42       9               55429.53        56565.53        1136.00        
  7        7               56565.53        57734.53        1169.00        

  机器利用率: 47.85% (忙碌时间: 27739.00 / 总时间: 57967.53)

离散机6:
工件号      工序号             开始时间            结束时间            加工时长           
--------------------------------------------------------------------------------
  22       2               21871.76        23309.76        1438.00        
  47       2               23309.76        24352.76        1043.00        
  22       4               24422.76        25643.76        1221.00        
  23       4               26190.76        27134.76        944.00         
  22       5               27134.76        28134.76        1000.00        
  23       5               28134.76        29682.76        1548.00        
  45       5               29682.76        31106.76        1424.00        
  45       6               31106.76        32205.76        1099.00        
  34       4               32205.76        33243.76        1038.00        
  26       2               33391.15        34808.15        1417.00        
  22       6               34808.15        36386.15        1578.00        
  36       2               36408.52        37413.52        1005.00        
  18       2               37413.52        38515.52        1102.00        
  36       4               38515.52        39695.52        1180.00        
  23       8               39695.52        40929.52        1234.00        
  15       3               40929.52        42576.52        1647.00        
  32       2               42576.52        43649.52        1073.00        
  11       7               43948.52        44899.52        951.00         
  49       2               45124.03        46053.03        929.00         
  13       2               46053.03        47139.03        1086.00        
  7        2               47139.03        48240.03        1101.00        
  42       8               48240.03        49866.03        1626.00        
  30       3               49977.53        51106.53        1129.00        
  25       4               51106.53        52618.53        1512.00        
  48       5               52653.53        53844.53        1191.00        
  16       5               53844.53        55015.53        1171.00        
  17       2               55015.53        56114.53        1099.00        
  30       7               56222.53        57967.53        1745.00        

  机器利用率: 59.57% (忙碌时间: 34531.00 / 总时间: 57967.53)

离散机7:
工件号      工序号             开始时间            结束时间            加工时长           
--------------------------------------------------------------------------------
  27       2               21871.76        23268.76        1397.00        
  2        3               23268.76        24400.76        1132.00        
  6        4               24961.76        26066.76        1105.00        
  34       2               26066.76        27154.76        1088.00        
  43       3               27326.76        28268.76        942.00         
  14       5               28268.76        29460.76        1192.00        
  27       3               29460.76        30578.76        1118.00        
  2        5               30578.76        32003.76        1425.00        
  2        6               32003.76        33145.76        1142.00        
  10       2               33391.15        34712.15        1321.00        
  14       7               34712.15        35894.15        1182.00        
  42       2               36408.52        37809.52        1401.00        
  38       2               37809.52        39074.52        1265.00        
  42       4               39074.52        40604.52        1530.00        
  36       5               40604.52        41813.52        1209.00        
  47       6               41813.52        42813.52        1000.00        
  28       2               42813.52        43872.52        1059.00        
  15       4               43872.52        45552.52        1680.00        
  38       6               45552.52        46580.52        1028.00        
  41       3               46580.52        48179.52        1599.00        
  16       2               48199.53        49152.53        953.00         
  20       2               49152.53        50377.53        1225.00        
  46       3               50377.53        51477.53        1100.00        
  30       4               51477.53        52637.53        1160.00        
  7        5               52788.53        53787.53        999.00         
  7        6               53787.53        54852.53        1065.00        
  1        6               54852.53        55906.53        1054.00        

  机器利用率: 55.84% (忙碌时间: 32371.00 / 总时间: 57967.53)

离散机8:
工件号      工序号             开始时间            结束时间            加工时长           
--------------------------------------------------------------------------------
  23       2               21871.76        22873.76        1002.00        
  14       3               23223.76        24349.76        1126.00        
  34       3               27154.76        28649.76        1495.00        
  23       7               30592.76        32119.76        1527.00        
  44       2               33391.15        34409.15        1018.00        
  9        7               34409.15        36207.15        1798.00        
  11       2               36408.52        37846.52        1438.00        
  11       3               37846.52        39300.52        1454.00        
  12       2               39300.52        40230.52        930.00         
  47       5               40230.52        41690.52        1460.00        
  43       8               41690.52        43153.52        1463.00        
  34       5               43153.52        44332.52        1179.00        
  25       2               45124.03        46268.03        1144.00        
  18       4               46268.03        47795.03        1527.00        
  5        2               47795.03        48735.03        940.00         
  39       3               48735.03        49980.03        1245.00        
  15       5               49980.03        51296.03        1316.00        
  46       4               51477.53        52862.53        1385.00        
  1        5               52862.53        54448.53        1586.00        
  49       5               54448.53        55407.53        959.00         
  20       6               55429.53        56740.53        1311.00        

  机器利用率: 47.10% (忙碌时间: 27303.00 / 总时间: 57967.53)

【打印批次详细信息】
----------------------------------------------------------------------------------------------------

打印机 1 (尺寸: 1061.0 x 460.0 x 511.0):
--------------------------------------------------------------------------------
  批次 1: 零件数=9, 占用率=73.57%
    - 3: 尺寸 550.0 x 193.0 x 83.0
    - 46: 尺寸 463.0 x 229.0 x 199.0
    - 29: 尺寸 90.0 x 93.0 x 92.0
    - 16: 尺寸 438.0 x 159.0 x 84.0
    - 37: 尺寸 158.0 x 54.0 x 89.0
    - 4: 尺寸 98.0 x 66.0 x 169.0
    - 20: 尺寸 185.0 x 136.0 x 179.0
    - 30: 尺寸 51.0 x 57.0 x 63.0
    - 17: 尺寸 183.0 x 141.0 x 188.0

打印机 2 (尺寸: 1102.0 x 487.0 x 623.0):
--------------------------------------------------------------------------------
  批次 1: 零件数=8, 占用率=68.92%
    - 44: 尺寸 632.0 x 309.0 x 29.0
    - 26: 尺寸 371.0 x 137.0 x 62.0
    - 12: 尺寸 94.0 x 138.0 x 44.0
    - 0: 尺寸 60.0 x 69.0 x 11.0
    - 24: 尺寸 310.0 x 250.0 x 57.0
    - 32: 尺寸 87.0 x 117.0 x 57.0
    - 40: 尺寸 64.0 x 124.0 x 42.0
    - 10: 尺寸 79.0 x 140.0 x 32.0

打印机 3 (尺寸: 977.0 x 403.0 x 687.0):
--------------------------------------------------------------------------------
  批次 1: 零件数=8, 占用率=87.73%
    - 49: 尺寸 476.0 x 230.0 x 168.0
    - 48: 尺寸 362.0 x 158.0 x 102.0
    - 39: 尺寸 134.0 x 243.0 x 70.0
    - 31: 尺寸 359.0 x 232.0 x 75.0
    - 1: 尺寸 197.0 x 108.0 x 87.0
    - 25: 尺寸 105.0 x 80.0 x 86.0
    - 35: 尺寸 147.0 x 74.0 x 98.0
    - 7: 尺寸 153.0 x 146.0 x 90.0

打印机 4 (尺寸: 1162.0 x 485.0 x 618.0):
--------------------------------------------------------------------------------
  批次 1: 零件数=11, 占用率=88.90%
    - 27: 尺寸 80.0 x 113.0 x 151.0
    - 47: 尺寸 555.0 x 334.0 x 118.0
    - 6: 尺寸 501.0 x 339.0 x 185.0
    - 43: 尺寸 76.0 x 69.0 x 28.0
    - 22: 尺寸 59.0 x 130.0 x 135.0
    - 34: 尺寸 136.0 x 151.0 x 15.0
    - 23: 尺寸 263.0 x 91.0 x 136.0
    - 14: 尺寸 111.0 x 129.0 x 73.0
    - 45: 尺寸 160.0 x 143.0 x 116.0
    - 9: 尺寸 206.0 x 137.0 x 68.0
    - 2: 尺寸 197.0 x 71.0 x 91.0
  批次 2: 零件数=8, 占用率=85.18%
    - 28: 尺寸 207.0 x 159.0 x 88.0
    - 42: 尺寸 168.0 x 183.0 x 70.0
    - 11: 尺寸 222.0 x 255.0 x 86.0
    - 15: 尺寸 561.0 x 343.0 x 127.0
    - 36: 尺寸 192.0 x 288.0 x 89.0
    - 19: 尺寸 86.0 x 255.0 x 76.0
    - 18: 尺寸 284.0 x 172.0 x 110.0
    - 38: 尺寸 480.0 x 86.0 x 105.0
  批次 3: 零件数=6, 占用率=65.75%
    - 13: 尺寸 636.0 x 152.0 x 46.0
    - 8: 尺寸 451.0 x 292.0 x 10.0
    - 5: 尺寸 145.0 x 86.0 x 67.0
    - 41: 尺寸 444.0 x 226.0 x 15.0
    - 33: 尺寸 112.0 x 98.0 x 19.0
    - 21: 尺寸 92.0 x 200.0 x 13.0

════════════════════════════════════════════════════════════════
