════════════════════════════════════════════════════════════════
              Pareto前沿解集详细数据
════════════════════════════════════════════════════════════════

算例: J20P3B2D5_05
算法: NSGAII
运行次数: 2
解的数量: 11

----------------------------------------------------------------------------------------------------
序号       Cmax                 能耗(kWh)              装箱质量            批次数       
----------------------------------------------------------------------------------------------------
1        44964.11             228.09               0.2419          3         
2        41215.11             234.53               0.2004          3         
3        41635.11             234.44               0.2004          3         
4        43062.11             229.77               0.2419          3         
5        44031.11             228.29               0.2419          3         
6        43349.11             228.76               0.2419          3         
7        43958.11             228.35               0.2419          3         
8        43144.11             229.37               0.2419          3         
9        43264.11             229.01               0.2419          3         
10       43206.11             229.21               0.2419          3         
11       43079.11             229.64               0.2419          3         
----------------------------------------------------------------------------------------------------

统计信息:
  Cmax范围: [41215.11, 44964.11]
  能耗范围: [228.09, 234.53] kWh
  Cmax跨度: 3749.00 (8.34%)
  能耗跨度: 6.44 (2.75%)

════════════════════════════════════════════════════════════════
