════════════════════════════════════════════════════════════════
              最优Cmax解的详细调度记录
════════════════════════════════════════════════════════════════

【基本信息】
----------------------------------------------------------------------------------------------------
Cmax (最大完工时间): 38076.86
能耗: 230.92 kWh
装箱质量: 0.3929
批次总数: 3
工件数量: 20
机器数量: 10 (打印机:3, 批处理机:2, 离散机:5)

【染色体编码】
----------------------------------------------------------------------------------------------------
工序序列 (OS): [0, 2, 13, 16, 4, 6, 18, 10, 11, 12, 9, 19, 7, 3, 14, 1, 15, 17, 8, 5, 9, 17, 1, 3, 3, 4, 0, 6, 4, 14, 8, 6, 10, 13, 19, 11, 4, 4, 0, 11, 0, 1, 6, 17, 11, 14, 8, 14, 3, 16, 7, 6, 4, 11, 1, 2, 4, 13, 16, 13, 17, 2, 11, 14, 11, 4, 4, 1, 14, 18, 0, 0, 18, 3, 13, 3, 9, 7, 8, 1, 14, 17, 0, 8, 7, 0, 17, 3, 8, 16, 9, 6, 16, 17, 11, 14, 2, 13, 0]
机器选择 (MS): [2, 1, 2, 3, 2, 1, 3, 3, 2, 3, 3, 2, 1, 1, 2, 1, 2, 3, 2, 3, 1, 1, 1, 1, 2, 2, 2, 1, 2, 2, 2, 2, 2, 1, 1, 1, 1, 1, 1, 1, 3, 1, 2, 2, 1, 1, 2, 1, 3, 1, 2, 3, 1, 1, 1, 2, 1, 1, 1, 1, 1, 1, 1, 1, 1, 1, 1, 2, 1, 1, 2, 1, 1, 1, 2, 2, 2, 1, 2, 1, 2, 1, 3, 2, 1, 3, 1, 2, 2, 2, 1, 3, 2, 1, 2, 2, 2, 1, 3]

【零件加工顺序记录】
----------------------------------------------------------------------------------------------------
工件号      工序号             机器号             开始时间            结束时间            加工时长           
----------------------------------------------------------------------------------------------------

工件 0:
  0        0               打印机2            0.00            12247.09        12247.09       
  0        1               批处理机2           12247.09        13342.09        1095.00        
  0        2               离散机1            13342.09        14418.09        1076.00        
  0        3               离散机4            14418.09        15562.09        1144.00        
  0        4               离散机5            15584.09        16936.09        1352.00        
  0        5               离散机4            16936.09        17874.09        938.00         
  0        6               离散机3            18431.09        19858.09        1427.00        
  0        7               离散机3            19858.09        21055.09        1197.00        
  0        8               离散机4            21055.09        22107.09        1052.00        
  0        9               离散机3            36835.86        38028.86        1193.00        

工件 1:
  1        0               打印机1            0.00            20137.00        20137.00       
  1        1               批处理机2           20137.00        21232.00        1095.00        
  1        2               离散机5            21232.00        22493.00        1261.00        
  1        3               离散机5            23540.00        24466.00        926.00         
  1        4               离散机4            25541.00        26752.00        1211.00        
  1        5               离散机5            27076.00        27997.00        921.00         
  1        6               离散机2            27997.00        28898.00        901.00         

工件 2:
  2        0               打印机1            0.00            20137.00        20137.00       
  2        1               批处理机2           20137.00        21232.00        1095.00        
  2        2               离散机1            21232.00        22824.00        1592.00        
  2        3               离散机1            22824.00        23981.00        1157.00        
  2        4               离散机2            23981.00        24952.00        971.00         

工件 3:
  3        0               打印机1            0.00            20137.00        20137.00       
  3        1               批处理机2           20137.00        21232.00        1095.00        
  3        2               离散机3            21232.00        22807.00        1575.00        
  3        3               离散机4            22807.00        24607.00        1800.00        
  3        4               离散机5            24607.00        26171.00        1564.00        
  3        5               离散机1            26171.00        27197.00        1026.00        
  3        6               离散机4            28018.00        29473.00        1455.00        
  3        7               离散机4            31875.86        33541.86        1666.00        

工件 4:
  4        0               打印机2            0.00            12247.09        12247.09       
  4        1               批处理机2           12247.09        13342.09        1095.00        
  4        2               离散机5            13342.09        14640.09        1298.00        
  4        3               离散机3            14640.09        16305.09        1665.00        
  4        4               离散机1            17030.09        18522.09        1492.00        
  4        5               离散机2            18522.09        19811.09        1289.00        
  4        6               离散机2            19811.09        21283.09        1472.00        
  4        7               离散机5            26171.00        27076.00        905.00         
  4        8               离散机4            27076.00        28018.00        942.00         
  4        9               离散机1            34150.86        35565.86        1415.00        

工件 5:
  5        0               打印机3            0.00            28723.86        28723.86       
  5        1               批处理机2           28723.86        29818.86        1095.00        

工件 6:
  6        0               打印机1            0.00            20137.00        20137.00       
  6        1               批处理机2           20137.00        21232.00        1095.00        
  6        2               离散机5            22493.00        23540.00        1047.00        
  6        3               离散机4            24607.00        25541.00        934.00         
  6        4               离散机3            25541.00        27202.00        1661.00        
  6        5               离散机1            27202.00        28528.00        1326.00        
  6        6               离散机3            28940.00        30218.00        1278.00        

工件 7:
  7        0               打印机1            0.00            20137.00        20137.00       
  7        1               批处理机2           20137.00        21232.00        1095.00        
  7        2               离散机3            22807.00        24503.00        1696.00        
  7        3               离散机1            24890.00        26065.00        1175.00        
  7        4               离散机5            27997.00        29434.00        1437.00        

工件 8:
  8        0               打印机2            0.00            12247.09        12247.09       
  8        1               批处理机2           12247.09        13342.09        1095.00        
  8        2               离散机1            15801.09        17030.09        1229.00        
  8        3               离散机2            17030.09        18140.09        1110.00        
  8        4               离散机5            19366.09        20994.09        1628.00        
  8        5               离散机2            22296.09        23213.09        917.00         
  8        6               离散机3            27202.00        28940.00        1738.00        

工件 9:
  9        0               打印机3            0.00            28723.86        28723.86       
  9        1               批处理机2           28723.86        29818.86        1095.00        
  9        2               离散机1            29818.86        31403.86        1585.00        
  9        3               离散机2            32013.86        33386.86        1373.00        
  9        4               离散机3            33874.86        35584.86        1710.00        

工件 10:
  10       0               打印机3            0.00            28723.86        28723.86       
  10       1               批处理机2           28723.86        29818.86        1095.00        
  10       2               离散机4            30857.86        31875.86        1018.00        

工件 11:
  11       0               打印机2            0.00            12247.09        12247.09       
  11       1               批处理机2           12247.09        13342.09        1095.00        
  11       2               离散机3            16305.09        17266.09        961.00         
  11       3               离散机1            18522.09        19587.09        1065.00        
  11       4               离散机1            19587.09        20587.09        1000.00        
  11       5               离散机3            24503.00        25501.00        998.00         
  11       6               离散机2            25501.00        26720.00        1219.00        
  11       7               离散机1            32690.86        34150.86        1460.00        
  11       8               离散机5            34150.86        35318.86        1168.00        

工件 12:
  12       0               打印机3            0.00            28723.86        28723.86       
  12       1               批处理机2           28723.86        29818.86        1095.00        

工件 13:
  13       0               打印机2            0.00            12247.09        12247.09       
  13       1               批处理机2           12247.09        13342.09        1095.00        
  13       2               离散机3            13342.09        14530.09        1188.00        
  13       3               离散机5            16936.09        18056.09        1120.00        
  13       4               离散机5            18056.09        19366.09        1310.00        
  13       5               离散机1            23981.00        24890.00        909.00         
  13       6               离散机2            26720.00        27851.00        1131.00        

工件 14:
  14       0               打印机2            0.00            12247.09        12247.09       
  14       1               批处理机2           12247.09        13342.09        1095.00        
  14       2               离散机1            14418.09        15801.09        1383.00        
  14       3               离散机4            15801.09        16707.09        906.00         
  14       4               离散机3            17266.09        18431.09        1165.00        
  14       5               离散机4            18431.09        19637.09        1206.00        
  14       6               离散机2            21283.09        22296.09        1013.00        
  14       7               离散机1            28528.00        29749.00        1221.00        
  14       8               离散机3            30218.00        31689.00        1471.00        

工件 15:
  15       0               打印机2            0.00            12247.09        12247.09       
  15       1               批处理机2           12247.09        13342.09        1095.00        

工件 16:
  16       0               打印机3            0.00            28723.86        28723.86       
  16       1               批处理机2           28723.86        29818.86        1095.00        
  16       2               离散机1            31403.86        32690.86        1287.00        
  16       3               离散机3            32690.86        33874.86        1184.00        
  16       4               离散机4            33874.86        34895.86        1021.00        
  16       5               离散机3            35584.86        36835.86        1251.00        

工件 17:
  17       0               打印机3            0.00            28723.86        28723.86       
  17       1               批处理机2           28723.86        29818.86        1095.00        
  17       2               离散机4            29818.86        30857.86        1039.00        
  17       3               离散机5            30857.86        32153.86        1296.00        
  17       4               离散机5            32153.86        33698.86        1545.00        
  17       5               离散机2            33698.86        35483.86        1785.00        
  17       6               离散机5            35483.86        36829.86        1346.00        
  17       7               离散机5            36829.86        38076.86        1247.00        

工件 18:
  18       0               打印机3            0.00            28723.86        28723.86       
  18       1               批处理机2           28723.86        29818.86        1095.00        
  18       2               离散机5            29818.86        30752.86        934.00         
  18       3               离散机2            30752.86        32013.86        1261.00        

工件 19:
  19       0               打印机2            0.00            12247.09        12247.09       
  19       1               批处理机2           12247.09        13342.09        1095.00        
  19       2               离散机5            14640.09        15584.09        944.00         

【机器加工顺序记录】
----------------------------------------------------------------------------------------------------

打印机1:
工件号      工序号             开始时间            结束时间            加工时长           
--------------------------------------------------------------------------------
  1        0               0.00            20137.00        20137.00       
  2        0               0.00            20137.00        20137.00       
  3        0               0.00            20137.00        20137.00       
  6        0               0.00            20137.00        20137.00       
  7        0               0.00            20137.00        20137.00       

  机器利用率: 264.43% (忙碌时间: 100685.00 / 总时间: 38076.86)

打印机2:
工件号      工序号             开始时间            结束时间            加工时长           
--------------------------------------------------------------------------------
  0        0               0.00            12247.09        12247.09       
  4        0               0.00            12247.09        12247.09       
  8        0               0.00            12247.09        12247.09       
  11       0               0.00            12247.09        12247.09       
  13       0               0.00            12247.09        12247.09       
  14       0               0.00            12247.09        12247.09       
  15       0               0.00            12247.09        12247.09       
  19       0               0.00            12247.09        12247.09       

  机器利用率: 257.31% (忙碌时间: 97976.70 / 总时间: 38076.86)

打印机3:
工件号      工序号             开始时间            结束时间            加工时长           
--------------------------------------------------------------------------------
  5        0               0.00            28723.86        28723.86       
  9        0               0.00            28723.86        28723.86       
  10       0               0.00            28723.86        28723.86       
  12       0               0.00            28723.86        28723.86       
  16       0               0.00            28723.86        28723.86       
  17       0               0.00            28723.86        28723.86       
  18       0               0.00            28723.86        28723.86       

  机器利用率: 528.06% (忙碌时间: 201067.00 / 总时间: 38076.86)

批处理机1:
工件号      工序号             开始时间            结束时间            加工时长           
--------------------------------------------------------------------------------

  机器利用率: 0.00% (忙碌时间: 0.00 / 总时间: 38076.86)

批处理机2:
工件号      工序号             开始时间            结束时间            加工时长           
--------------------------------------------------------------------------------
  0        1               12247.09        13342.09        1095.00        
  4        1               12247.09        13342.09        1095.00        
  8        1               12247.09        13342.09        1095.00        
  11       1               12247.09        13342.09        1095.00        
  13       1               12247.09        13342.09        1095.00        
  14       1               12247.09        13342.09        1095.00        
  15       1               12247.09        13342.09        1095.00        
  19       1               12247.09        13342.09        1095.00        
  1        1               20137.00        21232.00        1095.00        
  2        1               20137.00        21232.00        1095.00        
  3        1               20137.00        21232.00        1095.00        
  6        1               20137.00        21232.00        1095.00        
  7        1               20137.00        21232.00        1095.00        
  5        1               28723.86        29818.86        1095.00        
  9        1               28723.86        29818.86        1095.00        
  10       1               28723.86        29818.86        1095.00        
  12       1               28723.86        29818.86        1095.00        
  16       1               28723.86        29818.86        1095.00        
  17       1               28723.86        29818.86        1095.00        
  18       1               28723.86        29818.86        1095.00        

  机器利用率: 57.52% (忙碌时间: 21900.00 / 总时间: 38076.86)

离散机1:
工件号      工序号             开始时间            结束时间            加工时长           
--------------------------------------------------------------------------------
  0        2               13342.09        14418.09        1076.00        
  14       2               14418.09        15801.09        1383.00        
  8        2               15801.09        17030.09        1229.00        
  4        4               17030.09        18522.09        1492.00        
  11       3               18522.09        19587.09        1065.00        
  11       4               19587.09        20587.09        1000.00        
  2        2               21232.00        22824.00        1592.00        
  2        3               22824.00        23981.00        1157.00        
  13       5               23981.00        24890.00        909.00         
  7        3               24890.00        26065.00        1175.00        
  3        5               26171.00        27197.00        1026.00        
  6        5               27202.00        28528.00        1326.00        
  14       7               28528.00        29749.00        1221.00        
  9        2               29818.86        31403.86        1585.00        
  16       2               31403.86        32690.86        1287.00        
  11       7               32690.86        34150.86        1460.00        
  4        9               34150.86        35565.86        1415.00        

  机器利用率: 56.20% (忙碌时间: 21398.00 / 总时间: 38076.86)

离散机2:
工件号      工序号             开始时间            结束时间            加工时长           
--------------------------------------------------------------------------------
  8        3               17030.09        18140.09        1110.00        
  4        5               18522.09        19811.09        1289.00        
  4        6               19811.09        21283.09        1472.00        
  14       6               21283.09        22296.09        1013.00        
  8        5               22296.09        23213.09        917.00         
  2        4               23981.00        24952.00        971.00         
  11       6               25501.00        26720.00        1219.00        
  13       6               26720.00        27851.00        1131.00        
  1        6               27997.00        28898.00        901.00         
  18       3               30752.86        32013.86        1261.00        
  9        3               32013.86        33386.86        1373.00        
  17       5               33698.86        35483.86        1785.00        

  机器利用率: 37.93% (忙碌时间: 14442.00 / 总时间: 38076.86)

离散机3:
工件号      工序号             开始时间            结束时间            加工时长           
--------------------------------------------------------------------------------
  13       2               13342.09        14530.09        1188.00        
  4        3               14640.09        16305.09        1665.00        
  11       2               16305.09        17266.09        961.00         
  14       4               17266.09        18431.09        1165.00        
  0        6               18431.09        19858.09        1427.00        
  0        7               19858.09        21055.09        1197.00        
  3        2               21232.00        22807.00        1575.00        
  7        2               22807.00        24503.00        1696.00        
  11       5               24503.00        25501.00        998.00         
  6        4               25541.00        27202.00        1661.00        
  8        6               27202.00        28940.00        1738.00        
  6        6               28940.00        30218.00        1278.00        
  14       8               30218.00        31689.00        1471.00        
  16       3               32690.86        33874.86        1184.00        
  9        4               33874.86        35584.86        1710.00        
  16       5               35584.86        36835.86        1251.00        
  0        9               36835.86        38028.86        1193.00        

  机器利用率: 61.34% (忙碌时间: 23358.00 / 总时间: 38076.86)

离散机4:
工件号      工序号             开始时间            结束时间            加工时长           
--------------------------------------------------------------------------------
  0        3               14418.09        15562.09        1144.00        
  14       3               15801.09        16707.09        906.00         
  0        5               16936.09        17874.09        938.00         
  14       5               18431.09        19637.09        1206.00        
  0        8               21055.09        22107.09        1052.00        
  3        3               22807.00        24607.00        1800.00        
  6        3               24607.00        25541.00        934.00         
  1        4               25541.00        26752.00        1211.00        
  4        8               27076.00        28018.00        942.00         
  3        6               28018.00        29473.00        1455.00        
  17       2               29818.86        30857.86        1039.00        
  10       2               30857.86        31875.86        1018.00        
  3        7               31875.86        33541.86        1666.00        
  16       4               33874.86        34895.86        1021.00        

  机器利用率: 42.89% (忙碌时间: 16332.00 / 总时间: 38076.86)

离散机5:
工件号      工序号             开始时间            结束时间            加工时长           
--------------------------------------------------------------------------------
  4        2               13342.09        14640.09        1298.00        
  19       2               14640.09        15584.09        944.00         
  0        4               15584.09        16936.09        1352.00        
  13       3               16936.09        18056.09        1120.00        
  13       4               18056.09        19366.09        1310.00        
  8        4               19366.09        20994.09        1628.00        
  1        2               21232.00        22493.00        1261.00        
  6        2               22493.00        23540.00        1047.00        
  1        3               23540.00        24466.00        926.00         
  3        4               24607.00        26171.00        1564.00        
  4        7               26171.00        27076.00        905.00         
  1        5               27076.00        27997.00        921.00         
  7        4               27997.00        29434.00        1437.00        
  18       2               29818.86        30752.86        934.00         
  17       3               30857.86        32153.86        1296.00        
  17       4               32153.86        33698.86        1545.00        
  11       8               34150.86        35318.86        1168.00        
  17       6               35483.86        36829.86        1346.00        
  17       7               36829.86        38076.86        1247.00        

  机器利用率: 61.06% (忙碌时间: 23249.00 / 总时间: 38076.86)

【打印批次详细信息】
----------------------------------------------------------------------------------------------------

打印机 1 (尺寸: 1168.0 x 443.0 x 687.0):
--------------------------------------------------------------------------------
  批次 1: 零件数=5, 占用率=75.86%
    - 2: 尺寸 650.0 x 276.0 x 77.0
    - 6: 尺寸 432.0 x 257.0 x 14.0
    - 7: 尺寸 203.0 x 102.0 x 55.0
    - 3: 尺寸 319.0 x 149.0 x 64.0
    - 1: 尺寸 385.0 x 88.0 x 77.0

打印机 2 (尺寸: 1146.0 x 446.0 x 514.0):
--------------------------------------------------------------------------------
  批次 1: 零件数=8, 占用率=80.24%
    - 0: 尺寸 581.0 x 352.0 x 68.0
    - 13: 尺寸 194.0 x 178.0 x 31.0
    - 8: 尺寸 334.0 x 192.0 x 17.0
    - 4: 尺寸 136.0 x 142.0 x 38.0
    - 11: 尺寸 64.0 x 153.0 x 65.0
    - 15: 尺寸 346.0 x 168.0 x 15.0
    - 14: 尺寸 96.0 x 84.0 x 64.0
    - 19: 尺寸 169.0 x 69.0 x 37.0

打印机 3 (尺寸: 1078.0 x 483.0 x 616.0):
--------------------------------------------------------------------------------
  批次 1: 零件数=7, 占用率=39.29%
    - 16: 尺寸 159.0 x 143.0 x 146.0
    - 18: 尺寸 88.0 x 120.0 x 106.0
    - 10: 尺寸 82.0 x 148.0 x 195.0
    - 12: 尺寸 411.0 x 155.0 x 43.0
    - 9: 尺寸 213.0 x 149.0 x 90.0
    - 17: 尺寸 87.0 x 204.0 x 197.0
    - 5: 尺寸 183.0 x 251.0 x 90.0

════════════════════════════════════════════════════════════════
