════════════════════════════════════════════════════════════════
              最优Cmax解的详细调度记录
════════════════════════════════════════════════════════════════

【基本信息】
----------------------------------------------------------------------------------------------------
Cmax (最大完工时间): 54148.48
能耗: 441.39 kWh
装箱质量: 0.6895
批次总数: 6
工件数量: 50
机器数量: 14 (打印机:4, 批处理机:2, 离散机:8)

【染色体编码】
----------------------------------------------------------------------------------------------------
工序序列 (OS): [18, 17, 6, 20, 22, 27, 36, 4, 49, 47, 11, 38, 0, 15, 39, 3, 23, 33, 35, 7, 1, 2, 10, 42, 31, 46, 14, 30, 44, 5, 26, 8, 32, 43, 25, 45, 29, 34, 28, 48, 13, 37, 40, 24, 41, 19, 16, 9, 21, 12, 16, 27, 28, 15, 23, 27, 7, 35, 14, 25, 46, 40, 19, 1, 9, 25, 27, 14, 36, 40, 26, 44, 46, 27, 5, 13, 42, 46, 23, 36, 1, 39, 1, 43, 2, 48, 9, 46, 35, 30, 11, 20, 42, 49, 17, 22, 44, 44, 27, 42, 45, 48, 2, 14, 0, 38, 6, 11, 46, 13, 44, 33, 44, 36, 6, 1, 19, 1, 49, 23, 16, 44, 11, 43, 42, 47, 25, 34, 48, 15, 9, 11, 14, 45, 49, 16, 2, 30, 38, 44, 26, 23, 13, 42, 30, 22, 2, 7, 36, 41, 23, 30, 36, 14, 48, 9, 43, 43, 34, 22, 48, 38, 34, 11, 13, 42, 20, 23, 38, 40, 14, 45, 2, 9, 39, 18, 47, 36, 47, 6, 44, 7, 16, 26, 7, 38, 11, 1, 42, 6, 22, 30, 32, 45, 22, 40, 43, 36, 15, 23, 49, 42, 6, 20, 7, 2, 47, 9, 48, 41, 43, 2, 7, 45, 12, 10, 15, 16, 6, 11, 9, 18, 20, 30, 46, 47, 34, 43, 45, 20, 39, 49, 18, 11]
机器选择 (MS): [3, 4, 4, 4, 1, 4, 4, 4, 4, 1, 4, 3, 2, 4, 1, 4, 1, 2, 3, 1, 4, 1, 2, 4, 4, 4, 4, 1, 2, 3, 4, 4, 1, 3, 4, 4, 3, 2, 3, 3, 2, 3, 4, 4, 1, 4, 3, 3, 2, 2, 2, 1, 1, 1, 1, 3, 1, 1, 3, 1, 1, 1, 1, 2, 2, 2, 2, 1, 1, 1, 1, 1, 1, 1, 1, 2, 1, 1, 2, 1, 2, 1, 1, 1, 1, 1, 1, 2, 2, 2, 1, 1, 2, 2, 2, 1, 1, 2, 1, 3, 3, 1, 1, 1, 2, 1, 2, 3, 1, 2, 2, 3, 1, 1, 2, 2, 2, 2, 2, 1, 2, 1, 2, 2, 2, 1, 1, 2, 1, 3, 3, 1, 2, 2, 2, 1, 1, 1, 1, 3, 1, 1, 3, 2, 1, 1, 1, 1, 1, 1, 2, 3, 1, 2, 2, 2, 1, 1, 2, 1, 1, 1, 1, 3, 2, 2, 2, 1, 1, 1, 2, 1, 1, 3, 1, 2, 1, 3, 1, 1, 1, 1, 1, 1, 2, 1, 2, 1, 3, 2, 1, 2, 1, 1, 1, 2, 1, 1, 1, 1, 1, 2, 2, 2, 2, 1, 3, 1, 3, 3, 3, 1, 1, 3, 2, 2, 2, 1, 1, 1, 3, 2, 1, 1, 1, 1, 1, 1, 1, 2, 1, 1, 1, 1]

【零件加工顺序记录】
----------------------------------------------------------------------------------------------------
工件号      工序号             机器号             开始时间            结束时间            加工时长           
----------------------------------------------------------------------------------------------------

工件 0:
  0        0               打印机2            0.00            24259.85        24259.85       
  0        1               批处理机2           24259.85        25094.85        835.00         
  0        2               离散机4            27320.72        28384.72        1064.00        

工件 1:
  1        0               打印机4            0.00            22605.72        22605.72       
  1        1               批处理机2           22605.72        23440.72        835.00         
  1        2               离散机5            23440.72        24944.72        1504.00        
  1        3               离散机2            27442.72        28920.72        1478.00        
  1        4               离散机3            28920.72        30690.72        1770.00        
  1        5               离散机8            30968.14        32554.14        1586.00        
  1        6               离散机7            33305.14        34359.14        1054.00        
  1        7               离散机1            47295.48        48229.48        934.00         

工件 2:
  2        0               打印机1            0.00            32541.00        32541.00       
  2        1               批处理机2           32541.00        33376.00        835.00         
  2        2               离散机4            33376.00        34373.00        997.00         
  2        3               离散机7            34373.00        35505.00        1132.00        
  2        4               离散机2            35572.72        36874.72        1302.00        
  2        5               离散机7            40189.48        41614.48        1425.00        
  2        6               离散机2            46111.48        47364.48        1253.00        
  2        7               离散机1            48229.48        49676.48        1447.00        
  2        8               离散机5            49852.48        50926.48        1074.00        

工件 3:
  3        0               打印机4            37142.48        46748.21        9605.72        
  3        1               批处理机2           46748.21        47583.21        835.00         

工件 4:
  4        0               打印机4            0.00            22605.72        22605.72       
  4        1               批处理机2           22605.72        23440.72        835.00         

工件 5:
  5        0               打印机3            0.00            29193.14        29193.14       
  5        1               批处理机2           29193.14        30028.14        835.00         
  5        2               离散机8            30028.14        30968.14        940.00         

工件 6:
  6        0               打印机4            0.00            22605.72        22605.72       
  6        1               批处理机2           22605.72        23440.72        835.00         
  6        2               离散机5            26080.72        27291.72        1211.00        
  6        3               离散机4            28384.72        29566.72        1182.00        
  6        4               离散机7            45350.48        46455.48        1105.00        
  6        5               离散机4            47239.48        48606.48        1367.00        
  6        6               离散机2            49345.48        51076.48        1731.00        
  6        7               离散机5            52095.48        53157.48        1062.00        

工件 7:
  7        0               打印机1            0.00            32541.00        32541.00       
  7        1               批处理机2           32541.00        33376.00        835.00         
  7        2               离散机6            33376.00        34477.00        1101.00        
  7        3               离散机1            37507.00        38870.00        1363.00        
  7        4               离散机2            40353.48        41801.48        1448.00        
  7        5               离散机1            45865.48        47295.48        1430.00        
  7        6               离散机7            49163.48        50228.48        1065.00        
  7        7               离散机5            50926.48        52095.48        1169.00        

工件 8:
  8        0               打印机4            37142.48        46748.21        9605.72        
  8        1               批处理机2           46748.21        47583.21        835.00         

工件 9:
  9        0               打印机3            0.00            29193.14        29193.14       
  9        1               批处理机2           29193.14        30028.14        835.00         
  9        2               离散机1            31456.14        33094.14        1638.00        
  9        3               离散机5            33094.14        34192.14        1098.00        
  9        4               离散机3            35607.00        36738.00        1131.00        
  9        5               离散机5            36766.14        37972.14        1206.00        
  9        6               离散机5            45324.48        46733.48        1409.00        
  9        7               离散机8            48888.48        50686.48        1798.00        
  9        8               离散机2            51076.48        51999.48        923.00         

工件 10:
  10       0               打印机2            0.00            24259.85        24259.85       
  10       1               批处理机2           24259.85        25094.85        835.00         
  10       2               离散机7            51827.48        53148.48        1321.00        

工件 11:
  11       0               打印机4            22605.72        37142.48        14536.76       
  11       1               批处理机2           37142.48        37977.48        835.00         
  11       2               离散机8            37977.48        39415.48        1438.00        
  11       3               离散机8            40432.48        41886.48        1454.00        
  11       4               离散机2            41886.48        42937.48        1051.00        
  11       5               离散机4            42937.48        44236.48        1299.00        
  11       6               离散机4            44236.48        45774.48        1538.00        
  11       7               离散机5            47720.48        48716.48        996.00         
  11       8               离散机3            49747.48        51432.48        1685.00        
  11       9               离散机3            51432.48        52977.48        1545.00        

工件 12:
  12       0               打印机2            0.00            24259.85        24259.85       
  12       1               批处理机2           24259.85        25094.85        835.00         
  12       2               离散机8            27895.72        28825.72        930.00         

工件 13:
  13       0               打印机2            0.00            24259.85        24259.85       
  13       1               批处理机2           24259.85        25094.85        835.00         
  13       2               离散机6            25094.85        26180.85        1086.00        
  13       3               离散机2            31569.72        32834.72        1265.00        
  13       4               离散机4            38968.48        40359.48        1391.00        
  13       5               离散机4            45774.48        47239.48        1465.00        

工件 14:
  14       0               打印机4            0.00            22605.72        22605.72       
  14       1               批处理机2           22605.72        23440.72        835.00         
  14       2               离散机3            23440.72        24792.72        1352.00        
  14       3               离散机8            24792.72        25918.72        1126.00        
  14       4               离散机6            27624.85        29062.85        1438.00        
  14       5               离散机7            38997.48        40189.48        1192.00        
  14       6               离散机1            40791.48        41702.48        911.00         
  14       7               离散机4            41881.48        42845.48        964.00         

工件 15:
  15       0               打印机4            22605.72        37142.48        14536.76       
  15       1               批处理机2           37142.48        37977.48        835.00         
  15       2               离散机2            37977.48        39274.48        1297.00        
  15       3               离散机6            41410.48        43057.48        1647.00        
  15       4               离散机7            47483.48        49163.48        1680.00        
  15       5               离散机8            50686.48        52002.48        1316.00        

工件 16:
  16       0               打印机3            0.00            29193.14        29193.14       
  16       1               批处理机2           29193.14        30028.14        835.00         
  16       2               离散机7            30028.14        30981.14        953.00         
  16       3               离散机4            30999.14        32214.14        1215.00        
  16       4               离散机5            40230.48        41796.48        1566.00        
  16       5               离散机6            43057.48        44228.48        1171.00        
  16       6               离散机3            48542.48        49747.48        1205.00        

工件 17:
  17       0               打印机4            0.00            22605.72        22605.72       
  17       1               批处理机2           22605.72        23440.72        835.00         
  17       2               离散机4            23440.72        24431.72        991.00         

工件 18:
  18       0               打印机3            0.00            29193.14        29193.14       
  18       1               批处理机2           29193.14        30028.14        835.00         
  18       2               离散机6            30100.85        31202.85        1102.00        
  18       3               离散机8            34378.00        35983.00        1605.00        
  18       4               离散机6            51636.48        53322.48        1686.00        

工件 19:
  19       0               打印机4            22605.72        37142.48        14536.76       
  19       1               批处理机2           37142.48        37977.48        835.00         
  19       2               离散机5            37977.48        39317.48        1340.00        
  19       3               离散机3            40065.48        41091.48        1026.00        

工件 20:
  20       0               打印机4            0.00            22605.72        22605.72       
  20       1               批处理机2           22605.72        23440.72        835.00         
  20       2               离散机1            24970.72        25930.72        960.00         
  20       3               离散机3            26644.72        27763.72        1119.00        
  20       4               离散机3            27763.72        28920.72        1157.00        
  20       5               离散机5            30284.72        31226.72        942.00         
  20       6               离散机4            36607.00        37769.00        1162.00        

工件 21:
  21       0               打印机2            0.00            24259.85        24259.85       
  21       1               批处理机2           24259.85        25094.85        835.00         

工件 22:
  22       0               打印机1            0.00            32541.00        32541.00       
  22       1               批处理机2           32541.00        33376.00        835.00         
  22       2               离散机4            34373.00        35598.00        1225.00        
  22       3               离散机1            36521.00        37507.00        986.00         
  22       4               离散机2            39274.48        40353.48        1079.00        
  22       5               离散机6            44228.48        45228.48        1000.00        
  22       6               离散机6            47725.48        49303.48        1578.00        

工件 23:
  23       0               打印机1            0.00            32541.00        32541.00       
  23       1               批处理机2           32541.00        33376.00        835.00         
  23       2               离散机8            33376.00        34378.00        1002.00        
  23       3               离散机3            34378.00        35607.00        1229.00        
  23       4               离散机6            35607.00        36551.00        944.00         
  23       5               离散机8            36551.00        37911.00        1360.00        
  23       6               离散机3            41091.48        42001.48        910.00         
  23       7               离散机8            43345.48        44872.48        1527.00        
  23       8               离散机6            49303.48        50537.48        1234.00        

工件 24:
  24       0               打印机4            37142.48        46748.21        9605.72        
  24       1               批处理机2           46748.21        47583.21        835.00         

工件 25:
  25       0               打印机4            0.00            22605.72        22605.72       
  25       1               批处理机2           22605.72        23440.72        835.00         
  25       2               离散机8            23440.72        24584.72        1144.00        
  25       3               离散机4            25835.72        27320.72        1485.00        
  25       4               离散机2            34074.72        35572.72        1498.00        

工件 26:
  26       0               打印机4            22605.72        37142.48        14536.76       
  26       1               批处理机2           37142.48        37977.48        835.00         
  26       2               离散机7            37977.48        38997.48        1020.00        
  26       3               离散机1            38997.48        40791.48        1794.00        
  26       4               离散机5            46733.48        47720.48        987.00         

工件 27:
  27       0               打印机4            0.00            22605.72        22605.72       
  27       1               批处理机2           22605.72        23440.72        835.00         
  27       2               离散机7            23440.72        24837.72        1397.00        
  27       3               离散机4            24837.72        25835.72        998.00         
  27       4               离散机2            25835.72        27442.72        1607.00        
  27       5               离散机5            27442.72        28745.72        1303.00        
  27       6               离散机1            28745.72        29789.72        1044.00        

工件 28:
  28       0               打印机3            0.00            29193.14        29193.14       
  28       1               批处理机2           29193.14        30028.14        835.00         
  28       2               离散机7            30981.14        32040.14        1059.00        

工件 29:
  29       0               打印机3            0.00            29193.14        29193.14       
  29       1               批处理机2           29193.14        30028.14        835.00         

工件 30:
  30       0               打印机1            0.00            32541.00        32541.00       
  30       1               批处理机2           32541.00        33376.00        835.00         
  30       2               离散机1            34743.00        36521.00        1778.00        
  30       3               离散机6            36551.00        37680.00        1129.00        
  30       4               离散机3            37864.00        38826.00        962.00         
  30       5               离散机7            42823.48        44132.48        1309.00        
  30       6               离散机3            45082.48        46015.48        933.00         
  30       7               离散机4            49895.48        51500.48        1605.00        

工件 31:
  31       0               打印机4            37142.48        46748.21        9605.72        
  31       1               批处理机2           46748.21        47583.21        835.00         

工件 32:
  32       0               打印机1            0.00            32541.00        32541.00       
  32       1               批处理机2           32541.00        33376.00        835.00         
  32       2               离散机6            45228.48        46301.48        1073.00        

工件 33:
  33       0               打印机2            0.00            24259.85        24259.85       
  33       1               批处理机2           24259.85        25094.85        835.00         
  33       2               离散机5            28745.72        30284.72        1539.00        

工件 34:
  34       0               打印机2            0.00            24259.85        24259.85       
  34       1               批处理机2           24259.85        25094.85        835.00         
  34       2               离散机1            25930.72        26859.72        929.00         
  34       3               离散机1            26859.72        28421.72        1562.00        
  34       4               离散机6            29062.85        30100.85        1038.00        
  34       5               离散机4            32214.14        33343.14        1129.00        

工件 35:
  35       0               打印机3            0.00            29193.14        29193.14       
  35       1               批处理机2           29193.14        30028.14        835.00         
  35       2               离散机1            30028.14        31456.14        1428.00        
  35       3               离散机5            31456.14        32553.14        1097.00        

工件 36:
  36       0               打印机4            22605.72        37142.48        14536.76       
  36       1               批处理机2           37142.48        37977.48        835.00         
  36       2               离散机6            37977.48        38982.48        1005.00        
  36       3               离散机5            39317.48        40230.48        913.00         
  36       4               离散机6            40230.48        41410.48        1180.00        
  36       5               离散机7            41614.48        42823.48        1209.00        
  36       6               离散机5            43064.48        44005.48        941.00         
  36       7               离散机1            44883.48        45865.48        982.00         
  36       8               离散机2            48331.48        49345.48        1014.00        

工件 37:
  37       0               打印机3            0.00            29193.14        29193.14       
  37       1               批处理机2           29193.14        30028.14        835.00         

工件 38:
  38       0               打印机3            0.00            29193.14        29193.14       
  38       1               批处理机2           29193.14        30028.14        835.00         
  38       2               离散机7            32040.14        33305.14        1265.00        
  38       3               离散机3            33310.72        34257.72        947.00         
  38       4               离散机2            36874.72        37897.72        1023.00        
  38       5               离散机3            42001.48        43481.48        1480.00        
  38       6               离散机7            46455.48        47483.48        1028.00        

工件 39:
  39       0               打印机1            0.00            32541.00        32541.00       
  39       1               批处理机2           32541.00        33376.00        835.00         
  39       2               离散机1            33376.00        34743.00        1367.00        
  39       3               离散机7            44132.48        45350.48        1218.00        
  39       4               离散机1            51280.48        52810.48        1530.00        

工件 40:
  40       0               打印机4            22605.72        37142.48        14536.76       
  40       1               批处理机2           37142.48        37977.48        835.00         
  40       2               离散机4            37977.48        38968.48        991.00         
  40       3               离散机3            38968.48        40065.48        1097.00        
  40       4               离散机2            44528.48        46111.48        1583.00        
  40       5               离散机4            48606.48        49895.48        1289.00        

工件 41:
  41       0               打印机1            0.00            32541.00        32541.00       
  41       1               批处理机2           32541.00        33376.00        835.00         
  41       2               离散机4            40359.48        41881.48        1522.00        
  41       3               离散机7            50228.48        51827.48        1599.00        

工件 42:
  42       0               打印机4            0.00            22605.72        22605.72       
  42       1               批处理机2           22605.72        23440.72        835.00         
  42       2               离散机5            24944.72        26080.72        1136.00        
  42       3               离散机6            26180.85        27624.85        1444.00        
  42       4               离散机7            28488.72        30018.72        1530.00        
  42       5               离散机2            32834.72        34074.72        1240.00        
  42       6               离散机3            36738.00        37864.00        1126.00        
  42       7               离散机8            41886.48        43345.48        1459.00        
  42       8               离散机3            43481.48        45082.48        1601.00        
  42       9               离散机5            48716.48        49852.48        1136.00        

工件 43:
  43       0               打印机3            0.00            29193.14        29193.14       
  43       1               批处理机2           29193.14        30028.14        835.00         
  43       2               离散机3            30690.72        31826.72        1136.00        
  43       3               离散机7            37003.00        37945.00        942.00         
  43       4               离散机1            41702.48        42697.48        995.00         
  43       5               离散机5            44005.48        45324.48        1319.00        
  43       6               离散机3            46015.48        47004.48        989.00         
  43       7               离散机3            47004.48        48542.48        1538.00        
  43       8               离散机8            52002.48        53465.48        1463.00        

工件 44:
  44       0               打印机2            0.00            24259.85        24259.85       
  44       1               批处理机2           24259.85        25094.85        835.00         
  44       2               离散机8            25918.72        26936.72        1018.00        
  44       3               离散机2            28920.72        30356.72        1436.00        
  44       4               离散机2            30356.72        31569.72        1213.00        
  44       5               离散机6            31569.72        33157.72        1588.00        
  44       6               离散机5            34192.14        35207.14        1015.00        
  44       7               离散机5            35207.14        36766.14        1559.00        
  44       8               离散机5            41796.48        43064.48        1268.00        
  44       9               离散机2            47364.48        48331.48        967.00         

工件 45:
  45       0               打印机4            22605.72        37142.48        14536.76       
  45       1               批处理机2           37142.48        37977.48        835.00         
  45       2               离散机8            39415.48        40432.48        1017.00        
  45       3               离散机2            42937.48        44528.48        1591.00        
  45       4               离散机8            44872.48        45932.48        1060.00        
  45       5               离散机6            46301.48        47725.48        1424.00        
  45       6               离散机6            50537.48        51636.48        1099.00        
  45       7               离散机2            51999.48        53144.48        1145.00        

工件 46:
  46       0               打印机4            0.00            22605.72        22605.72       
  46       1               批处理机2           22605.72        23440.72        835.00         
  46       2               离散机1            23440.72        24970.72        1530.00        
  46       3               离散机7            24970.72        26070.72        1100.00        
  46       4               离散机7            26070.72        27300.72        1230.00        
  46       5               离散机7            27300.72        28488.72        1188.00        
  46       6               离散机7            35505.00        37003.00        1498.00        
  46       7               离散机4            51500.48        52841.48        1341.00        

工件 47:
  47       0               打印机1            0.00            32541.00        32541.00       
  47       1               批处理机2           32541.00        33376.00        835.00         
  47       2               离散机6            34477.00        35520.00        1043.00        
  47       3               离散机1            43653.48        44883.48        1230.00        
  47       4               离散机8            45932.48        47428.48        1496.00        
  47       5               离散机8            47428.48        48888.48        1460.00        
  47       6               离散机7            53148.48        54148.48        1000.00        

工件 48:
  48       0               打印机3            0.00            29193.14        29193.14       
  48       1               批处理机2           29193.14        30028.14        835.00         
  48       2               离散机4            30028.14        30999.14        971.00         
  48       3               离散机3            31826.72        33310.72        1484.00        
  48       4               离散机4            35598.00        36607.00        1009.00        
  48       5               离散机6            38982.48        40173.48        1191.00        
  48       6               离散机1            42697.48        43653.48        956.00         
  48       7               离散机1            49676.48        51280.48        1604.00        

工件 49:
  49       0               打印机4            0.00            22605.72        22605.72       
  49       1               批处理机2           22605.72        23440.72        835.00         
  49       2               离散机6            23440.72        24369.72        929.00         
  49       3               离散机2            24369.72        25726.72        1357.00        
  49       4               离散机3            25726.72        26644.72        918.00         
  49       5               离散机8            26936.72        27895.72        959.00         
  49       6               离散机4            52841.48        53766.48        925.00         

【机器加工顺序记录】
----------------------------------------------------------------------------------------------------

打印机1:
工件号      工序号             开始时间            结束时间            加工时长           
--------------------------------------------------------------------------------
  2        0               0.00            32541.00        32541.00       
  7        0               0.00            32541.00        32541.00       
  22       0               0.00            32541.00        32541.00       
  23       0               0.00            32541.00        32541.00       
  30       0               0.00            32541.00        32541.00       
  32       0               0.00            32541.00        32541.00       
  39       0               0.00            32541.00        32541.00       
  41       0               0.00            32541.00        32541.00       
  47       0               0.00            32541.00        32541.00       

  机器利用率: 540.86% (忙碌时间: 292869.00 / 总时间: 54148.48)

打印机2:
工件号      工序号             开始时间            结束时间            加工时长           
--------------------------------------------------------------------------------
  0        0               0.00            24259.85        24259.85       
  10       0               0.00            24259.85        24259.85       
  12       0               0.00            24259.85        24259.85       
  13       0               0.00            24259.85        24259.85       
  21       0               0.00            24259.85        24259.85       
  33       0               0.00            24259.85        24259.85       
  34       0               0.00            24259.85        24259.85       
  44       0               0.00            24259.85        24259.85       

  机器利用率: 358.42% (忙碌时间: 194078.81 / 总时间: 54148.48)

打印机3:
工件号      工序号             开始时间            结束时间            加工时长           
--------------------------------------------------------------------------------
  5        0               0.00            29193.14        29193.14       
  9        0               0.00            29193.14        29193.14       
  16       0               0.00            29193.14        29193.14       
  18       0               0.00            29193.14        29193.14       
  28       0               0.00            29193.14        29193.14       
  29       0               0.00            29193.14        29193.14       
  35       0               0.00            29193.14        29193.14       
  37       0               0.00            29193.14        29193.14       
  38       0               0.00            29193.14        29193.14       
  43       0               0.00            29193.14        29193.14       
  48       0               0.00            29193.14        29193.14       

  机器利用率: 593.04% (忙碌时间: 321124.51 / 总时间: 54148.48)

打印机4:
工件号      工序号             开始时间            结束时间            加工时长           
--------------------------------------------------------------------------------
  1        0               0.00            22605.72        22605.72       
  4        0               0.00            22605.72        22605.72       
  6        0               0.00            22605.72        22605.72       
  14       0               0.00            22605.72        22605.72       
  17       0               0.00            22605.72        22605.72       
  20       0               0.00            22605.72        22605.72       
  25       0               0.00            22605.72        22605.72       
  27       0               0.00            22605.72        22605.72       
  42       0               0.00            22605.72        22605.72       
  46       0               0.00            22605.72        22605.72       
  49       0               0.00            22605.72        22605.72       
  11       0               22605.72        37142.48        14536.76       
  15       0               22605.72        37142.48        14536.76       
  19       0               22605.72        37142.48        14536.76       
  26       0               22605.72        37142.48        14536.76       
  36       0               22605.72        37142.48        14536.76       
  40       0               22605.72        37142.48        14536.76       
  45       0               22605.72        37142.48        14536.76       
  3        0               37142.48        46748.21        9605.72        
  8        0               37142.48        46748.21        9605.72        
  24       0               37142.48        46748.21        9605.72        
  31       0               37142.48        46748.21        9605.72        

  机器利用率: 718.11% (忙碌时间: 388843.17 / 总时间: 54148.48)

批处理机1:
工件号      工序号             开始时间            结束时间            加工时长           
--------------------------------------------------------------------------------

  机器利用率: 0.00% (忙碌时间: 0.00 / 总时间: 54148.48)

批处理机2:
工件号      工序号             开始时间            结束时间            加工时长           
--------------------------------------------------------------------------------
  1        1               22605.72        23440.72        835.00         
  4        1               22605.72        23440.72        835.00         
  6        1               22605.72        23440.72        835.00         
  14       1               22605.72        23440.72        835.00         
  17       1               22605.72        23440.72        835.00         
  20       1               22605.72        23440.72        835.00         
  25       1               22605.72        23440.72        835.00         
  27       1               22605.72        23440.72        835.00         
  42       1               22605.72        23440.72        835.00         
  46       1               22605.72        23440.72        835.00         
  49       1               22605.72        23440.72        835.00         
  0        1               24259.85        25094.85        835.00         
  10       1               24259.85        25094.85        835.00         
  12       1               24259.85        25094.85        835.00         
  13       1               24259.85        25094.85        835.00         
  21       1               24259.85        25094.85        835.00         
  33       1               24259.85        25094.85        835.00         
  34       1               24259.85        25094.85        835.00         
  44       1               24259.85        25094.85        835.00         
  5        1               29193.14        30028.14        835.00         
  9        1               29193.14        30028.14        835.00         
  16       1               29193.14        30028.14        835.00         
  18       1               29193.14        30028.14        835.00         
  28       1               29193.14        30028.14        835.00         
  29       1               29193.14        30028.14        835.00         
  35       1               29193.14        30028.14        835.00         
  37       1               29193.14        30028.14        835.00         
  38       1               29193.14        30028.14        835.00         
  43       1               29193.14        30028.14        835.00         
  48       1               29193.14        30028.14        835.00         
  2        1               32541.00        33376.00        835.00         
  7        1               32541.00        33376.00        835.00         
  22       1               32541.00        33376.00        835.00         
  23       1               32541.00        33376.00        835.00         
  30       1               32541.00        33376.00        835.00         
  32       1               32541.00        33376.00        835.00         
  39       1               32541.00        33376.00        835.00         
  41       1               32541.00        33376.00        835.00         
  47       1               32541.00        33376.00        835.00         
  11       1               37142.48        37977.48        835.00         
  15       1               37142.48        37977.48        835.00         
  19       1               37142.48        37977.48        835.00         
  26       1               37142.48        37977.48        835.00         
  36       1               37142.48        37977.48        835.00         
  40       1               37142.48        37977.48        835.00         
  45       1               37142.48        37977.48        835.00         
  3        1               46748.21        47583.21        835.00         
  8        1               46748.21        47583.21        835.00         
  24       1               46748.21        47583.21        835.00         
  31       1               46748.21        47583.21        835.00         

  机器利用率: 77.10% (忙碌时间: 41750.00 / 总时间: 54148.48)

离散机1:
工件号      工序号             开始时间            结束时间            加工时长           
--------------------------------------------------------------------------------
  46       2               23440.72        24970.72        1530.00        
  20       2               24970.72        25930.72        960.00         
  34       2               25930.72        26859.72        929.00         
  34       3               26859.72        28421.72        1562.00        
  27       6               28745.72        29789.72        1044.00        
  35       2               30028.14        31456.14        1428.00        
  9        2               31456.14        33094.14        1638.00        
  39       2               33376.00        34743.00        1367.00        
  30       2               34743.00        36521.00        1778.00        
  22       3               36521.00        37507.00        986.00         
  7        3               37507.00        38870.00        1363.00        
  26       3               38997.48        40791.48        1794.00        
  14       6               40791.48        41702.48        911.00         
  43       4               41702.48        42697.48        995.00         
  48       6               42697.48        43653.48        956.00         
  47       3               43653.48        44883.48        1230.00        
  36       7               44883.48        45865.48        982.00         
  7        5               45865.48        47295.48        1430.00        
  1        7               47295.48        48229.48        934.00         
  2        7               48229.48        49676.48        1447.00        
  48       7               49676.48        51280.48        1604.00        
  39       4               51280.48        52810.48        1530.00        

  机器利用率: 52.44% (忙碌时间: 28398.00 / 总时间: 54148.48)

离散机2:
工件号      工序号             开始时间            结束时间            加工时长           
--------------------------------------------------------------------------------
  49       3               24369.72        25726.72        1357.00        
  27       4               25835.72        27442.72        1607.00        
  1        3               27442.72        28920.72        1478.00        
  44       3               28920.72        30356.72        1436.00        
  44       4               30356.72        31569.72        1213.00        
  13       3               31569.72        32834.72        1265.00        
  42       5               32834.72        34074.72        1240.00        
  25       4               34074.72        35572.72        1498.00        
  2        4               35572.72        36874.72        1302.00        
  38       4               36874.72        37897.72        1023.00        
  15       2               37977.48        39274.48        1297.00        
  22       4               39274.48        40353.48        1079.00        
  7        4               40353.48        41801.48        1448.00        
  11       4               41886.48        42937.48        1051.00        
  45       3               42937.48        44528.48        1591.00        
  40       4               44528.48        46111.48        1583.00        
  2        6               46111.48        47364.48        1253.00        
  44       9               47364.48        48331.48        967.00         
  36       8               48331.48        49345.48        1014.00        
  6        6               49345.48        51076.48        1731.00        
  9        8               51076.48        51999.48        923.00         
  45       7               51999.48        53144.48        1145.00        

  机器利用率: 52.63% (忙碌时间: 28501.00 / 总时间: 54148.48)

离散机3:
工件号      工序号             开始时间            结束时间            加工时长           
--------------------------------------------------------------------------------
  14       2               23440.72        24792.72        1352.00        
  49       4               25726.72        26644.72        918.00         
  20       3               26644.72        27763.72        1119.00        
  20       4               27763.72        28920.72        1157.00        
  1        4               28920.72        30690.72        1770.00        
  43       2               30690.72        31826.72        1136.00        
  48       3               31826.72        33310.72        1484.00        
  38       3               33310.72        34257.72        947.00         
  23       3               34378.00        35607.00        1229.00        
  9        4               35607.00        36738.00        1131.00        
  42       6               36738.00        37864.00        1126.00        
  30       4               37864.00        38826.00        962.00         
  40       3               38968.48        40065.48        1097.00        
  19       3               40065.48        41091.48        1026.00        
  23       6               41091.48        42001.48        910.00         
  38       5               42001.48        43481.48        1480.00        
  42       8               43481.48        45082.48        1601.00        
  30       6               45082.48        46015.48        933.00         
  43       6               46015.48        47004.48        989.00         
  43       7               47004.48        48542.48        1538.00        
  16       6               48542.48        49747.48        1205.00        
  11       8               49747.48        51432.48        1685.00        
  11       9               51432.48        52977.48        1545.00        

  机器利用率: 52.34% (忙碌时间: 28340.00 / 总时间: 54148.48)

离散机4:
工件号      工序号             开始时间            结束时间            加工时长           
--------------------------------------------------------------------------------
  17       2               23440.72        24431.72        991.00         
  27       3               24837.72        25835.72        998.00         
  25       3               25835.72        27320.72        1485.00        
  0        2               27320.72        28384.72        1064.00        
  6        3               28384.72        29566.72        1182.00        
  48       2               30028.14        30999.14        971.00         
  16       3               30999.14        32214.14        1215.00        
  34       5               32214.14        33343.14        1129.00        
  2        2               33376.00        34373.00        997.00         
  22       2               34373.00        35598.00        1225.00        
  48       4               35598.00        36607.00        1009.00        
  20       6               36607.00        37769.00        1162.00        
  40       2               37977.48        38968.48        991.00         
  13       4               38968.48        40359.48        1391.00        
  41       2               40359.48        41881.48        1522.00        
  14       7               41881.48        42845.48        964.00         
  11       5               42937.48        44236.48        1299.00        
  11       6               44236.48        45774.48        1538.00        
  13       5               45774.48        47239.48        1465.00        
  6        5               47239.48        48606.48        1367.00        
  40       5               48606.48        49895.48        1289.00        
  30       7               49895.48        51500.48        1605.00        
  46       7               51500.48        52841.48        1341.00        
  49       6               52841.48        53766.48        925.00         

  机器利用率: 53.79% (忙碌时间: 29125.00 / 总时间: 54148.48)

离散机5:
工件号      工序号             开始时间            结束时间            加工时长           
--------------------------------------------------------------------------------
  1        2               23440.72        24944.72        1504.00        
  42       2               24944.72        26080.72        1136.00        
  6        2               26080.72        27291.72        1211.00        
  27       5               27442.72        28745.72        1303.00        
  33       2               28745.72        30284.72        1539.00        
  20       5               30284.72        31226.72        942.00         
  35       3               31456.14        32553.14        1097.00        
  9        3               33094.14        34192.14        1098.00        
  44       6               34192.14        35207.14        1015.00        
  44       7               35207.14        36766.14        1559.00        
  9        5               36766.14        37972.14        1206.00        
  19       2               37977.48        39317.48        1340.00        
  36       3               39317.48        40230.48        913.00         
  16       4               40230.48        41796.48        1566.00        
  44       8               41796.48        43064.48        1268.00        
  36       6               43064.48        44005.48        941.00         
  43       5               44005.48        45324.48        1319.00        
  9        6               45324.48        46733.48        1409.00        
  26       4               46733.48        47720.48        987.00         
  11       7               47720.48        48716.48        996.00         
  42       9               48716.48        49852.48        1136.00        
  2        8               49852.48        50926.48        1074.00        
  7        7               50926.48        52095.48        1169.00        
  6        7               52095.48        53157.48        1062.00        

  机器利用率: 53.17% (忙碌时间: 28790.00 / 总时间: 54148.48)

离散机6:
工件号      工序号             开始时间            结束时间            加工时长           
--------------------------------------------------------------------------------
  49       2               23440.72        24369.72        929.00         
  13       2               25094.85        26180.85        1086.00        
  42       3               26180.85        27624.85        1444.00        
  14       4               27624.85        29062.85        1438.00        
  34       4               29062.85        30100.85        1038.00        
  18       2               30100.85        31202.85        1102.00        
  44       5               31569.72        33157.72        1588.00        
  7        2               33376.00        34477.00        1101.00        
  47       2               34477.00        35520.00        1043.00        
  23       4               35607.00        36551.00        944.00         
  30       3               36551.00        37680.00        1129.00        
  36       2               37977.48        38982.48        1005.00        
  48       5               38982.48        40173.48        1191.00        
  36       4               40230.48        41410.48        1180.00        
  15       3               41410.48        43057.48        1647.00        
  16       5               43057.48        44228.48        1171.00        
  22       5               44228.48        45228.48        1000.00        
  32       2               45228.48        46301.48        1073.00        
  45       5               46301.48        47725.48        1424.00        
  22       6               47725.48        49303.48        1578.00        
  23       8               49303.48        50537.48        1234.00        
  45       6               50537.48        51636.48        1099.00        
  18       4               51636.48        53322.48        1686.00        

  机器利用率: 51.95% (忙碌时间: 28130.00 / 总时间: 54148.48)

离散机7:
工件号      工序号             开始时间            结束时间            加工时长           
--------------------------------------------------------------------------------
  27       2               23440.72        24837.72        1397.00        
  46       3               24970.72        26070.72        1100.00        
  46       4               26070.72        27300.72        1230.00        
  46       5               27300.72        28488.72        1188.00        
  42       4               28488.72        30018.72        1530.00        
  16       2               30028.14        30981.14        953.00         
  28       2               30981.14        32040.14        1059.00        
  38       2               32040.14        33305.14        1265.00        
  1        6               33305.14        34359.14        1054.00        
  2        3               34373.00        35505.00        1132.00        
  46       6               35505.00        37003.00        1498.00        
  43       3               37003.00        37945.00        942.00         
  26       2               37977.48        38997.48        1020.00        
  14       5               38997.48        40189.48        1192.00        
  2        5               40189.48        41614.48        1425.00        
  36       5               41614.48        42823.48        1209.00        
  30       5               42823.48        44132.48        1309.00        
  39       3               44132.48        45350.48        1218.00        
  6        4               45350.48        46455.48        1105.00        
  38       6               46455.48        47483.48        1028.00        
  15       4               47483.48        49163.48        1680.00        
  7        6               49163.48        50228.48        1065.00        
  41       3               50228.48        51827.48        1599.00        
  10       2               51827.48        53148.48        1321.00        
  47       6               53148.48        54148.48        1000.00        

  机器利用率: 56.36% (忙碌时间: 30519.00 / 总时间: 54148.48)

离散机8:
工件号      工序号             开始时间            结束时间            加工时长           
--------------------------------------------------------------------------------
  25       2               23440.72        24584.72        1144.00        
  14       3               24792.72        25918.72        1126.00        
  44       2               25918.72        26936.72        1018.00        
  49       5               26936.72        27895.72        959.00         
  12       2               27895.72        28825.72        930.00         
  5        2               30028.14        30968.14        940.00         
  1        5               30968.14        32554.14        1586.00        
  23       2               33376.00        34378.00        1002.00        
  18       3               34378.00        35983.00        1605.00        
  23       5               36551.00        37911.00        1360.00        
  11       2               37977.48        39415.48        1438.00        
  45       2               39415.48        40432.48        1017.00        
  11       3               40432.48        41886.48        1454.00        
  42       7               41886.48        43345.48        1459.00        
  23       7               43345.48        44872.48        1527.00        
  45       4               44872.48        45932.48        1060.00        
  47       4               45932.48        47428.48        1496.00        
  47       5               47428.48        48888.48        1460.00        
  9        7               48888.48        50686.48        1798.00        
  15       5               50686.48        52002.48        1316.00        
  43       8               52002.48        53465.48        1463.00        

  机器利用率: 50.15% (忙碌时间: 27158.00 / 总时间: 54148.48)

【打印批次详细信息】
----------------------------------------------------------------------------------------------------

打印机 1 (尺寸: 1061.0 x 460.0 x 511.0):
--------------------------------------------------------------------------------
  批次 1: 零件数=9, 占用率=81.81%
    - 22: 尺寸 59.0 x 130.0 x 135.0
    - 47: 尺寸 555.0 x 334.0 x 118.0
    - 41: 尺寸 444.0 x 226.0 x 15.0
    - 30: 尺寸 57.0 x 51.0 x 63.0
    - 39: 尺寸 243.0 x 134.0 x 70.0
    - 7: 尺寸 153.0 x 146.0 x 90.0
    - 2: 尺寸 71.0 x 197.0 x 91.0
    - 23: 尺寸 263.0 x 91.0 x 136.0
    - 32: 尺寸 117.0 x 87.0 x 57.0

打印机 2 (尺寸: 1102.0 x 487.0 x 623.0):
--------------------------------------------------------------------------------
  批次 1: 零件数=8, 占用率=68.95%
    - 0: 尺寸 60.0 x 69.0 x 11.0
    - 33: 尺寸 112.0 x 98.0 x 19.0
    - 10: 尺寸 140.0 x 79.0 x 32.0
    - 44: 尺寸 632.0 x 309.0 x 29.0
    - 34: 尺寸 151.0 x 136.0 x 15.0
    - 12: 尺寸 138.0 x 94.0 x 44.0
    - 21: 尺寸 92.0 x 200.0 x 13.0
    - 13: 尺寸 636.0 x 152.0 x 46.0

打印机 3 (尺寸: 977.0 x 403.0 x 687.0):
--------------------------------------------------------------------------------
  批次 1: 零件数=11, 占用率=82.19%
    - 18: 尺寸 284.0 x 172.0 x 110.0
    - 38: 尺寸 480.0 x 86.0 x 105.0
    - 28: 尺寸 207.0 x 159.0 x 88.0
    - 16: 尺寸 438.0 x 159.0 x 84.0
    - 9: 尺寸 206.0 x 137.0 x 68.0
    - 35: 尺寸 147.0 x 74.0 x 98.0
    - 5: 尺寸 86.0 x 145.0 x 67.0
    - 48: 尺寸 362.0 x 158.0 x 102.0
    - 37: 尺寸 54.0 x 158.0 x 89.0
    - 43: 尺寸 69.0 x 76.0 x 28.0
    - 29: 尺寸 90.0 x 93.0 x 92.0

打印机 4 (尺寸: 1162.0 x 485.0 x 618.0):
--------------------------------------------------------------------------------
  批次 1: 零件数=11, 占用率=93.43%
    - 17: 尺寸 183.0 x 141.0 x 188.0
    - 6: 尺寸 501.0 x 339.0 x 185.0
    - 49: 尺寸 476.0 x 230.0 x 168.0
    - 42: 尺寸 183.0 x 168.0 x 70.0
    - 46: 尺寸 463.0 x 229.0 x 199.0
    - 27: 尺寸 80.0 x 113.0 x 151.0
    - 4: 尺寸 98.0 x 66.0 x 169.0
    - 20: 尺寸 185.0 x 136.0 x 179.0
    - 1: 尺寸 197.0 x 108.0 x 87.0
    - 14: 尺寸 129.0 x 111.0 x 73.0
    - 25: 尺寸 80.0 x 105.0 x 86.0
  批次 2: 零件数=7, 占用率=72.38%
    - 36: 尺寸 288.0 x 192.0 x 89.0
    - 11: 尺寸 222.0 x 255.0 x 86.0
    - 19: 尺寸 86.0 x 255.0 x 76.0
    - 15: 尺寸 561.0 x 343.0 x 127.0
    - 45: 尺寸 160.0 x 143.0 x 116.0
    - 40: 尺寸 124.0 x 64.0 x 42.0
    - 26: 尺寸 371.0 x 137.0 x 62.0
  批次 3: 零件数=4, 占用率=70.73%
    - 3: 尺寸 550.0 x 193.0 x 83.0
    - 31: 尺寸 359.0 x 232.0 x 75.0
    - 24: 尺寸 250.0 x 310.0 x 57.0
    - 8: 尺寸 451.0 x 292.0 x 10.0

════════════════════════════════════════════════════════════════
