════════════════════════════════════════════════════════════════
              最优Cmax解的详细调度记录
════════════════════════════════════════════════════════════════

【基本信息】
----------------------------------------------------------------------------------------------------
Cmax (最大完工时间): 38263.86
能耗: 215.17 kWh
装箱质量: 0.4508
批次总数: 3
工件数量: 20
机器数量: 10 (打印机:3, 批处理机:2, 离散机:5)

【染色体编码】
----------------------------------------------------------------------------------------------------
工序序列 (OS): [4, 17, 5, 3, 12, 18, 8, 15, 6, 14, 16, 9, 10, 19, 0, 11, 2, 7, 1, 13, 17, 6, 14, 14, 3, 13, 4, 4, 17, 14, 11, 8, 10, 9, 0, 9, 1, 11, 16, 4, 11, 3, 14, 17, 0, 11, 16, 6, 2, 0, 4, 17, 11, 9, 3, 1, 16, 6, 4, 3, 7, 0, 4, 3, 1, 2, 17, 13, 8, 4, 8, 13, 1, 8, 0, 17, 0, 7, 14, 3, 18, 13, 4, 18, 11, 13, 2, 0, 6, 1, 19, 11, 14, 6, 8, 16, 14, 0, 7]
机器选择 (MS): [2, 3, 3, 2, 3, 3, 1, 1, 1, 2, 3, 3, 3, 3, 2, 2, 3, 2, 2, 2, 1, 1, 1, 1, 2, 3, 2, 1, 2, 1, 2, 2, 2, 1, 1, 1, 1, 1, 1, 1, 3, 1, 1, 1, 2, 1, 1, 1, 1, 1, 2, 2, 1, 1, 1, 2, 1, 1, 1, 1, 1, 1, 1, 1, 3, 1, 1, 2, 1, 2, 2, 3, 2, 1, 2, 2, 2, 1, 3, 2, 2, 1, 3, 2, 1, 3, 1, 2, 1, 2, 1, 3, 1, 1, 2, 2, 2, 1, 3]

【零件加工顺序记录】
----------------------------------------------------------------------------------------------------
工件号      工序号             机器号             开始时间            结束时间            加工时长           
----------------------------------------------------------------------------------------------------

工件 0:
  0        0               打印机2            0.00            13812.30        13812.30       
  0        1               批处理机2           13812.30        14907.30        1095.00        
  0        2               离散机1            17687.30        18763.30        1076.00        
  0        3               离散机4            20176.30        21320.30        1144.00        
  0        4               离散机5            21320.30        22672.30        1352.00        
  0        5               离散机4            22672.30        23610.30        938.00         
  0        6               离散机3            25431.30        26858.30        1427.00        
  0        7               离散机5            27048.30        27998.30        950.00         
  0        8               离散机4            27998.30        29050.30        1052.00        
  0        9               离散机3            29825.30        31018.30        1193.00        

工件 1:
  1        0               打印机2            0.00            13812.30        13812.30       
  1        1               批处理机2           13812.30        14907.30        1095.00        
  1        2               离散机5            14907.30        16168.30        1261.00        
  1        3               离散机1            18763.30        19689.30        926.00         
  1        4               离散机4            21320.30        22531.30        1211.00        
  1        5               离散机5            22672.30        23593.30        921.00         
  1        6               离散机2            23593.30        24494.30        901.00         

工件 2:
  2        0               打印机3            0.00            28723.86        28723.86       
  2        1               批处理机2           28723.86        29818.86        1095.00        
  2        2               离散机1            32690.86        34282.86        1592.00        
  2        3               离散机1            34282.86        35439.86        1157.00        
  2        4               离散机2            36757.86        37728.86        971.00         

工件 3:
  3        0               打印机2            0.00            13812.30        13812.30       
  3        1               批处理机2           13812.30        14907.30        1095.00        
  3        2               离散机3            14907.30        16482.30        1575.00        
  3        3               离散机4            17170.30        18970.30        1800.00        
  3        4               离散机5            18970.30        20534.30        1564.00        
  3        5               离散机1            20861.30        21887.30        1026.00        
  3        6               离散机4            23610.30        25065.30        1455.00        
  3        7               离散机4            25065.30        26731.30        1666.00        

工件 4:
  4        0               打印机2            0.00            13812.30        13812.30       
  4        1               批处理机2           13812.30        14907.30        1095.00        
  4        2               离散机1            14907.30        16493.30        1586.00        
  4        3               离散机1            16493.30        17687.30        1194.00        
  4        4               离散机3            19796.30        21355.30        1559.00        
  4        5               离散机2            21355.30        22644.30        1289.00        
  4        6               离散机1            22644.30        24258.30        1614.00        
  4        7               离散机5            24833.30        25738.30        905.00         
  4        8               离散机1            25738.30        27140.30        1402.00        
  4        9               离散机1            35439.86        36854.86        1415.00        

工件 5:
  5        0               打印机3            0.00            28723.86        28723.86       
  5        1               批处理机2           28723.86        29818.86        1095.00        

工件 6:
  6        0               打印机1            0.00            4864.27         4864.27        
  6        1               批处理机2           4864.27         5959.27         1095.00        
  6        2               离散机5            5959.27         7006.27         1047.00        
  6        3               离散机3            7006.27         8687.27         1681.00        
  6        4               离散机3            8687.27         10348.27        1661.00        
  6        5               离散机1            10348.27        11674.27        1326.00        
  6        6               离散机3            11674.27        12952.27        1278.00        

工件 7:
  7        0               打印机2            0.00            13812.30        13812.30       
  7        1               批处理机2           13812.30        14907.30        1095.00        
  7        2               离散机3            23735.30        25431.30        1696.00        
  7        3               离散机1            27140.30        28315.30        1175.00        
  7        4               离散机5            34123.86        35560.86        1437.00        

工件 8:
  8        0               打印机1            0.00            4864.27         4864.27        
  8        1               批处理机2           4864.27         5959.27         1095.00        
  8        2               离散机1            5959.27         7188.27         1229.00        
  8        3               离散机2            7188.27         8298.27         1110.00        
  8        4               离散机5            8298.27         9926.27         1628.00        
  8        5               离散机2            9926.27         10843.27        917.00         
  8        6               离散机3            12952.27        14690.27        1738.00        

工件 9:
  9        0               打印机3            0.00            28723.86        28723.86       
  9        1               批处理机2           28723.86        29818.86        1095.00        
  9        2               离散机1            29818.86        31403.86        1585.00        
  9        3               离散机4            31875.86        33315.86        1440.00        
  9        4               离散机3            35069.86        36779.86        1710.00        

工件 10:
  10       0               打印机3            0.00            28723.86        28723.86       
  10       1               批处理机2           28723.86        29818.86        1095.00        
  10       2               离散机4            30857.86        31875.86        1018.00        

工件 11:
  11       0               打印机2            0.00            13812.30        13812.30       
  11       1               批处理机2           13812.30        14907.30        1095.00        
  11       2               离散机3            18835.30        19796.30        961.00         
  11       3               离散机1            19796.30        20861.30        1065.00        
  11       4               离散机3            21355.30        22737.30        1382.00        
  11       5               离散机3            22737.30        23735.30        998.00         
  11       6               离散机5            23735.30        24833.30        1098.00        
  11       7               离散机3            26858.30        28354.30        1496.00        
  11       8               离散机5            28354.30        29522.30        1168.00        

工件 12:
  12       0               打印机3            0.00            28723.86        28723.86       
  12       1               批处理机2           28723.86        29818.86        1095.00        

工件 13:
  13       0               打印机2            0.00            13812.30        13812.30       
  13       1               批处理机2           13812.30        14907.30        1095.00        
  13       2               离散机3            16482.30        17670.30        1188.00        
  13       3               离散机5            17670.30        18790.30        1120.00        
  13       4               离散机5            25738.30        27048.30        1310.00        
  13       5               离散机1            28315.30        29224.30        909.00         
  13       6               离散机5            32153.86        33179.86        1026.00        

工件 14:
  14       0               打印机2            0.00            13812.30        13812.30       
  14       1               批处理机2           13812.30        14907.30        1095.00        
  14       2               离散机4            14907.30        16264.30        1357.00        
  14       3               离散机4            16264.30        17170.30        906.00         
  14       4               离散机3            17670.30        18835.30        1165.00        
  14       5               离散机4            18970.30        20176.30        1206.00        
  14       6               离散机2            20176.30        21189.30        1013.00        
  14       7               离散机1            24258.30        25479.30        1221.00        
  14       8               离散机3            28354.30        29825.30        1471.00        

工件 15:
  15       0               打印机1            0.00            4864.27         4864.27        
  15       1               批处理机2           4864.27         5959.27         1095.00        

工件 16:
  16       0               打印机3            0.00            28723.86        28723.86       
  16       1               批处理机2           28723.86        29818.86        1095.00        
  16       2               离散机1            31403.86        32690.86        1287.00        
  16       3               离散机3            33885.86        35069.86        1184.00        
  16       4               离散机2            35670.86        36757.86        1087.00        
  16       5               离散机3            36779.86        38030.86        1251.00        

工件 17:
  17       0               打印机3            0.00            28723.86        28723.86       
  17       1               批处理机2           28723.86        29818.86        1095.00        
  17       2               离散机4            29818.86        30857.86        1039.00        
  17       3               离散机5            30857.86        32153.86        1296.00        
  17       4               离散机3            32153.86        33885.86        1732.00        
  17       5               离散机2            33885.86        35670.86        1785.00        
  17       6               离散机5            35670.86        37016.86        1346.00        
  17       7               离散机5            37016.86        38263.86        1247.00        

工件 18:
  18       0               打印机3            0.00            28723.86        28723.86       
  18       1               批处理机2           28723.86        29818.86        1095.00        
  18       2               离散机5            29818.86        30752.86        934.00         
  18       3               离散机2            30752.86        32013.86        1261.00        

工件 19:
  19       0               打印机3            0.00            28723.86        28723.86       
  19       1               批处理机2           28723.86        29818.86        1095.00        
  19       2               离散机5            33179.86        34123.86        944.00         

【机器加工顺序记录】
----------------------------------------------------------------------------------------------------

打印机1:
工件号      工序号             开始时间            结束时间            加工时长           
--------------------------------------------------------------------------------
  6        0               0.00            4864.27         4864.27        
  8        0               0.00            4864.27         4864.27        
  15       0               0.00            4864.27         4864.27        

  机器利用率: 38.14% (忙碌时间: 14592.82 / 总时间: 38263.86)

打印机2:
工件号      工序号             开始时间            结束时间            加工时长           
--------------------------------------------------------------------------------
  0        0               0.00            13812.30        13812.30       
  1        0               0.00            13812.30        13812.30       
  3        0               0.00            13812.30        13812.30       
  4        0               0.00            13812.30        13812.30       
  7        0               0.00            13812.30        13812.30       
  11       0               0.00            13812.30        13812.30       
  13       0               0.00            13812.30        13812.30       
  14       0               0.00            13812.30        13812.30       

  机器利用率: 288.78% (忙碌时间: 110498.43 / 总时间: 38263.86)

打印机3:
工件号      工序号             开始时间            结束时间            加工时长           
--------------------------------------------------------------------------------
  2        0               0.00            28723.86        28723.86       
  5        0               0.00            28723.86        28723.86       
  9        0               0.00            28723.86        28723.86       
  10       0               0.00            28723.86        28723.86       
  12       0               0.00            28723.86        28723.86       
  16       0               0.00            28723.86        28723.86       
  17       0               0.00            28723.86        28723.86       
  18       0               0.00            28723.86        28723.86       
  19       0               0.00            28723.86        28723.86       

  机器利用率: 675.61% (忙碌时间: 258514.71 / 总时间: 38263.86)

批处理机1:
工件号      工序号             开始时间            结束时间            加工时长           
--------------------------------------------------------------------------------

  机器利用率: 0.00% (忙碌时间: 0.00 / 总时间: 38263.86)

批处理机2:
工件号      工序号             开始时间            结束时间            加工时长           
--------------------------------------------------------------------------------
  6        1               4864.27         5959.27         1095.00        
  8        1               4864.27         5959.27         1095.00        
  15       1               4864.27         5959.27         1095.00        
  0        1               13812.30        14907.30        1095.00        
  1        1               13812.30        14907.30        1095.00        
  3        1               13812.30        14907.30        1095.00        
  4        1               13812.30        14907.30        1095.00        
  7        1               13812.30        14907.30        1095.00        
  11       1               13812.30        14907.30        1095.00        
  13       1               13812.30        14907.30        1095.00        
  14       1               13812.30        14907.30        1095.00        
  2        1               28723.86        29818.86        1095.00        
  5        1               28723.86        29818.86        1095.00        
  9        1               28723.86        29818.86        1095.00        
  10       1               28723.86        29818.86        1095.00        
  12       1               28723.86        29818.86        1095.00        
  16       1               28723.86        29818.86        1095.00        
  17       1               28723.86        29818.86        1095.00        
  18       1               28723.86        29818.86        1095.00        
  19       1               28723.86        29818.86        1095.00        

  机器利用率: 57.23% (忙碌时间: 21900.00 / 总时间: 38263.86)

离散机1:
工件号      工序号             开始时间            结束时间            加工时长           
--------------------------------------------------------------------------------
  8        2               5959.27         7188.27         1229.00        
  6        5               10348.27        11674.27        1326.00        
  4        2               14907.30        16493.30        1586.00        
  4        3               16493.30        17687.30        1194.00        
  0        2               17687.30        18763.30        1076.00        
  1        3               18763.30        19689.30        926.00         
  11       3               19796.30        20861.30        1065.00        
  3        5               20861.30        21887.30        1026.00        
  4        6               22644.30        24258.30        1614.00        
  14       7               24258.30        25479.30        1221.00        
  4        8               25738.30        27140.30        1402.00        
  7        3               27140.30        28315.30        1175.00        
  13       5               28315.30        29224.30        909.00         
  9        2               29818.86        31403.86        1585.00        
  16       2               31403.86        32690.86        1287.00        
  2        2               32690.86        34282.86        1592.00        
  2        3               34282.86        35439.86        1157.00        
  4        9               35439.86        36854.86        1415.00        

  机器利用率: 59.55% (忙碌时间: 22785.00 / 总时间: 38263.86)

离散机2:
工件号      工序号             开始时间            结束时间            加工时长           
--------------------------------------------------------------------------------
  8        3               7188.27         8298.27         1110.00        
  8        5               9926.27         10843.27        917.00         
  14       6               20176.30        21189.30        1013.00        
  4        5               21355.30        22644.30        1289.00        
  1        6               23593.30        24494.30        901.00         
  18       3               30752.86        32013.86        1261.00        
  17       5               33885.86        35670.86        1785.00        
  16       4               35670.86        36757.86        1087.00        
  2        4               36757.86        37728.86        971.00         

  机器利用率: 27.01% (忙碌时间: 10334.00 / 总时间: 38263.86)

离散机3:
工件号      工序号             开始时间            结束时间            加工时长           
--------------------------------------------------------------------------------
  6        3               7006.27         8687.27         1681.00        
  6        4               8687.27         10348.27        1661.00        
  6        6               11674.27        12952.27        1278.00        
  8        6               12952.27        14690.27        1738.00        
  3        2               14907.30        16482.30        1575.00        
  13       2               16482.30        17670.30        1188.00        
  14       4               17670.30        18835.30        1165.00        
  11       2               18835.30        19796.30        961.00         
  4        4               19796.30        21355.30        1559.00        
  11       4               21355.30        22737.30        1382.00        
  11       5               22737.30        23735.30        998.00         
  7        2               23735.30        25431.30        1696.00        
  0        6               25431.30        26858.30        1427.00        
  11       7               26858.30        28354.30        1496.00        
  14       8               28354.30        29825.30        1471.00        
  0        9               29825.30        31018.30        1193.00        
  17       4               32153.86        33885.86        1732.00        
  16       3               33885.86        35069.86        1184.00        
  9        4               35069.86        36779.86        1710.00        
  16       5               36779.86        38030.86        1251.00        

  机器利用率: 74.08% (忙碌时间: 28346.00 / 总时间: 38263.86)

离散机4:
工件号      工序号             开始时间            结束时间            加工时长           
--------------------------------------------------------------------------------
  14       2               14907.30        16264.30        1357.00        
  14       3               16264.30        17170.30        906.00         
  3        3               17170.30        18970.30        1800.00        
  14       5               18970.30        20176.30        1206.00        
  0        3               20176.30        21320.30        1144.00        
  1        4               21320.30        22531.30        1211.00        
  0        5               22672.30        23610.30        938.00         
  3        6               23610.30        25065.30        1455.00        
  3        7               25065.30        26731.30        1666.00        
  0        8               27998.30        29050.30        1052.00        
  17       2               29818.86        30857.86        1039.00        
  10       2               30857.86        31875.86        1018.00        
  9        3               31875.86        33315.86        1440.00        

  机器利用率: 42.42% (忙碌时间: 16232.00 / 总时间: 38263.86)

离散机5:
工件号      工序号             开始时间            结束时间            加工时长           
--------------------------------------------------------------------------------
  6        2               5959.27         7006.27         1047.00        
  8        4               8298.27         9926.27         1628.00        
  1        2               14907.30        16168.30        1261.00        
  13       3               17670.30        18790.30        1120.00        
  3        4               18970.30        20534.30        1564.00        
  0        4               21320.30        22672.30        1352.00        
  1        5               22672.30        23593.30        921.00         
  11       6               23735.30        24833.30        1098.00        
  4        7               24833.30        25738.30        905.00         
  13       4               25738.30        27048.30        1310.00        
  0        7               27048.30        27998.30        950.00         
  11       8               28354.30        29522.30        1168.00        
  18       2               29818.86        30752.86        934.00         
  17       3               30857.86        32153.86        1296.00        
  13       6               32153.86        33179.86        1026.00        
  19       2               33179.86        34123.86        944.00         
  7        4               34123.86        35560.86        1437.00        
  17       6               35670.86        37016.86        1346.00        
  17       7               37016.86        38263.86        1247.00        

  机器利用率: 58.94% (忙碌时间: 22554.00 / 总时间: 38263.86)

【打印批次详细信息】
----------------------------------------------------------------------------------------------------

打印机 1 (尺寸: 1168.0 x 443.0 x 687.0):
--------------------------------------------------------------------------------
  批次 1: 零件数=3, 占用率=45.08%
    - 8: 尺寸 334.0 x 192.0 x 17.0
    - 15: 尺寸 346.0 x 168.0 x 15.0
    - 6: 尺寸 432.0 x 257.0 x 14.0

打印机 2 (尺寸: 1146.0 x 446.0 x 514.0):
--------------------------------------------------------------------------------
  批次 1: 零件数=8, 占用率=74.02%
    - 4: 尺寸 136.0 x 142.0 x 38.0
    - 3: 尺寸 319.0 x 149.0 x 64.0
    - 14: 尺寸 96.0 x 84.0 x 64.0
    - 0: 尺寸 581.0 x 352.0 x 68.0
    - 7: 尺寸 102.0 x 203.0 x 55.0
    - 11: 尺寸 64.0 x 153.0 x 65.0
    - 13: 尺寸 194.0 x 178.0 x 31.0
    - 1: 尺寸 385.0 x 88.0 x 77.0

打印机 3 (尺寸: 1078.0 x 483.0 x 616.0):
--------------------------------------------------------------------------------
  批次 1: 零件数=9, 占用率=75.98%
    - 17: 尺寸 204.0 x 87.0 x 197.0
    - 5: 尺寸 251.0 x 183.0 x 90.0
    - 12: 尺寸 411.0 x 155.0 x 43.0
    - 18: 尺寸 88.0 x 120.0 x 106.0
    - 10: 尺寸 82.0 x 148.0 x 195.0
    - 16: 尺寸 159.0 x 143.0 x 146.0
    - 19: 尺寸 69.0 x 169.0 x 37.0
    - 9: 尺寸 149.0 x 213.0 x 90.0
    - 2: 尺寸 650.0 x 276.0 x 77.0

════════════════════════════════════════════════════════════════
