════════════════════════════════════════════════════════════════
              最优Cmax解的详细调度记录
════════════════════════════════════════════════════════════════

【基本信息】
----------------------------------------------------------------------------------------------------
Cmax (最大完工时间): 43573.12
能耗: 116.98 kWh
装箱质量: 0.1873
批次总数: 3
工件数量: 10
机器数量: 5 (打印机:2, 批处理机:1, 离散机:2)

【染色体编码】
----------------------------------------------------------------------------------------------------
工序序列 (OS): [5, 3, 4, 6, 0, 7, 8, 2, 1, 9, 2, 0, 1, 4, 0, 6, 2, 0, 2, 6, 6, 5, 0, 6, 1, 6, 6, 7, 1, 1, 1, 4, 4, 6, 2, 2, 3, 3, 2, 6, 1, 3, 1, 7, 2, 3, 4, 4, 4]
机器选择 (MS): [1, 1, 1, 1, 1, 1, 1, 2, 1, 1, 1, 1, 2, 1, 1, 1, 1, 1, 1, 1, 1, 1, 1, 1, 1, 1, 2, 2, 1, 1, 1, 1, 2, 1, 1, 1, 1, 1, 1, 1, 1, 2, 1, 1, 2, 1, 1, 2, 1]

【零件加工顺序记录】
----------------------------------------------------------------------------------------------------
工件号      工序号             机器号             开始时间            结束时间            加工时长           
----------------------------------------------------------------------------------------------------

工件 0:
  0        0               打印机1            15160.59        31779.12        16618.53       
  0        1               批处理机1           31779.12        32718.12        939.00         
  0        2               离散机2            32718.12        34311.12        1593.00        
  0        3               离散机1            34311.12        35343.12        1032.00        
  0        4               离散机2            35343.12        36823.12        1480.00        
  0        5               离散机1            36823.12        37968.12        1145.00        

工件 1:
  1        0               打印机1            0.00            15160.59        15160.59       
  1        1               批处理机1           15160.59        16099.59        939.00         
  1        2               离散机1            16256.24        17593.24        1337.00        
  1        3               离散机2            17593.24        19041.24        1448.00        
  1        4               离散机2            23890.24        25488.24        1598.00        
  1        5               离散机1            26625.24        27778.24        1153.00        
  1        6               离散机2            27965.24        28981.24        1016.00        
  1        7               离散机2            37965.12        39531.12        1566.00        
  1        8               离散机2            39531.12        41048.12        1517.00        

工件 2:
  2        0               打印机2            0.00            14134.24        14134.24       
  2        1               批处理机1           14134.24        15073.24        939.00         
  2        2               离散机1            15073.24        16256.24        1183.00        
  2        3               离散机1            19300.24        20838.24        1538.00        
  2        4               离散机2            20838.24        22484.24        1646.00        
  2        5               离散机1            30477.24        31686.24        1209.00        
  2        6               离散机1            31686.24        33179.24        1493.00        
  2        7               离散机2            34311.12        35246.12        935.00         
  2        8               离散机2            41048.12        41995.12        947.00         

工件 3:
  3        0               打印机1            0.00            15160.59        15160.59       
  3        1               批处理机1           15160.59        16099.59        939.00         
  3        2               离散机1            33179.24        34116.24        937.00         
  3        3               离散机2            36823.12        37965.12        1142.00        
  3        4               离散机1            37968.12        39242.12        1274.00        
  3        5               离散机1            39242.12        40854.12        1612.00        

工件 4:
  4        0               打印机1            0.00            15160.59        15160.59       
  4        1               批处理机1           15160.59        16099.59        939.00         
  4        2               离散机2            16099.59        17554.59        1455.00        
  4        3               离散机1            27778.24        29488.24        1710.00        
  4        4               离散机2            29488.24        30833.24        1345.00        
  4        5               离散机1            35343.12        36412.12        1069.00        
  4        6               离散机1            40854.12        42587.12        1733.00        
  4        7               离散机1            42587.12        43573.12        986.00         

工件 5:
  5        0               打印机1            0.00            15160.59        15160.59       
  5        1               批处理机1           15160.59        16099.59        939.00         
  5        2               离散机1            22202.24        23873.24        1671.00        

工件 6:
  6        0               打印机1            0.00            15160.59        15160.59       
  6        1               批处理机1           15160.59        16099.59        939.00         
  6        2               离散机1            17593.24        19300.24        1707.00        
  6        3               离散机1            20838.24        22202.24        1364.00        
  6        4               离散机2            22484.24        23890.24        1406.00        
  6        5               离散机1            23890.24        25623.24        1733.00        
  6        6               离散机1            25623.24        26625.24        1002.00        
  6        7               离散机2            26625.24        27965.24        1340.00        
  6        8               离散机1            29488.24        30477.24        989.00         
  6        9               离散机2            30833.24        32467.24        1634.00        

工件 7:
  7        0               打印机1            0.00            15160.59        15160.59       
  7        1               批处理机1           15160.59        16099.59        939.00         
  7        2               离散机2            19041.24        20798.24        1757.00        
  7        3               离散机2            25488.24        26498.24        1010.00        

工件 8:
  8        0               打印机1            0.00            15160.59        15160.59       
  8        1               批处理机1           15160.59        16099.59        939.00         

工件 9:
  9        0               打印机1            0.00            15160.59        15160.59       
  9        1               批处理机1           15160.59        16099.59        939.00         

【机器加工顺序记录】
----------------------------------------------------------------------------------------------------

打印机1:
工件号      工序号             开始时间            结束时间            加工时长           
--------------------------------------------------------------------------------
  1        0               0.00            15160.59        15160.59       
  3        0               0.00            15160.59        15160.59       
  4        0               0.00            15160.59        15160.59       
  5        0               0.00            15160.59        15160.59       
  6        0               0.00            15160.59        15160.59       
  7        0               0.00            15160.59        15160.59       
  8        0               0.00            15160.59        15160.59       
  9        0               0.00            15160.59        15160.59       
  0        0               15160.59        31779.12        16618.53       

  机器利用率: 316.49% (忙碌时间: 137903.24 / 总时间: 43573.12)

打印机2:
工件号      工序号             开始时间            结束时间            加工时长           
--------------------------------------------------------------------------------
  2        0               0.00            14134.24        14134.24       

  机器利用率: 32.44% (忙碌时间: 14134.24 / 总时间: 43573.12)

批处理机1:
工件号      工序号             开始时间            结束时间            加工时长           
--------------------------------------------------------------------------------
  2        1               14134.24        15073.24        939.00         
  1        1               15160.59        16099.59        939.00         
  3        1               15160.59        16099.59        939.00         
  4        1               15160.59        16099.59        939.00         
  5        1               15160.59        16099.59        939.00         
  6        1               15160.59        16099.59        939.00         
  7        1               15160.59        16099.59        939.00         
  8        1               15160.59        16099.59        939.00         
  9        1               15160.59        16099.59        939.00         
  0        1               31779.12        32718.12        939.00         

  机器利用率: 21.55% (忙碌时间: 9390.00 / 总时间: 43573.12)

离散机1:
工件号      工序号             开始时间            结束时间            加工时长           
--------------------------------------------------------------------------------
  2        2               15073.24        16256.24        1183.00        
  1        2               16256.24        17593.24        1337.00        
  6        2               17593.24        19300.24        1707.00        
  2        3               19300.24        20838.24        1538.00        
  6        3               20838.24        22202.24        1364.00        
  5        2               22202.24        23873.24        1671.00        
  6        5               23890.24        25623.24        1733.00        
  6        6               25623.24        26625.24        1002.00        
  1        5               26625.24        27778.24        1153.00        
  4        3               27778.24        29488.24        1710.00        
  6        8               29488.24        30477.24        989.00         
  2        5               30477.24        31686.24        1209.00        
  2        6               31686.24        33179.24        1493.00        
  3        2               33179.24        34116.24        937.00         
  0        3               34311.12        35343.12        1032.00        
  4        5               35343.12        36412.12        1069.00        
  0        5               36823.12        37968.12        1145.00        
  3        4               37968.12        39242.12        1274.00        
  3        5               39242.12        40854.12        1612.00        
  4        6               40854.12        42587.12        1733.00        
  4        7               42587.12        43573.12        986.00         

  机器利用率: 63.98% (忙碌时间: 27877.00 / 总时间: 43573.12)

离散机2:
工件号      工序号             开始时间            结束时间            加工时长           
--------------------------------------------------------------------------------
  4        2               16099.59        17554.59        1455.00        
  1        3               17593.24        19041.24        1448.00        
  7        2               19041.24        20798.24        1757.00        
  2        4               20838.24        22484.24        1646.00        
  6        4               22484.24        23890.24        1406.00        
  1        4               23890.24        25488.24        1598.00        
  7        3               25488.24        26498.24        1010.00        
  6        7               26625.24        27965.24        1340.00        
  1        6               27965.24        28981.24        1016.00        
  4        4               29488.24        30833.24        1345.00        
  6        9               30833.24        32467.24        1634.00        
  0        2               32718.12        34311.12        1593.00        
  2        7               34311.12        35246.12        935.00         
  0        4               35343.12        36823.12        1480.00        
  3        3               36823.12        37965.12        1142.00        
  1        7               37965.12        39531.12        1566.00        
  1        8               39531.12        41048.12        1517.00        
  2        8               41048.12        41995.12        947.00         

  机器利用率: 57.00% (忙碌时间: 24835.00 / 总时间: 43573.12)

【打印批次详细信息】
----------------------------------------------------------------------------------------------------

打印机 1 (尺寸: 836.0 x 407.0 x 538.0):
--------------------------------------------------------------------------------
  批次 1: 零件数=8, 占用率=70.55%
    - 5: 尺寸 123.0 x 117.0 x 87.0
    - 1: 尺寸 693.0 x 205.0 x 53.0
    - 7: 尺寸 120.0 x 151.0 x 84.0
    - 3: 尺寸 119.0 x 56.0 x 131.0
    - 4: 尺寸 60.0 x 90.0 x 93.0
    - 6: 尺寸 214.0 x 128.0 x 125.0
    - 8: 尺寸 151.0 x 132.0 x 90.0
    - 9: 尺寸 75.0 x 81.0 x 91.0
  批次 2: 零件数=1, 占用率=38.82%
    - 0: 尺寸 514.0 x 257.0 x 144.0

打印机 2 (尺寸: 1003.0 x 592.0 x 563.0):
--------------------------------------------------------------------------------
  批次 1: 零件数=1, 占用率=18.73%
    - 2: 尺寸 443.0 x 251.0 x 33.0

════════════════════════════════════════════════════════════════
