════════════════════════════════════════════════════════════════
              Pareto前沿解集详细数据
════════════════════════════════════════════════════════════════

算例: J20P3B2D5_04
算法: NSGAII
运行次数: 1
解的数量: 13

----------------------------------------------------------------------------------------------------
序号       Cmax                 能耗(kWh)              装箱质量            批次数       
----------------------------------------------------------------------------------------------------
1        58869.67             207.17               0.6211          2         
2        52961.67             238.81               0.2464          3         
3        55212.99             236.01               0.0571          4         
4        55220.67             227.68               0.0571          3         
5        57414.99             216.05               0.0844          3         
6        56124.67             221.00               0.0980          3         
7        56825.67             220.89               0.0980          3         
8        57422.67             207.76               0.6211          2         
9        56081.67             227.30               0.0571          3         
10       58135.67             207.24               0.6211          2         
11       55814.67             227.40               0.0571          3         
12       57454.67             207.53               0.6211          2         
13       57815.67             207.45               0.6211          2         
----------------------------------------------------------------------------------------------------

统计信息:
  Cmax范围: [52961.67, 58869.67]
  能耗范围: [207.17, 238.81] kWh
  Cmax跨度: 5908.00 (10.04%)
  能耗跨度: 31.64 (13.25%)

════════════════════════════════════════════════════════════════
