════════════════════════════════════════════════════════════════
              Pareto前沿解集详细数据
════════════════════════════════════════════════════════════════

算例: J20P3B2D5_03
算法: NSGAII
运行次数: 10
解的数量: 20

----------------------------------------------------------------------------------------------------
序号       Cmax                 能耗(kWh)              装箱质量            批次数       
----------------------------------------------------------------------------------------------------
1        56286.00             185.30               0.6037          2         
2        49667.00             214.82               0.2570          3         
3        52413.00             197.54               0.1762          3         
4        51581.00             203.07               0.1970          3         
5        52655.00             188.49               0.5948          2         
6        50421.00             210.23               0.2239          3         
7        50127.00             210.66               0.2239          3         
8        55208.00             185.66               0.6037          2         
9        53293.00             186.33               0.6037          2         
10       54003.00             186.31               0.6037          2         
11       52713.00             187.87               0.5948          2         
12       53224.00             186.94               0.6037          2         
13       54999.00             185.68               0.6037          2         
14       54544.00             185.91               0.6037          2         
15       50336.78             210.48               0.2239          3         
16       54291.00             185.92               0.6037          2         
17       54063.00             186.23               0.6037          2         
18       54224.00             185.95               0.6037          2         
19       53257.00             186.72               0.6037          2         
20       52673.00             188.29               0.5948          2         
----------------------------------------------------------------------------------------------------

统计信息:
  Cmax范围: [49667.00, 56286.00]
  能耗范围: [185.30, 214.82] kWh
  Cmax跨度: 6619.00 (11.76%)
  能耗跨度: 29.52 (13.74%)

════════════════════════════════════════════════════════════════
