════════════════════════════════════════════════════════════════
              最优Cmax解的详细调度记录
════════════════════════════════════════════════════════════════

【基本信息】
----------------------------------------------------------------------------------------------------
Cmax (最大完工时间): 37280.06
能耗: 120.39 kWh
装箱质量: 0.5744
批次总数: 3
工件数量: 10
机器数量: 5 (打印机:2, 批处理机:1, 离散机:2)

【染色体编码】
----------------------------------------------------------------------------------------------------
工序序列 (OS): [9, 0, 1, 3, 8, 6, 5, 4, 7, 2, 0, 8, 0, 4, 2, 2, 3, 2, 2, 7, 9, 9, 1, 7, 9, 7, 4, 0, 5, 5, 9, 8, 9, 4, 4, 0, 9, 8, 9, 2, 0, 8, 2, 8, 1, 0, 7, 1, 8, 4]
机器选择 (MS): [2, 1, 2, 2, 2, 2, 1, 1, 1, 1, 1, 2, 1, 2, 1, 1, 1, 1, 1, 1, 2, 1, 1, 1, 1, 1, 1, 1, 1, 2, 2, 1, 1, 1, 1, 2, 1, 1, 1, 1, 1, 1, 1, 1, 1, 2, 2, 1, 2, 1]

【零件加工顺序记录】
----------------------------------------------------------------------------------------------------
工件号      工序号             机器号             开始时间            结束时间            加工时长           
----------------------------------------------------------------------------------------------------

工件 0:
  0        0               打印机1            0.00            4716.41         4716.41        
  0        1               批处理机1           4716.41         5754.41         1038.00        
  0        2               离散机1            5754.41         6699.41         945.00         
  0        3               离散机2            6699.41         8150.41         1451.00        
  0        4               离散机2            8150.41         9357.41         1207.00        
  0        5               离散机2            13721.41        14730.41        1009.00        
  0        6               离散机1            14730.41        16068.41        1338.00        
  0        7               离散机1            16068.41        17765.41        1697.00        

工件 1:
  1        0               打印机2            0.00            18097.06        18097.06       
  1        1               批处理机1           18097.06        19135.06        1038.00        
  1        2               离散机1            24891.06        25799.06        908.00         
  1        3               离散机1            34532.06        35897.06        1365.00        
  1        4               离散机1            35897.06        37280.06        1383.00        

工件 2:
  2        0               打印机1            4716.41         19041.51        14325.10       
  2        1               批处理机1           19135.06        20173.06        1038.00        
  2        2               离散机1            21737.06        23362.06        1625.00        
  2        3               离散机2            23362.06        24484.06        1122.00        
  2        4               离散机2            24484.06        25915.06        1431.00        
  2        5               离散机1            25915.06        27124.06        1209.00        
  2        6               离散机2            27932.06        29578.06        1646.00        
  2        7               离散机1            33424.06        34532.06        1108.00        

工件 3:
  3        0               打印机2            0.00            18097.06        18097.06       
  3        1               批处理机1           18097.06        19135.06        1038.00        
  3        2               离散机2            19135.06        20173.06        1038.00        

工件 4:
  4        0               打印机1            4716.41         19041.51        14325.10       
  4        1               批处理机1           19135.06        20173.06        1038.00        
  4        2               离散机1            20492.06        21737.06        1245.00        
  4        3               离散机2            21737.06        23155.06        1418.00        
  4        4               离散机1            29790.06        30781.06        991.00         
  4        5               离散机2            30781.06        32371.06        1590.00        
  4        6               离散机2            36015.06        37092.06        1077.00        

工件 5:
  5        0               打印机1            0.00            4716.41         4716.41        
  5        1               批处理机1           4716.41         5754.41         1038.00        
  5        2               离散机2            10650.41        12035.41        1385.00        
  5        3               离散机2            12035.41        13721.41        1686.00        

工件 6:
  6        0               打印机2            0.00            18097.06        18097.06       
  6        1               批处理机1           18097.06        19135.06        1038.00        

工件 7:
  7        0               打印机1            0.00            4716.41         4716.41        
  7        1               批处理机1           4716.41         5754.41         1038.00        
  7        2               离散机1            6699.41         8388.41         1689.00        
  7        3               离散机1            8388.41         9500.41         1112.00        
  7        4               离散机2            9500.41         10650.41        1150.00        
  7        5               离散机1            10650.41        11845.41        1195.00        

工件 8:
  8        0               打印机2            0.00            18097.06        18097.06       
  8        1               批处理机1           18097.06        19135.06        1038.00        
  8        2               离散机1            19135.06        20492.06        1357.00        
  8        3               离散机1            27124.06        28852.06        1728.00        
  8        4               离散机1            30781.06        32429.06        1648.00        
  8        5               离散机1            32429.06        33424.06        995.00         
  8        6               离散机2            33806.06        34904.06        1098.00        
  8        7               离散机2            34904.06        36015.06        1111.00        

工件 9:
  9        0               打印机2            0.00            18097.06        18097.06       
  9        1               批处理机1           18097.06        19135.06        1038.00        
  9        2               离散机2            20173.06        21433.06        1260.00        
  9        3               离散机1            23362.06        24891.06        1529.00        
  9        4               离散机2            25915.06        26976.06        1061.00        
  9        5               离散机2            26976.06        27932.06        956.00         
  9        6               离散机1            28852.06        29790.06        938.00         
  9        7               离散机2            29790.06        30703.06        913.00         
  9        8               离散机2            32371.06        33806.06        1435.00        

【机器加工顺序记录】
----------------------------------------------------------------------------------------------------

打印机1:
工件号      工序号             开始时间            结束时间            加工时长           
--------------------------------------------------------------------------------
  0        0               0.00            4716.41         4716.41        
  5        0               0.00            4716.41         4716.41        
  7        0               0.00            4716.41         4716.41        
  2        0               4716.41         19041.51        14325.10       
  4        0               4716.41         19041.51        14325.10       

  机器利用率: 114.81% (忙碌时间: 42799.42 / 总时间: 37280.06)

打印机2:
工件号      工序号             开始时间            结束时间            加工时长           
--------------------------------------------------------------------------------
  1        0               0.00            18097.06        18097.06       
  3        0               0.00            18097.06        18097.06       
  6        0               0.00            18097.06        18097.06       
  8        0               0.00            18097.06        18097.06       
  9        0               0.00            18097.06        18097.06       

  机器利用率: 242.72% (忙碌时间: 90485.29 / 总时间: 37280.06)

批处理机1:
工件号      工序号             开始时间            结束时间            加工时长           
--------------------------------------------------------------------------------
  0        1               4716.41         5754.41         1038.00        
  5        1               4716.41         5754.41         1038.00        
  7        1               4716.41         5754.41         1038.00        
  1        1               18097.06        19135.06        1038.00        
  3        1               18097.06        19135.06        1038.00        
  6        1               18097.06        19135.06        1038.00        
  8        1               18097.06        19135.06        1038.00        
  9        1               18097.06        19135.06        1038.00        
  2        1               19135.06        20173.06        1038.00        
  4        1               19135.06        20173.06        1038.00        

  机器利用率: 27.84% (忙碌时间: 10380.00 / 总时间: 37280.06)

离散机1:
工件号      工序号             开始时间            结束时间            加工时长           
--------------------------------------------------------------------------------
  0        2               5754.41         6699.41         945.00         
  7        2               6699.41         8388.41         1689.00        
  7        3               8388.41         9500.41         1112.00        
  7        5               10650.41        11845.41        1195.00        
  0        6               14730.41        16068.41        1338.00        
  0        7               16068.41        17765.41        1697.00        
  8        2               19135.06        20492.06        1357.00        
  4        2               20492.06        21737.06        1245.00        
  2        2               21737.06        23362.06        1625.00        
  9        3               23362.06        24891.06        1529.00        
  1        2               24891.06        25799.06        908.00         
  2        5               25915.06        27124.06        1209.00        
  8        3               27124.06        28852.06        1728.00        
  9        6               28852.06        29790.06        938.00         
  4        4               29790.06        30781.06        991.00         
  8        4               30781.06        32429.06        1648.00        
  8        5               32429.06        33424.06        995.00         
  2        7               33424.06        34532.06        1108.00        
  1        3               34532.06        35897.06        1365.00        
  1        4               35897.06        37280.06        1383.00        

  机器利用率: 69.76% (忙碌时间: 26005.00 / 总时间: 37280.06)

离散机2:
工件号      工序号             开始时间            结束时间            加工时长           
--------------------------------------------------------------------------------
  0        3               6699.41         8150.41         1451.00        
  0        4               8150.41         9357.41         1207.00        
  7        4               9500.41         10650.41        1150.00        
  5        2               10650.41        12035.41        1385.00        
  5        3               12035.41        13721.41        1686.00        
  0        5               13721.41        14730.41        1009.00        
  3        2               19135.06        20173.06        1038.00        
  9        2               20173.06        21433.06        1260.00        
  4        3               21737.06        23155.06        1418.00        
  2        3               23362.06        24484.06        1122.00        
  2        4               24484.06        25915.06        1431.00        
  9        4               25915.06        26976.06        1061.00        
  9        5               26976.06        27932.06        956.00         
  2        6               27932.06        29578.06        1646.00        
  9        7               29790.06        30703.06        913.00         
  4        5               30781.06        32371.06        1590.00        
  9        8               32371.06        33806.06        1435.00        
  8        6               33806.06        34904.06        1098.00        
  8        7               34904.06        36015.06        1111.00        
  4        6               36015.06        37092.06        1077.00        

  机器利用率: 67.18% (忙碌时间: 25044.00 / 总时间: 37280.06)

【打印批次详细信息】
----------------------------------------------------------------------------------------------------

打印机 1 (尺寸: 1015.0 x 527.0 x 621.0):
--------------------------------------------------------------------------------
  批次 1: 零件数=3, 占用率=45.43%
    - 0: 尺寸 436.0 x 338.0 x 13.0
    - 5: 尺寸 391.0 x 186.0 x 17.0
    - 7: 尺寸 147.0 x 156.0 x 14.0
  批次 2: 零件数=2, 占用率=57.44%
    - 4: 尺寸 611.0 x 222.0 x 56.0
    - 2: 尺寸 638.0 x 269.0 x 56.0

打印机 2 (尺寸: 1127.0 x 467.0 x 616.0):
--------------------------------------------------------------------------------
  批次 1: 零件数=5, 占用率=72.39%
    - 9: 尺寸 673.0 x 290.0 x 47.0
    - 3: 尺寸 444.0 x 227.0 x 68.0
    - 1: 尺寸 98.0 x 158.0 x 90.0
    - 6: 尺寸 329.0 x 123.0 x 60.0
    - 8: 尺寸 303.0 x 96.0 x 59.0

════════════════════════════════════════════════════════════════
