════════════════════════════════════════════════════════════════
              最优Cmax解的详细调度记录
════════════════════════════════════════════════════════════════

【基本信息】
----------------------------------------------------------------------------------------------------
Cmax (最大完工时间): 56246.38
能耗: 512.55 kWh
装箱质量: 0.5992
批次总数: 5
工件数量: 50
机器数量: 14 (打印机:4, 批处理机:2, 离散机:8)

【染色体编码】
----------------------------------------------------------------------------------------------------
工序序列 (OS): [17, 25, 11, 28, 45, 27, 12, 1, 35, 40, 3, 38, 19, 14, 2, 42, 43, 20, 46, 16, 13, 7, 18, 48, 30, 37, 21, 8, 22, 34, 26, 41, 6, 24, 36, 47, 49, 10, 9, 29, 33, 0, 4, 15, 39, 44, 32, 5, 31, 23, 47, 19, 19, 3, 15, 36, 25, 16, 33, 26, 18, 5, 3, 32, 37, 29, 33, 21, 13, 6, 38, 7, 49, 19, 3, 37, 37, 17, 38, 5, 38, 24, 20, 46, 0, 7, 3, 10, 30, 0, 8, 44, 1, 3, 7, 9, 3, 18, 6, 15, 12, 4, 35, 15, 24, 34, 22, 33, 23, 18, 6, 16, 12, 25, 20, 0, 48, 37, 19, 12, 47, 18, 44, 3, 5, 31, 9, 10, 34, 15, 20, 25, 23, 16, 46, 24, 28, 33, 0, 19, 26, 5, 11, 42, 36, 30, 15, 37, 25, 6, 22, 24, 18, 26, 22, 49, 44, 38, 12, 44, 0, 10, 12, 17, 45, 9, 2, 11, 29, 4, 24, 22, 42, 37, 11, 23, 29, 35, 36, 33, 36, 49, 15, 1, 17, 21, 31, 9, 42, 3, 33, 35, 30, 18, 14, 15, 38, 47, 32, 17, 16, 10, 25, 25, 28, 19, 37, 44, 30, 6, 31, 0, 46, 23, 12, 5, 18, 2, 30, 32, 15, 29, 47, 4, 42, 22, 4, 44, 9, 38, 30, 5, 34, 40, 5, 16, 10, 28, 32, 24, 4, 19, 29, 11, 46, 38, 33, 25, 0]
机器选择 (MS): [3, 2, 1, 1, 2, 2, 2, 2, 2, 3, 3, 2, 1, 1, 3, 2, 1, 1, 1, 2, 2, 2, 1, 2, 4, 3, 4, 1, 3, 3, 1, 2, 1, 2, 4, 4, 1, 2, 2, 2, 3, 1, 3, 2, 2, 2, 2, 1, 2, 3, 1, 1, 2, 1, 1, 1, 2, 1, 1, 2, 2, 2, 2, 1, 1, 1, 2, 3, 1, 1, 1, 2, 1, 2, 1, 3, 1, 3, 1, 1, 2, 2, 1, 1, 1, 1, 2, 1, 2, 1, 3, 1, 3, 1, 2, 2, 1, 1, 3, 3, 1, 2, 3, 2, 2, 2, 2, 2, 1, 1, 1, 1, 1, 3, 1, 1, 1, 2, 1, 3, 1, 1, 1, 1, 3, 2, 1, 1, 3, 2, 2, 2, 3, 1, 2, 1, 1, 1, 3, 1, 1, 1, 1, 1, 2, 3, 3, 1, 1, 2, 1, 1, 1, 3, 3, 1, 2, 1, 1, 2, 2, 1, 1, 1, 1, 1, 3, 1, 2, 1, 1, 1, 1, 3, 3, 3, 1, 1, 3, 1, 1, 1, 1, 1, 1, 1, 1, 1, 1, 1, 3, 1, 1, 3, 2, 2, 1, 1, 1, 2, 1, 3, 2, 1, 2, 1, 2, 1, 2, 2, 2, 2, 1, 3, 1, 1, 1, 1, 2, 1, 1, 3, 1, 1, 2, 3, 2, 1, 3, 1, 1, 1, 2, 1, 2, 1, 1, 1, 1, 1, 1, 1, 1, 1, 2, 1, 1, 3, 1]

【零件加工顺序记录】
----------------------------------------------------------------------------------------------------
工件号      工序号             机器号             开始时间            结束时间            加工时长           
----------------------------------------------------------------------------------------------------

工件 0:
  0        0               打印机1            0.00            27826.57        27826.57       
  0        1               批处理机1           27826.57        28891.57        1065.00        
  0        2               离散机1            29706.02        31034.02        1328.00        
  0        3               离散机4            35142.57        36561.57        1419.00        
  0        4               离散机7            37082.38        38033.38        951.00         
  0        5               离散机2            38944.38        40061.38        1117.00        
  0        6               离散机2            43670.38        44752.38        1082.00        
  0        7               离散机1            47061.02        48582.02        1521.00        
  0        8               离散机7            53767.38        55358.38        1591.00        

工件 1:
  1        0               打印机2            0.00            25009.02        25009.02       
  1        1               批处理机1           25009.02        26074.02        1065.00        
  1        2               离散机3            27588.02        28564.02        976.00         
  1        3               离散机3            30004.57        31480.57        1476.00        

工件 2:
  2        0               打印机3            0.00            30503.38        30503.38       
  2        1               批处理机1           30503.38        31568.38        1065.00        
  2        2               离散机6            36608.57        38162.57        1554.00        
  2        3               离散机6            50388.38        51419.38        1031.00        

工件 3:
  3        0               打印机3            0.00            30503.38        30503.38       
  3        1               批处理机1           30503.38        31568.38        1065.00        
  3        2               离散机4            31889.57        32911.57        1022.00        
  3        3               离散机6            32911.57        33944.57        1033.00        
  3        4               离散机3            33944.57        35585.57        1641.00        
  3        5               离散机8            36388.38        37586.38        1198.00        
  3        6               离散机5            37586.38        38533.38        947.00         
  3        7               离散机6            38533.38        39593.38        1060.00        
  3        8               离散机6            40855.38        41950.38        1095.00        
  3        9               离散机1            44011.02        45526.02        1515.00        

工件 4:
  4        0               打印机3            0.00            30503.38        30503.38       
  4        1               批处理机1           30503.38        31568.38        1065.00        
  4        2               离散机2            34151.57        35121.57        970.00         
  4        3               离散机3            45880.38        46872.38        992.00         
  4        4               离散机7            51682.38        52785.38        1103.00        
  4        5               离散机4            52797.38        54141.38        1344.00        
  4        6               离散机6            54327.38        55762.38        1435.00        

工件 5:
  5        0               打印机1            0.00            27826.57        27826.57       
  5        1               批处理机1           27826.57        28891.57        1065.00        
  5        2               离散机2            28891.57        30533.57        1642.00        
  5        3               离散机7            34179.38        35784.38        1605.00        
  5        4               离散机3            37069.57        38663.57        1594.00        
  5        5               离散机6            43159.38        44107.38        948.00         
  5        6               离散机1            48582.02        49631.02        1049.00        
  5        7               离散机3            51555.38        52810.38        1255.00        
  5        8               离散机3            52810.38        54028.38        1218.00        

工件 6:
  6        0               打印机1            0.00            27826.57        27826.57       
  6        1               批处理机1           27826.57        28891.57        1065.00        
  6        2               离散机5            30291.57        31572.57        1281.00        
  6        3               离散机3            32469.38        33752.38        1283.00        
  6        4               离散机4            36561.57        38218.57        1657.00        
  6        5               离散机3            38663.57        40419.57        1756.00        
  6        6               离散机4            46901.57        47894.57        993.00         

工件 7:
  7        0               打印机2            0.00            25009.02        25009.02       
  7        1               批处理机1           25009.02        26074.02        1065.00        
  7        2               离散机8            27234.02        28820.02        1586.00        
  7        3               离散机7            28820.02        30435.02        1615.00        
  7        4               离散机2            31773.57        32783.57        1010.00        

工件 8:
  8        0               打印机1            0.00            27826.57        27826.57       
  8        1               批处理机1           27826.57        28891.57        1065.00        
  8        2               离散机1            31034.02        32457.02        1423.00        

工件 9:
  9        0               打印机2            0.00            25009.02        25009.02       
  9        1               批处理机1           25009.02        26074.02        1065.00        
  9        2               离散机7            27092.02        28564.02        1472.00        
  9        3               离散机1            33692.02        35070.02        1378.00        
  9        4               离散机6            35271.57        36608.57        1337.00        
  9        5               离散机4            45722.57        46901.57        1179.00        
  9        6               离散机6            51419.38        53163.38        1744.00        

工件 10:
  10       0               打印机2            0.00            25009.02        25009.02       
  10       1               批处理机1           25009.02        26074.02        1065.00        
  10       2               离散机8            30232.57        31749.57        1517.00        
  10       3               离散机7            38033.38        39384.38        1351.00        
  10       4               离散机1            40118.02        41421.02        1303.00        
  10       5               离散机8            52022.38        53013.38        991.00         
  10       6               离散机8            54198.38        55100.38        902.00         

工件 11:
  11       0               打印机1            0.00            27826.57        27826.57       
  11       1               批处理机1           27826.57        28891.57        1065.00        
  11       2               离散机8            41750.38        43290.38        1540.00        
  11       3               离散机7            43683.38        44824.38        1141.00        
  11       4               离散机7            46341.38        47284.38        943.00         
  11       5               离散机4            54141.38        55178.38        1037.00        

工件 12:
  12       0               打印机2            0.00            25009.02        25009.02       
  12       1               批处理机1           25009.02        26074.02        1065.00        
  12       2               离散机8            33434.57        34972.57        1538.00        
  12       3               离散机4            39394.57        40986.57        1592.00        
  12       4               离散机4            41936.57        42981.57        1045.00        
  12       5               离散机3            43659.38        44868.38        1209.00        
  12       6               离散机3            44868.38        45880.38        1012.00        
  12       7               离散机7            49513.38        50720.38        1207.00        

工件 13:
  13       0               打印机2            0.00            25009.02        25009.02       
  13       1               批处理机1           25009.02        26074.02        1065.00        
  13       2               离散机4            32911.57        34006.57        1095.00        

工件 14:
  14       0               打印机1            0.00            27826.57        27826.57       
  14       1               批处理机1           27826.57        28891.57        1065.00        
  14       2               离散机1            45526.02        47061.02        1535.00        

工件 15:
  15       0               打印机2            0.00            25009.02        25009.02       
  15       1               批处理机1           25009.02        26074.02        1065.00        
  15       2               离散机4            26074.02        27391.02        1317.00        
  15       3               离散机6            27868.02        28884.02        1016.00        
  15       4               离散机5            31572.57        32632.57        1060.00        
  15       5               离散机1            35070.02        36801.02        1731.00        
  15       6               离散机8            43290.38        44641.38        1351.00        
  15       7               离散机6            46958.38        47908.38        950.00         
  15       8               离散机2            48512.38        50025.38        1513.00        
  15       9               离散机7            50720.38        51682.38        962.00         

工件 16:
  16       0               打印机2            0.00            25009.02        25009.02       
  16       1               批处理机1           25009.02        26074.02        1065.00        
  16       2               离散机4            27391.02        28756.02        1365.00        
  16       3               离散机4            38218.57        39394.57        1176.00        
  16       4               离散机7            40488.38        42001.38        1513.00        
  16       5               离散机5            46482.38        47881.38        1399.00        
  16       6               离散机8            53013.38        54198.38        1185.00        

工件 17:
  17       0               打印机3            0.00            30503.38        30503.38       
  17       1               批处理机1           30503.38        31568.38        1065.00        
  17       2               离散机3            31568.38        32469.38        901.00         
  17       3               离散机3            41439.57        42735.57        1296.00        
  17       4               离散机3            48040.38        49379.38        1339.00        
  17       5               离散机8            50792.38        52022.38        1230.00        

工件 18:
  18       0               打印机1            0.00            27826.57        27826.57       
  18       1               批处理机1           27826.57        28891.57        1065.00        
  18       2               离散机5            28891.57        30291.57        1400.00        
  18       3               离散机2            32783.57        34151.57        1368.00        
  18       4               离散机5            35316.38        36519.38        1203.00        
  18       5               离散机8            39705.38        40668.38        963.00         
  18       6               离散机7            42001.38        43683.38        1682.00        
  18       7               离散机8            49127.38        50792.38        1665.00        
  18       8               离散机2            53265.38        54188.38        923.00         

工件 19:
  19       0               打印机1            0.00            27826.57        27826.57       
  19       1               批处理机1           27826.57        28891.57        1065.00        
  19       2               离散机4            28891.57        30600.57        1709.00        
  19       3               离散机4            30600.57        31889.57        1289.00        
  19       4               离散机8            31889.57        33434.57        1545.00        
  19       5               离散机2            37732.38        38944.38        1212.00        
  19       6               离散机2            40061.38        41077.38        1016.00        
  19       7               离散机6            47908.38        49431.38        1523.00        
  19       8               离散机3            55245.38        56197.38        952.00         

工件 20:
  20       0               打印机1            0.00            27826.57        27826.57       
  20       1               批处理机1           27826.57        28891.57        1065.00        
  20       2               离散机6            28891.57        29842.57        951.00         
  20       3               离散机8            38649.38        39705.38        1056.00        
  20       4               离散机6            41950.38        43159.38        1209.00        

工件 21:
  21       0               打印机4            0.00            16148.00        16148.00       
  21       1               批处理机1           16148.00        17213.00        1065.00        
  21       2               离散机8            17213.00        18248.00        1035.00        
  21       3               离散机6            18248.00        19715.00        1467.00        

工件 22:
  22       0               打印机3            0.00            30503.38        30503.38       
  22       1               批处理机1           30503.38        31568.38        1065.00        
  22       2               离散机1            32457.02        33692.02        1235.00        
  22       3               离散机2            41077.38        42754.38        1677.00        
  22       4               离散机3            42754.38        43659.38        905.00         
  22       5               离散机6            44107.38        45793.38        1686.00        
  22       6               离散机1            50805.02        52152.02        1347.00        

工件 23:
  23       0               打印机3            0.00            30503.38        30503.38       
  23       1               批处理机1           30503.38        31568.38        1065.00        
  23       2               离散机8            37586.38        38649.38        1063.00        
  23       3               离散机5            39507.38        40495.38        988.00         
  23       4               离散机2            44752.38        46188.38        1436.00        
  23       5               离散机6            49431.38        50388.38        957.00         

工件 24:
  24       0               打印机2            0.00            25009.02        25009.02       
  24       1               批处理机1           25009.02        26074.02        1065.00        
  24       2               离散机2            30533.57        31773.57        1240.00        
  24       3               离散机3            35585.57        37069.57        1484.00        
  24       4               离散机8            40668.38        41750.38        1082.00        
  24       5               离散机5            41777.38        42925.38        1148.00        
  24       6               离散机7            44824.38        46341.38        1517.00        
  24       7               离散机3            54028.38        55245.38        1217.00        

工件 25:
  25       0               打印机2            0.00            25009.02        25009.02       
  25       1               批处理机1           25009.02        26074.02        1065.00        
  25       2               离散机3            26074.02        27588.02        1514.00        
  25       3               离散机5            32632.57        33962.57        1330.00        
  25       4               离散机7            39384.38        40488.38        1104.00        
  25       5               离散机8            44641.38        46379.38        1738.00        
  25       6               离散机5            47881.38        48848.38        967.00         
  25       7               离散机4            48848.38        49750.38        902.00         
  25       8               离散机1            52152.02        53086.02        934.00         

工件 26:
  26       0               打印机1            0.00            27826.57        27826.57       
  26       1               批处理机1           27826.57        28891.57        1065.00        
  26       2               离散机8            28891.57        30232.57        1341.00        
  26       3               离散机6            31379.57        32327.57        948.00         
  26       4               离散机5            36519.38        37583.38        1064.00        

工件 27:
  27       0               打印机2            0.00            25009.02        25009.02       
  27       1               批处理机1           25009.02        26074.02        1065.00        

工件 28:
  28       0               打印机1            0.00            27826.57        27826.57       
  28       1               批处理机1           27826.57        28891.57        1065.00        
  28       2               离散机5            40495.38        41777.38        1282.00        
  28       3               离散机7            48387.38        49513.38        1126.00        
  28       4               离散机7            52785.38        53767.38        982.00         

工件 29:
  29       0               打印机2            0.00            25009.02        25009.02       
  29       1               批处理机1           25009.02        26074.02        1065.00        
  29       2               离散机1            26074.02        27850.02        1776.00        
  29       3               离散机1            41421.02        43034.02        1613.00        
  29       4               离散机8            47520.38        49127.38        1607.00        
  29       5               离散机4            51472.38        52797.38        1325.00        
  29       6               离散机2            55262.38        56246.38        984.00         

工件 30:
  30       0               打印机4            0.00            16148.00        16148.00       
  30       1               批处理机1           16148.00        17213.00        1065.00        
  30       2               离散机8            18248.00        19262.00        1014.00        
  30       3               离散机1            19262.00        20231.00        969.00         
  30       4               离散机2            20231.00        21627.00        1396.00        
  30       5               离散机3            21627.00        22637.00        1010.00        
  30       6               离散机3            22637.00        23683.00        1046.00        
  30       7               离散机1            23683.00        25035.00        1352.00        

工件 31:
  31       0               打印机2            25009.02        38068.88        13059.86       
  31       1               批处理机1           38068.88        39133.88        1065.00        
  31       2               离散机4            42981.57        44325.57        1344.00        
  31       3               离散机2            47550.38        48512.38        962.00         
  31       4               离散机3            50577.38        51555.38        978.00         

工件 32:
  32       0               打印机2            0.00            25009.02        25009.02       
  32       1               批处理机1           25009.02        26074.02        1065.00        
  32       2               离散机8            26074.02        27234.02        1160.00        
  32       3               离散机5            27573.02        28855.02        1282.00        
  32       4               离散机4            49750.38        51472.38        1722.00        
  32       5               离散机6            53163.38        54327.38        1164.00        

工件 33:
  33       0               打印机3            0.00            30503.38        30503.38       
  33       1               批处理机1           30503.38        31568.38        1065.00        
  33       2               离散机7            31568.38        33248.38        1680.00        
  33       3               离散机6            33944.57        35271.57        1327.00        
  33       4               离散机2            35271.57        36327.57        1056.00        
  33       5               离散机1            38338.02        40118.02        1780.00        
  33       6               离散机6            45793.38        46958.38        1165.00        
  33       7               离散机3            49379.38        50577.38        1198.00        
  33       8               离散机5            54020.38        54962.38        942.00         

工件 34:
  34       0               打印机3            0.00            30503.38        30503.38       
  34       1               批处理机1           30503.38        31568.38        1065.00        
  34       2               离散机7            35784.38        37082.38        1298.00        
  34       3               离散机5            38533.38        39507.38        974.00         
  34       4               离散机5            51981.38        52883.38        902.00         

工件 35:
  35       0               打印机2            25009.02        38068.88        13059.86       
  35       1               批处理机1           38068.88        39133.88        1065.00        
  35       2               离散机6            39593.38        40855.38        1262.00        
  35       3               离散机5            43898.38        45575.38        1677.00        
  35       4               离散机5            45575.38        46482.38        907.00         

工件 36:
  36       0               打印机4            0.00            16148.00        16148.00       
  36       1               批处理机1           16148.00        17213.00        1065.00        
  36       2               离散机3            17213.00        18728.00        1515.00        
  36       3               离散机8            19262.00        21020.00        1758.00        
  36       4               离散机8            21020.00        22210.00        1190.00        
  36       5               离散机8            22210.00        23997.00        1787.00        

工件 37:
  37       0               打印机3            0.00            30503.38        30503.38       
  37       1               批处理机1           30503.38        31568.38        1065.00        
  37       2               离散机7            33248.38        34179.38        931.00         
  37       3               离散机5            34179.38        35316.38        1137.00        
  37       4               离散机8            35316.38        36388.38        1072.00        
  37       5               离散机2            36388.38        37732.38        1344.00        
  37       6               离散机4            44325.57        45722.57        1397.00        
  37       7               离散机3            46872.38        48040.38        1168.00        
  37       8               离散机2            51824.38        53265.38        1441.00        

工件 38:
  38       0               打印机2            0.00            25009.02        25009.02       
  38       1               批处理机1           25009.02        26074.02        1065.00        
  38       2               离散机7            26074.02        27092.02        1018.00        
  38       3               离散机2            27092.02        28417.02        1325.00        
  38       4               离散机1            28417.02        29706.02        1289.00        
  38       5               离散机8            46379.38        47520.38        1141.00        
  38       6               离散机2            50025.38        51824.38        1799.00        
  38       7               离散机2            54188.38        55262.38        1074.00        
  38       8               离散机4            55262.38        56167.38        905.00         

工件 39:
  39       0               打印机2            0.00            25009.02        25009.02       
  39       1               批处理机1           25009.02        26074.02        1065.00        

工件 40:
  40       0               打印机3            0.00            30503.38        30503.38       
  40       1               批处理机1           30503.38        31568.38        1065.00        
  40       2               离散机4            47894.57        48799.57        905.00         

工件 41:
  41       0               打印机2            0.00            25009.02        25009.02       
  41       1               批处理机1           25009.02        26074.02        1065.00        

工件 42:
  42       0               打印机2            0.00            25009.02        25009.02       
  42       1               批处理机1           25009.02        26074.02        1065.00        
  42       2               离散机7            30435.02        31408.02        973.00         
  42       3               离散机1            43034.02        44011.02        977.00         
  42       4               离散机7            47284.38        48387.38        1103.00        
  42       5               离散机1            49631.02        50805.02        1174.00        

工件 43:
  43       0               打印机1            0.00            27826.57        27826.57       
  43       1               批处理机1           27826.57        28891.57        1065.00        

工件 44:
  44       0               打印机2            0.00            25009.02        25009.02       
  44       1               批处理机1           25009.02        26074.02        1065.00        
  44       2               离散机6            26074.02        27868.02        1794.00        
  44       3               离散机6            29842.57        31379.57        1537.00        
  44       4               离散机3            40419.57        41439.57        1020.00        
  44       5               离散机2            42754.38        43670.38        916.00         
  44       6               离散机5            48848.38        49839.38        991.00         
  44       7               离散机5            51054.38        51981.38        927.00         

工件 45:
  45       0               打印机2            0.00            25009.02        25009.02       
  45       1               批处理机1           25009.02        26074.02        1065.00        
  45       2               离散机5            26074.02        27573.02        1499.00        

工件 46:
  46       0               打印机1            0.00            27826.57        27826.57       
  46       1               批处理机1           27826.57        28891.57        1065.00        
  46       2               离散机3            28891.57        30004.57        1113.00        
  46       3               离散机1            36801.02        38338.02        1537.00        
  46       4               离散机5            49839.38        51054.38        1215.00        
  46       5               离散机5            52883.38        54020.38        1137.00        

工件 47:
  47       0               打印机4            0.00            16148.00        16148.00       
  47       1               批处理机1           16148.00        17213.00        1065.00        
  47       2               离散机1            17213.00        18235.00        1022.00        
  47       3               离散机3            18728.00        20354.00        1626.00        
  47       4               离散机6            20354.00        21376.00        1022.00        
  47       5               离散机4            21376.00        22644.00        1268.00        

工件 48:
  48       0               打印机2            25009.02        38068.88        13059.86       
  48       1               批处理机1           38068.88        39133.88        1065.00        
  48       2               离散机4            40986.57        41936.57        950.00         

工件 49:
  49       0               打印机1            0.00            27826.57        27826.57       
  49       1               批处理机1           27826.57        28891.57        1065.00        
  49       2               离散机4            34006.57        35142.57        1136.00        
  49       3               离散机5            42925.38        43898.38        973.00         
  49       4               离散机2            46188.38        47550.38        1362.00        

【机器加工顺序记录】
----------------------------------------------------------------------------------------------------

打印机1:
工件号      工序号             开始时间            结束时间            加工时长           
--------------------------------------------------------------------------------
  0        0               0.00            27826.57        27826.57       
  5        0               0.00            27826.57        27826.57       
  6        0               0.00            27826.57        27826.57       
  8        0               0.00            27826.57        27826.57       
  11       0               0.00            27826.57        27826.57       
  14       0               0.00            27826.57        27826.57       
  18       0               0.00            27826.57        27826.57       
  19       0               0.00            27826.57        27826.57       
  20       0               0.00            27826.57        27826.57       
  26       0               0.00            27826.57        27826.57       
  28       0               0.00            27826.57        27826.57       
  43       0               0.00            27826.57        27826.57       
  46       0               0.00            27826.57        27826.57       
  49       0               0.00            27826.57        27826.57       

  机器利用率: 692.62% (忙碌时间: 389572.00 / 总时间: 56246.38)

打印机2:
工件号      工序号             开始时间            结束时间            加工时长           
--------------------------------------------------------------------------------
  1        0               0.00            25009.02        25009.02       
  7        0               0.00            25009.02        25009.02       
  9        0               0.00            25009.02        25009.02       
  10       0               0.00            25009.02        25009.02       
  12       0               0.00            25009.02        25009.02       
  13       0               0.00            25009.02        25009.02       
  15       0               0.00            25009.02        25009.02       
  16       0               0.00            25009.02        25009.02       
  24       0               0.00            25009.02        25009.02       
  25       0               0.00            25009.02        25009.02       
  27       0               0.00            25009.02        25009.02       
  29       0               0.00            25009.02        25009.02       
  32       0               0.00            25009.02        25009.02       
  38       0               0.00            25009.02        25009.02       
  39       0               0.00            25009.02        25009.02       
  41       0               0.00            25009.02        25009.02       
  42       0               0.00            25009.02        25009.02       
  44       0               0.00            25009.02        25009.02       
  45       0               0.00            25009.02        25009.02       
  31       0               25009.02        38068.88        13059.86       
  35       0               25009.02        38068.88        13059.86       
  48       0               25009.02        38068.88        13059.86       

  机器利用率: 914.46% (忙碌时间: 514350.92 / 总时间: 56246.38)

打印机3:
工件号      工序号             开始时间            结束时间            加工时长           
--------------------------------------------------------------------------------
  2        0               0.00            30503.38        30503.38       
  3        0               0.00            30503.38        30503.38       
  4        0               0.00            30503.38        30503.38       
  17       0               0.00            30503.38        30503.38       
  22       0               0.00            30503.38        30503.38       
  23       0               0.00            30503.38        30503.38       
  33       0               0.00            30503.38        30503.38       
  34       0               0.00            30503.38        30503.38       
  37       0               0.00            30503.38        30503.38       
  40       0               0.00            30503.38        30503.38       

  机器利用率: 542.32% (忙碌时间: 305033.81 / 总时间: 56246.38)

打印机4:
工件号      工序号             开始时间            结束时间            加工时长           
--------------------------------------------------------------------------------
  21       0               0.00            16148.00        16148.00       
  30       0               0.00            16148.00        16148.00       
  36       0               0.00            16148.00        16148.00       
  47       0               0.00            16148.00        16148.00       

  机器利用率: 114.84% (忙碌时间: 64592.00 / 总时间: 56246.38)

批处理机1:
工件号      工序号             开始时间            结束时间            加工时长           
--------------------------------------------------------------------------------
  21       1               16148.00        17213.00        1065.00        
  30       1               16148.00        17213.00        1065.00        
  36       1               16148.00        17213.00        1065.00        
  47       1               16148.00        17213.00        1065.00        
  1        1               25009.02        26074.02        1065.00        
  7        1               25009.02        26074.02        1065.00        
  9        1               25009.02        26074.02        1065.00        
  10       1               25009.02        26074.02        1065.00        
  12       1               25009.02        26074.02        1065.00        
  13       1               25009.02        26074.02        1065.00        
  15       1               25009.02        26074.02        1065.00        
  16       1               25009.02        26074.02        1065.00        
  24       1               25009.02        26074.02        1065.00        
  25       1               25009.02        26074.02        1065.00        
  27       1               25009.02        26074.02        1065.00        
  29       1               25009.02        26074.02        1065.00        
  32       1               25009.02        26074.02        1065.00        
  38       1               25009.02        26074.02        1065.00        
  39       1               25009.02        26074.02        1065.00        
  41       1               25009.02        26074.02        1065.00        
  42       1               25009.02        26074.02        1065.00        
  44       1               25009.02        26074.02        1065.00        
  45       1               25009.02        26074.02        1065.00        
  0        1               27826.57        28891.57        1065.00        
  5        1               27826.57        28891.57        1065.00        
  6        1               27826.57        28891.57        1065.00        
  8        1               27826.57        28891.57        1065.00        
  11       1               27826.57        28891.57        1065.00        
  14       1               27826.57        28891.57        1065.00        
  18       1               27826.57        28891.57        1065.00        
  19       1               27826.57        28891.57        1065.00        
  20       1               27826.57        28891.57        1065.00        
  26       1               27826.57        28891.57        1065.00        
  28       1               27826.57        28891.57        1065.00        
  43       1               27826.57        28891.57        1065.00        
  46       1               27826.57        28891.57        1065.00        
  49       1               27826.57        28891.57        1065.00        
  2        1               30503.38        31568.38        1065.00        
  3        1               30503.38        31568.38        1065.00        
  4        1               30503.38        31568.38        1065.00        
  17       1               30503.38        31568.38        1065.00        
  22       1               30503.38        31568.38        1065.00        
  23       1               30503.38        31568.38        1065.00        
  33       1               30503.38        31568.38        1065.00        
  34       1               30503.38        31568.38        1065.00        
  37       1               30503.38        31568.38        1065.00        
  40       1               30503.38        31568.38        1065.00        
  31       1               38068.88        39133.88        1065.00        
  35       1               38068.88        39133.88        1065.00        
  48       1               38068.88        39133.88        1065.00        

  机器利用率: 94.67% (忙碌时间: 53250.00 / 总时间: 56246.38)

批处理机2:
工件号      工序号             开始时间            结束时间            加工时长           
--------------------------------------------------------------------------------

  机器利用率: 0.00% (忙碌时间: 0.00 / 总时间: 56246.38)

离散机1:
工件号      工序号             开始时间            结束时间            加工时长           
--------------------------------------------------------------------------------
  47       2               17213.00        18235.00        1022.00        
  30       3               19262.00        20231.00        969.00         
  30       7               23683.00        25035.00        1352.00        
  29       2               26074.02        27850.02        1776.00        
  38       4               28417.02        29706.02        1289.00        
  0        2               29706.02        31034.02        1328.00        
  8        2               31034.02        32457.02        1423.00        
  22       2               32457.02        33692.02        1235.00        
  9        3               33692.02        35070.02        1378.00        
  15       5               35070.02        36801.02        1731.00        
  46       3               36801.02        38338.02        1537.00        
  33       5               38338.02        40118.02        1780.00        
  10       4               40118.02        41421.02        1303.00        
  29       3               41421.02        43034.02        1613.00        
  42       3               43034.02        44011.02        977.00         
  3        9               44011.02        45526.02        1515.00        
  14       2               45526.02        47061.02        1535.00        
  0        7               47061.02        48582.02        1521.00        
  5        6               48582.02        49631.02        1049.00        
  42       5               49631.02        50805.02        1174.00        
  22       6               50805.02        52152.02        1347.00        
  25       8               52152.02        53086.02        934.00         

  机器利用率: 52.96% (忙碌时间: 29788.00 / 总时间: 56246.38)

离散机2:
工件号      工序号             开始时间            结束时间            加工时长           
--------------------------------------------------------------------------------
  30       4               20231.00        21627.00        1396.00        
  38       3               27092.02        28417.02        1325.00        
  5        2               28891.57        30533.57        1642.00        
  24       2               30533.57        31773.57        1240.00        
  7        4               31773.57        32783.57        1010.00        
  18       3               32783.57        34151.57        1368.00        
  4        2               34151.57        35121.57        970.00         
  33       4               35271.57        36327.57        1056.00        
  37       5               36388.38        37732.38        1344.00        
  19       5               37732.38        38944.38        1212.00        
  0        5               38944.38        40061.38        1117.00        
  19       6               40061.38        41077.38        1016.00        
  22       3               41077.38        42754.38        1677.00        
  44       5               42754.38        43670.38        916.00         
  0        6               43670.38        44752.38        1082.00        
  23       4               44752.38        46188.38        1436.00        
  49       4               46188.38        47550.38        1362.00        
  31       3               47550.38        48512.38        962.00         
  15       8               48512.38        50025.38        1513.00        
  38       6               50025.38        51824.38        1799.00        
  37       8               51824.38        53265.38        1441.00        
  18       8               53265.38        54188.38        923.00         
  38       7               54188.38        55262.38        1074.00        
  29       6               55262.38        56246.38        984.00         

  机器利用率: 53.10% (忙碌时间: 29865.00 / 总时间: 56246.38)

离散机3:
工件号      工序号             开始时间            结束时间            加工时长           
--------------------------------------------------------------------------------
  36       2               17213.00        18728.00        1515.00        
  47       3               18728.00        20354.00        1626.00        
  30       5               21627.00        22637.00        1010.00        
  30       6               22637.00        23683.00        1046.00        
  25       2               26074.02        27588.02        1514.00        
  1        2               27588.02        28564.02        976.00         
  46       2               28891.57        30004.57        1113.00        
  1        3               30004.57        31480.57        1476.00        
  17       2               31568.38        32469.38        901.00         
  6        3               32469.38        33752.38        1283.00        
  3        4               33944.57        35585.57        1641.00        
  24       3               35585.57        37069.57        1484.00        
  5        4               37069.57        38663.57        1594.00        
  6        5               38663.57        40419.57        1756.00        
  44       4               40419.57        41439.57        1020.00        
  17       3               41439.57        42735.57        1296.00        
  22       4               42754.38        43659.38        905.00         
  12       5               43659.38        44868.38        1209.00        
  12       6               44868.38        45880.38        1012.00        
  4        3               45880.38        46872.38        992.00         
  37       7               46872.38        48040.38        1168.00        
  17       4               48040.38        49379.38        1339.00        
  33       7               49379.38        50577.38        1198.00        
  31       4               50577.38        51555.38        978.00         
  5        7               51555.38        52810.38        1255.00        
  5        8               52810.38        54028.38        1218.00        
  24       7               54028.38        55245.38        1217.00        
  19       8               55245.38        56197.38        952.00         

  机器利用率: 61.68% (忙碌时间: 34694.00 / 总时间: 56246.38)

离散机4:
工件号      工序号             开始时间            结束时间            加工时长           
--------------------------------------------------------------------------------
  47       5               21376.00        22644.00        1268.00        
  15       2               26074.02        27391.02        1317.00        
  16       2               27391.02        28756.02        1365.00        
  19       2               28891.57        30600.57        1709.00        
  19       3               30600.57        31889.57        1289.00        
  3        2               31889.57        32911.57        1022.00        
  13       2               32911.57        34006.57        1095.00        
  49       2               34006.57        35142.57        1136.00        
  0        3               35142.57        36561.57        1419.00        
  6        4               36561.57        38218.57        1657.00        
  16       3               38218.57        39394.57        1176.00        
  12       3               39394.57        40986.57        1592.00        
  48       2               40986.57        41936.57        950.00         
  12       4               41936.57        42981.57        1045.00        
  31       2               42981.57        44325.57        1344.00        
  37       6               44325.57        45722.57        1397.00        
  9        5               45722.57        46901.57        1179.00        
  6        6               46901.57        47894.57        993.00         
  40       2               47894.57        48799.57        905.00         
  25       7               48848.38        49750.38        902.00         
  32       4               49750.38        51472.38        1722.00        
  29       5               51472.38        52797.38        1325.00        
  4        5               52797.38        54141.38        1344.00        
  11       5               54141.38        55178.38        1037.00        
  38       8               55262.38        56167.38        905.00         

  机器利用率: 55.28% (忙碌时间: 31093.00 / 总时间: 56246.38)

离散机5:
工件号      工序号             开始时间            结束时间            加工时长           
--------------------------------------------------------------------------------
  45       2               26074.02        27573.02        1499.00        
  32       3               27573.02        28855.02        1282.00        
  18       2               28891.57        30291.57        1400.00        
  6        2               30291.57        31572.57        1281.00        
  15       4               31572.57        32632.57        1060.00        
  25       3               32632.57        33962.57        1330.00        
  37       3               34179.38        35316.38        1137.00        
  18       4               35316.38        36519.38        1203.00        
  26       4               36519.38        37583.38        1064.00        
  3        6               37586.38        38533.38        947.00         
  34       3               38533.38        39507.38        974.00         
  23       3               39507.38        40495.38        988.00         
  28       2               40495.38        41777.38        1282.00        
  24       5               41777.38        42925.38        1148.00        
  49       3               42925.38        43898.38        973.00         
  35       3               43898.38        45575.38        1677.00        
  35       4               45575.38        46482.38        907.00         
  16       5               46482.38        47881.38        1399.00        
  25       6               47881.38        48848.38        967.00         
  44       6               48848.38        49839.38        991.00         
  46       4               49839.38        51054.38        1215.00        
  44       7               51054.38        51981.38        927.00         
  34       4               51981.38        52883.38        902.00         
  46       5               52883.38        54020.38        1137.00        
  33       8               54020.38        54962.38        942.00         

  机器利用率: 50.90% (忙碌时间: 28632.00 / 总时间: 56246.38)

离散机6:
工件号      工序号             开始时间            结束时间            加工时长           
--------------------------------------------------------------------------------
  21       3               18248.00        19715.00        1467.00        
  47       4               20354.00        21376.00        1022.00        
  44       2               26074.02        27868.02        1794.00        
  15       3               27868.02        28884.02        1016.00        
  20       2               28891.57        29842.57        951.00         
  44       3               29842.57        31379.57        1537.00        
  26       3               31379.57        32327.57        948.00         
  3        3               32911.57        33944.57        1033.00        
  33       3               33944.57        35271.57        1327.00        
  9        4               35271.57        36608.57        1337.00        
  2        2               36608.57        38162.57        1554.00        
  3        7               38533.38        39593.38        1060.00        
  35       2               39593.38        40855.38        1262.00        
  3        8               40855.38        41950.38        1095.00        
  20       4               41950.38        43159.38        1209.00        
  5        5               43159.38        44107.38        948.00         
  22       5               44107.38        45793.38        1686.00        
  33       6               45793.38        46958.38        1165.00        
  15       7               46958.38        47908.38        950.00         
  19       7               47908.38        49431.38        1523.00        
  23       5               49431.38        50388.38        957.00         
  2        3               50388.38        51419.38        1031.00        
  9        6               51419.38        53163.38        1744.00        
  32       5               53163.38        54327.38        1164.00        
  4        6               54327.38        55762.38        1435.00        

  机器利用率: 55.50% (忙碌时间: 31215.00 / 总时间: 56246.38)

离散机7:
工件号      工序号             开始时间            结束时间            加工时长           
--------------------------------------------------------------------------------
  38       2               26074.02        27092.02        1018.00        
  9        2               27092.02        28564.02        1472.00        
  7        3               28820.02        30435.02        1615.00        
  42       2               30435.02        31408.02        973.00         
  33       2               31568.38        33248.38        1680.00        
  37       2               33248.38        34179.38        931.00         
  5        3               34179.38        35784.38        1605.00        
  34       2               35784.38        37082.38        1298.00        
  0        4               37082.38        38033.38        951.00         
  10       3               38033.38        39384.38        1351.00        
  25       4               39384.38        40488.38        1104.00        
  16       4               40488.38        42001.38        1513.00        
  18       6               42001.38        43683.38        1682.00        
  11       3               43683.38        44824.38        1141.00        
  24       6               44824.38        46341.38        1517.00        
  11       4               46341.38        47284.38        943.00         
  42       4               47284.38        48387.38        1103.00        
  28       3               48387.38        49513.38        1126.00        
  12       7               49513.38        50720.38        1207.00        
  15       9               50720.38        51682.38        962.00         
  4        4               51682.38        52785.38        1103.00        
  28       4               52785.38        53767.38        982.00         
  0        8               53767.38        55358.38        1591.00        

  机器利用率: 51.32% (忙碌时间: 28868.00 / 总时间: 56246.38)

离散机8:
工件号      工序号             开始时间            结束时间            加工时长           
--------------------------------------------------------------------------------
  21       2               17213.00        18248.00        1035.00        
  30       2               18248.00        19262.00        1014.00        
  36       3               19262.00        21020.00        1758.00        
  36       4               21020.00        22210.00        1190.00        
  36       5               22210.00        23997.00        1787.00        
  32       2               26074.02        27234.02        1160.00        
  7        2               27234.02        28820.02        1586.00        
  26       2               28891.57        30232.57        1341.00        
  10       2               30232.57        31749.57        1517.00        
  19       4               31889.57        33434.57        1545.00        
  12       2               33434.57        34972.57        1538.00        
  37       4               35316.38        36388.38        1072.00        
  3        5               36388.38        37586.38        1198.00        
  23       2               37586.38        38649.38        1063.00        
  20       3               38649.38        39705.38        1056.00        
  18       5               39705.38        40668.38        963.00         
  24       4               40668.38        41750.38        1082.00        
  11       2               41750.38        43290.38        1540.00        
  15       6               43290.38        44641.38        1351.00        
  25       5               44641.38        46379.38        1738.00        
  38       5               46379.38        47520.38        1141.00        
  29       4               47520.38        49127.38        1607.00        
  18       7               49127.38        50792.38        1665.00        
  17       5               50792.38        52022.38        1230.00        
  10       5               52022.38        53013.38        991.00         
  16       6               53013.38        54198.38        1185.00        
  10       6               54198.38        55100.38        902.00         

  机器利用率: 62.68% (忙碌时间: 35255.00 / 总时间: 56246.38)

【打印批次详细信息】
----------------------------------------------------------------------------------------------------

打印机 1 (尺寸: 908.0 x 580.0 x 648.0):
--------------------------------------------------------------------------------
  批次 1: 零件数=14, 占用率=85.86%
    - 11: 尺寸 92.0 x 90.0 x 82.0
    - 28: 尺寸 455.0 x 342.0 x 96.0
    - 19: 尺寸 300.0 x 159.0 x 72.0
    - 8: 尺寸 53.0 x 139.0 x 78.0
    - 18: 尺寸 62.0 x 147.0 x 72.0
    - 14: 尺寸 179.0 x 116.0 x 44.0
    - 20: 尺寸 196.0 x 116.0 x 60.0
    - 43: 尺寸 262.0 x 111.0 x 64.0
    - 46: 尺寸 179.0 x 117.0 x 21.0
    - 26: 尺寸 148.0 x 162.0 x 85.0
    - 49: 尺寸 301.0 x 160.0 x 28.0
    - 6: 尺寸 117.0 x 150.0 x 12.0
    - 0: 尺寸 141.0 x 148.0 x 92.0
    - 5: 尺寸 139.0 x 144.0 x 46.0

打印机 2 (尺寸: 1023.0 x 424.0 x 616.0):
--------------------------------------------------------------------------------
  批次 1: 零件数=19, 占用率=86.97%
    - 25: 尺寸 146.0 x 260.0 x 87.0
    - 45: 尺寸 62.0 x 105.0 x 143.0
    - 27: 尺寸 394.0 x 115.0 x 168.0
    - 38: 尺寸 382.0 x 278.0 x 189.0
    - 32: 尺寸 101.0 x 53.0 x 38.0
    - 12: 尺寸 135.0 x 52.0 x 13.0
    - 1: 尺寸 65.0 x 71.0 x 30.0
    - 29: 尺寸 178.0 x 113.0 x 144.0
    - 15: 尺寸 94.0 x 123.0 x 66.0
    - 42: 尺寸 147.0 x 118.0 x 117.0
    - 24: 尺寸 60.0 x 130.0 x 57.0
    - 41: 尺寸 174.0 x 86.0 x 113.0
    - 16: 尺寸 141.0 x 66.0 x 169.0
    - 13: 尺寸 132.0 x 113.0 x 16.0
    - 44: 尺寸 231.0 x 119.0 x 92.0
    - 7: 尺寸 62.0 x 66.0 x 69.0
    - 39: 尺寸 149.0 x 98.0 x 69.0
    - 10: 尺寸 168.0 x 69.0 x 194.0
    - 9: 尺寸 198.0 x 53.0 x 188.0
  批次 2: 零件数=3, 占用率=66.87%
    - 35: 尺寸 351.0 x 359.0 x 99.0
    - 48: 尺寸 423.0 x 356.0 x 100.0
    - 31: 尺寸 140.0 x 96.0 x 76.0

打印机 3 (尺寸: 929.0 x 519.0 x 637.0):
--------------------------------------------------------------------------------
  批次 1: 零件数=10, 占用率=59.92%
    - 17: 尺寸 68.0 x 100.0 x 74.0
    - 40: 尺寸 354.0 x 96.0 x 64.0
    - 2: 尺寸 497.0 x 159.0 x 36.0
    - 3: 尺寸 272.0 x 101.0 x 72.0
    - 37: 尺寸 86.0 x 162.0 x 52.0
    - 33: 尺寸 68.0 x 86.0 x 46.0
    - 22: 尺寸 326.0 x 132.0 x 58.0
    - 34: 尺寸 124.0 x 87.0 x 35.0
    - 23: 尺寸 94.0 x 91.0 x 37.0
    - 4: 尺寸 205.0 x 290.0 x 73.0

打印机 4 (尺寸: 1089.0 x 414.0 x 657.0):
--------------------------------------------------------------------------------
  批次 1: 零件数=4, 占用率=76.18%
    - 30: 尺寸 619.0 x 336.0 x 25.0
    - 21: 尺寸 258.0 x 203.0 x 21.0
    - 36: 尺寸 146.0 x 356.0 x 13.0
    - 47: 尺寸 245.0 x 127.0 x 24.0

════════════════════════════════════════════════════════════════
