════════════════════════════════════════════════════════════════
              Pareto前沿解集详细数据
════════════════════════════════════════════════════════════════

算例: J50P4B3D8_03
算法: SPEA2
运行次数: 1
解的数量: 18

----------------------------------------------------------------------------------------------------
序号       Cmax                 能耗(kWh)              装箱质量            批次数       
----------------------------------------------------------------------------------------------------
1        58986.57             507.86               0.5099          5         
2        57338.57             508.81               0.5099          5         
3        57326.88             508.93               0.5099          5         
4        59457.38             507.81               0.5099          5         
5        59318.38             507.84               0.5099          5         
6        58364.88             508.01               0.5099          5         
7        56451.57             510.16               0.5099          5         
8        56460.38             509.75               0.5099          5         
9        56246.38             512.55               0.5992          5         
10       56254.38             511.63               0.5992          5         
11       56425.38             510.35               0.5099          5         
12       57099.38             509.62               0.5099          5         
13       57993.57             508.22               0.5099          5         
14       57560.88             508.39               0.5099          5         
15       58544.88             507.86               0.5099          5         
16       57146.88             509.16               0.5099          5         
17       58215.38             508.03               0.5099          5         
18       57380.88             508.47               0.5099          5         
----------------------------------------------------------------------------------------------------

统计信息:
  Cmax范围: [56246.38, 59457.38]
  能耗范围: [507.81, 512.55] kWh
  Cmax跨度: 3211.00 (5.40%)
  能耗跨度: 4.75 (0.93%)

════════════════════════════════════════════════════════════════
