════════════════════════════════════════════════════════════════
              最优Cmax解的详细调度记录
════════════════════════════════════════════════════════════════

【基本信息】
----------------------------------------------------------------------------------------------------
Cmax (最大完工时间): 68510.18
能耗: 656.72 kWh
装箱质量: 0.6709
批次总数: 8
工件数量: 50
机器数量: 14 (打印机:4, 批处理机:2, 离散机:8)

【染色体编码】
----------------------------------------------------------------------------------------------------
工序序列 (OS): [32, 40, 29, 45, 20, 11, 4, 9, 10, 8, 28, 47, 17, 7, 48, 5, 6, 1, 16, 49, 36, 18, 21, 37, 38, 24, 19, 14, 13, 3, 26, 0, 46, 27, 23, 33, 43, 34, 44, 12, 31, 15, 30, 39, 41, 35, 2, 22, 42, 25, 45, 11, 22, 8, 32, 1, 39, 27, 15, 11, 34, 43, 33, 31, 7, 2, 37, 32, 34, 14, 2, 48, 1, 27, 15, 43, 15, 43, 42, 49, 49, 16, 38, 26, 11, 25, 33, 31, 14, 39, 19, 8, 9, 30, 1, 38, 36, 45, 11, 6, 14, 38, 22, 32, 20, 9, 22, 48, 17, 36, 27, 38, 7, 44, 43, 5, 41, 8, 25, 17, 5, 39, 16, 48, 14, 0, 13, 42, 18, 7, 1, 44, 18, 43, 1, 15, 40, 22, 37, 6, 45, 14, 37, 25, 42, 16, 30, 12, 33, 47, 19, 8, 17, 44, 37, 14, 42, 22, 6, 28, 12, 16, 5, 38, 5, 42, 49, 6, 9, 41, 38, 46, 39, 0, 8, 9, 48, 32, 24, 37, 18, 13, 47, 43, 34, 49, 1, 34, 12, 22, 48, 34, 11, 17, 5, 15, 31, 0, 44, 31, 13, 2, 17, 41, 33, 31, 42, 37, 14, 1, 32, 7, 49, 12, 37, 39, 23, 27, 10, 19, 5, 21, 40, 20, 28, 40, 40, 48, 12, 15, 26, 8, 45, 5, 40, 11, 33, 19, 44, 20, 18, 9, 44, 14, 30, 9, 7, 49, 12, 40, 44, 2, 32, 37, 1, 25, 27, 15, 31, 11, 9, 30, 38, 30, 16, 34, 11, 32, 23, 18, 44, 6, 31, 49, 5, 33, 28, 24, 42, 39, 29]
机器选择 (MS): [4, 1, 4, 1, 4, 1, 3, 4, 4, 1, 3, 3, 4, 2, 3, 2, 1, 4, 3, 3, 2, 3, 1, 1, 1, 4, 1, 1, 1, 1, 3, 4, 4, 4, 3, 4, 4, 4, 2, 3, 4, 4, 1, 1, 3, 1, 1, 4, 4, 1, 1, 1, 2, 1, 3, 1, 1, 1, 3, 1, 2, 1, 2, 2, 2, 1, 3, 1, 1, 1, 3, 1, 3, 1, 1, 1, 2, 1, 1, 1, 1, 1, 3, 3, 1, 2, 1, 1, 2, 2, 3, 3, 1, 1, 1, 1, 2, 1, 2, 2, 1, 1, 1, 1, 2, 2, 1, 1, 1, 1, 1, 1, 1, 2, 3, 3, 1, 1, 1, 2, 2, 2, 1, 1, 1, 2, 1, 2, 2, 2, 2, 1, 1, 1, 2, 2, 3, 2, 3, 1, 1, 2, 2, 1, 3, 1, 2, 1, 3, 1, 1, 1, 2, 1, 1, 1, 1, 2, 1, 1, 1, 1, 1, 2, 1, 2, 1, 2, 1, 2, 1, 1, 2, 2, 3, 1, 2, 1, 1, 1, 1, 1, 1, 2, 1, 1, 3, 1, 1, 2, 1, 1, 1, 2, 1, 1, 2, 3, 1, 2, 1, 2, 1, 2, 1, 1, 2, 2, 1, 1, 1, 1, 2, 1, 2, 2, 1, 3, 3, 2, 1, 1, 1, 1, 1, 2, 3, 1, 1, 1, 1, 1, 2, 2, 1, 1, 1, 1, 1, 1, 1, 3, 1, 1, 1, 2, 2, 1, 2, 2, 1, 1, 2, 3, 2, 1, 2, 2, 3, 1, 1, 1, 3, 3, 3, 2, 1, 2, 3, 1, 3, 2, 1, 1, 3, 1, 1, 1, 1, 1, 1]

【零件加工顺序记录】
----------------------------------------------------------------------------------------------------
工件号      工序号             机器号             开始时间            结束时间            加工时长           
----------------------------------------------------------------------------------------------------

工件 0:
  0        0               打印机4            15913.58        42358.12        26444.55       
  0        1               批处理机2           42358.12        43370.12        1012.00        
  0        2               离散机2            48998.12        50447.12        1449.00        
  0        3               离散机8            50583.12        51759.12        1176.00        
  0        4               离散机7            51759.12        53431.12        1672.00        

工件 1:
  1        0               打印机4            0.00            15913.58        15913.58       
  1        1               批处理机2           15913.58        16925.58        1012.00        
  1        2               离散机8            16925.58        18153.58        1228.00        
  1        3               离散机6            18153.58        19660.58        1507.00        
  1        4               离散机1            19660.58        21117.58        1457.00        
  1        5               离散机2            21117.58        22028.58        911.00         
  1        6               离散机8            29037.47        30446.47        1409.00        
  1        7               离散机7            32233.47        33251.47        1018.00        
  1        8               离散机4            33555.47        35244.47        1689.00        
  1        9               离散机4            35244.47        36233.47        989.00         

工件 2:
  2        0               打印机1            20504.47        60020.18        39515.71       
  2        1               批处理机2           60020.18        61032.18        1012.00        
  2        2               离散机8            61032.18        62057.18        1025.00        
  2        3               离散机6            62057.18        63572.18        1515.00        
  2        4               离散机8            63572.18        65085.18        1513.00        
  2        5               离散机4            66135.18        67461.18        1326.00        

工件 3:
  3        0               打印机1            0.00            20504.47        20504.47       
  3        1               批处理机2           20504.47        21516.47        1012.00        

工件 4:
  4        0               打印机3            0.00            38022.08        38022.08       
  4        1               批处理机2           38022.08        39034.08        1012.00        

工件 5:
  5        0               打印机2            0.00            23375.37        23375.37       
  5        1               批处理机2           23375.37        24387.37        1012.00        
  5        2               离散机1            26926.37        28083.37        1157.00        
  5        3               离散机7            28083.37        29806.37        1723.00        
  5        4               离散机8            32912.47        34011.47        1099.00        
  5        5               离散机2            34011.47        34973.47        962.00         
  5        6               离散机8            34973.47        36423.47        1450.00        
  5        7               离散机6            42452.08        43365.08        913.00         
  5        8               离散机6            45001.12        46195.12        1194.00        
  5        9               离散机8            62057.18        63089.18        1032.00        

工件 6:
  6        0               打印机1            20504.47        60020.18        39515.71       
  6        1               批处理机2           60020.18        61032.18        1012.00        
  6        2               离散机1            61032.18        62157.18        1125.00        
  6        3               离散机2            62157.18        63302.18        1145.00        
  6        4               离散机7            63302.18        65070.18        1768.00        
  6        5               离散机4            65070.18        66135.18        1065.00        
  6        6               离散机6            66135.18        67377.18        1242.00        

工件 7:
  7        0               打印机2            0.00            23375.37        23375.37       
  7        1               批处理机2           23375.37        24387.37        1012.00        
  7        2               离散机3            24387.37        25458.37        1071.00        
  7        3               离散机1            25458.37        26926.37        1468.00        
  7        4               离散机2            27477.47        28793.47        1316.00        
  7        5               离散机2            32387.47        33758.47        1371.00        
  7        6               离散机8            56279.12        57450.12        1171.00        

工件 8:
  8        0               打印机1            0.00            20504.47        20504.47       
  8        1               批处理机2           20504.47        21516.47        1012.00        
  8        2               离散机8            21516.47        22434.47        918.00         
  8        3               离散机5            25120.47        26325.47        1205.00        
  8        4               离散机5            29102.47        30153.47        1051.00        
  8        5               离散机2            30838.47        32387.47        1549.00        
  8        6               离散机2            34973.47        36654.47        1681.00        
  8        7               离散机8            36654.47        37793.47        1139.00        

工件 9:
  9        0               打印机4            15913.58        42358.12        26444.55       
  9        1               批处理机2           42358.12        43370.12        1012.00        
  9        2               离散机6            43370.12        45001.12        1631.00        
  9        3               离散机5            45001.12        46001.12        1000.00        
  9        4               离散机6            50032.12        50939.12        907.00         
  9        5               离散机6            52779.12        54092.12        1313.00        
  9        6               离散机1            55484.12        56529.12        1045.00        
  9        7               离散机4            56529.12        57464.12        935.00         
  9        8               离散机2            57525.29        58661.29        1136.00        

工件 10:
  10       0               打印机4            42358.12        55413.29        13055.17       
  10       1               批处理机2           55413.29        56425.29        1012.00        
  10       2               离散机7            56425.29        57920.29        1495.00        

工件 11:
  11       0               打印机1            0.00            20504.47        20504.47       
  11       1               批处理机2           20504.47        21516.47        1012.00        
  11       2               离散机1            21516.47        22932.47        1416.00        
  11       3               离散机5            23143.47        24204.47        1061.00        
  11       4               离散机5            24204.47        25120.47        916.00         
  11       5               离散机8            27356.47        29037.47        1681.00        
  11       6               离散机1            29073.37        30823.37        1750.00        
  11       7               离散机8            37793.47        38851.47        1058.00        
  11       8               离散机4            38851.47        40261.47        1410.00        
  11       9               离散机6            60503.29        61786.29        1283.00        

工件 12:
  12       0               打印机3            0.00            38022.08        38022.08       
  12       1               批处理机2           38022.08        39034.08        1012.00        
  12       2               离散机6            40297.08        41208.08        911.00         
  12       3               离散机4            41208.08        42553.08        1345.00        
  12       4               离散机3            43562.08        44768.08        1206.00        
  12       5               离散机6            55111.12        56862.12        1751.00        
  12       6               离散机7            57920.29        59047.29        1127.00        
  12       7               离散机3            59047.29        60264.29        1217.00        

工件 13:
  13       0               打印机1            20504.47        60020.18        39515.71       
  13       1               批处理机2           60020.18        61032.18        1012.00        
  13       2               离散机7            61032.18        62680.18        1648.00        
  13       3               离散机2            64243.18        65330.18        1087.00        
  13       4               离散机7            65330.18        66674.18        1344.00        

工件 14:
  14       0               打印机1            0.00            20504.47        20504.47       
  14       1               批处理机2           20504.47        21516.47        1012.00        
  14       2               离散机6            21516.47        23025.47        1509.00        
  14       3               离散机8            25025.47        26268.47        1243.00        
  14       4               离散机2            26268.47        27477.47        1209.00        
  14       5               离散机1            28083.37        29073.37        990.00         
  14       6               离散机7            29806.37        30748.37        942.00         
  14       7               离散机8            31403.47        32912.47        1509.00        
  14       8               离散机6            35600.47        37145.47        1545.00        
  14       9               离散机7            38314.47        39725.47        1411.00        

工件 15:
  15       0               打印机4            15913.58        42358.12        26444.55       
  15       1               批处理机2           42358.12        43370.12        1012.00        
  15       2               离散机8            44362.12        45631.12        1269.00        
  15       3               离散机7            46601.12        47790.12        1189.00        
  15       4               离散机5            47790.12        49342.12        1552.00        
  15       5               离散机3            49342.12        50316.12        974.00         
  15       6               离散机4            51007.12        52792.12        1785.00        
  15       7               离散机7            54894.12        55805.12        911.00         
  15       8               离散机6            63572.18        65212.18        1640.00        

工件 16:
  16       0               打印机3            38022.08        45890.31        7868.23        
  16       1               批处理机2           45890.31        46902.31        1012.00        
  16       2               离散机7            47790.12        48694.12        904.00         
  16       3               离散机6            48890.12        50032.12        1142.00        
  16       4               离散机4            50032.12        51007.12        975.00         
  16       5               离散机6            51007.12        52779.12        1772.00        
  16       6               离散机1            56529.12        57978.12        1449.00        

工件 17:
  17       0               打印机4            0.00            15913.58        15913.58       
  17       1               批处理机2           15913.58        16925.58        1012.00        
  17       2               离散机6            16925.58        17989.58        1064.00        
  17       3               离散机3            17989.58        19177.58        1188.00        
  17       4               离散机7            19254.58        20334.58        1080.00        
  17       5               离散机7            20334.58        21261.58        927.00         
  17       6               离散机7            21261.58        22714.58        1453.00        

工件 18:
  18       0               打印机3            0.00            38022.08        38022.08       
  18       1               批处理机2           38022.08        39034.08        1012.00        
  18       2               离散机1            40122.08        41369.08        1247.00        
  18       3               离散机1            41369.08        42304.08        935.00         
  18       4               离散机4            42553.08        43590.08        1037.00        
  18       5               离散机3            44768.08        46230.08        1462.00        
  18       6               离散机8            58477.12        60121.12        1644.00        

工件 19:
  19       0               打印机1            0.00            20504.47        20504.47       
  19       1               批处理机2           20504.47        21516.47        1012.00        
  19       2               离散机8            26268.47        27356.47        1088.00        
  19       3               离散机5            31469.47        32595.47        1126.00        
  19       4               离散机6            37145.47        38616.47        1471.00        
  19       5               离散机5            41901.08        42809.08        908.00         

工件 20:
  20       0               打印机4            15913.58        42358.12        26444.55       
  20       1               批处理机2           42358.12        43370.12        1012.00        
  20       2               离散机6            47230.12        48890.12        1660.00        
  20       3               离散机2            51420.12        52707.12        1287.00        
  20       4               离散机3            53898.12        55005.12        1107.00        

工件 21:
  21       0               打印机1            0.00            20504.47        20504.47       
  21       1               批处理机2           20504.47        21516.47        1012.00        
  21       2               离散机1            34037.47        35132.47        1095.00        

工件 22:
  22       0               打印机4            15913.58        42358.12        26444.55       
  22       1               批处理机2           42358.12        43370.12        1012.00        
  22       2               离散机5            43370.12        44339.12        969.00         
  22       3               离散机1            44542.12        45661.12        1119.00        
  22       4               离散机2            46247.12        47958.12        1711.00        
  22       5               离散机3            47958.12        49320.12        1362.00        
  22       6               离散机3            51715.12        52799.12        1084.00        
  22       7               离散机4            52799.12        54330.12        1531.00        

工件 23:
  23       0               打印机3            38022.08        45890.31        7868.23        
  23       1               批处理机2           45890.31        46902.31        1012.00        
  23       2               离散机1            52436.12        53344.12        908.00         
  23       3               离散机2            53344.12        54377.12        1033.00        

工件 24:
  24       0               打印机4            0.00            15913.58        15913.58       
  24       1               批处理机2           15913.58        16925.58        1012.00        
  24       2               离散机4            16925.58        17899.58        974.00         
  24       3               离散机1            17899.58        19637.58        1738.00        

工件 25:
  25       0               打印机1            0.00            20504.47        20504.47       
  25       1               批处理机2           20504.47        21516.47        1012.00        
  25       2               离散机8            23338.47        25025.47        1687.00        
  25       3               离散机5            30153.47        31469.47        1316.00        
  25       4               离散机1            31469.47        32989.47        1520.00        
  25       5               离散机8            57450.12        58477.12        1027.00        

工件 26:
  26       0               打印机3            0.00            38022.08        38022.08       
  26       1               批处理机2           38022.08        39034.08        1012.00        
  26       2               离散机5            39034.08        40785.08        1751.00        
  26       3               离散机5            40785.08        41901.08        1116.00        

工件 27:
  27       0               打印机4            15913.58        42358.12        26444.55       
  27       1               批处理机2           42358.12        43370.12        1012.00        
  27       2               离散机8            43370.12        44362.12        992.00         
  27       3               离散机8            47166.12        48493.12        1327.00        
  27       4               离散机1            48493.12        49508.12        1015.00        
  27       5               离散机3            52799.12        53898.12        1099.00        
  27       6               离散机4            54330.12        55802.12        1472.00        

工件 28:
  28       0               打印机3            0.00            38022.08        38022.08       
  28       1               批处理机2           38022.08        39034.08        1012.00        
  28       2               离散机8            40299.08        41642.08        1343.00        
  28       3               离散机7            41737.08        43231.08        1494.00        
  28       4               离散机1            59002.12        60760.12        1758.00        

工件 29:
  29       0               打印机4            15913.58        42358.12        26444.55       
  29       1               批处理机2           42358.12        43370.12        1012.00        
  29       2               离散机7            43370.12        44787.12        1417.00        

工件 30:
  30       0               打印机1            0.00            20504.47        20504.47       
  30       1               批处理机2           20504.47        21516.47        1012.00        
  30       2               离散机5            26325.47        27363.47        1038.00        
  30       3               离散机3            27363.47        28828.47        1465.00        
  30       4               离散机3            28828.47        30532.47        1704.00        
  30       5               离散机1            35132.47        36282.47        1150.00        
  30       6               离散机4            36282.47        37591.47        1309.00        

工件 31:
  31       0               打印机4            15913.58        42358.12        26444.55       
  31       1               批处理机2           42358.12        43370.12        1012.00        
  31       2               离散机8            45631.12        47166.12        1535.00        
  31       3               离散机7            48694.12        50359.12        1665.00        
  31       4               离散机1            51272.12        52436.12        1164.00        
  31       5               离散机7            53431.12        54894.12        1463.00        
  31       6               离散机8            54894.12        56279.12        1385.00        
  31       7               离散机3            56631.12        57708.12        1077.00        
  31       8               离散机7            66674.18        67839.18        1165.00        

工件 32:
  32       0               打印机4            0.00            15913.58        15913.58       
  32       1               批处理机2           15913.58        16925.58        1012.00        
  32       2               离散机7            16925.58        18119.58        1194.00        
  32       3               离散机7            18119.58        19254.58        1135.00        
  32       4               离散机8            19254.58        20184.58        930.00         
  32       5               离散机3            20184.58        21175.58        991.00         
  32       6               离散机7            22714.58        23697.58        983.00         
  32       7               离散机5            33621.47        35382.47        1761.00        
  32       8               离散机3            35382.47        37023.47        1641.00        

工件 33:
  33       0               打印机4            15913.58        42358.12        26444.55       
  33       1               批处理机2           42358.12        43370.12        1012.00        
  33       2               离散机2            45014.12        46247.12        1233.00        
  33       3               离散机8            48493.12        49664.12        1171.00        
  33       4               离散机8            49664.12        50583.12        919.00         
  33       5               离散机5            52049.12        53668.12        1619.00        
  33       6               离散机1            54484.12        55484.12        1000.00        
  33       7               离散机3            60264.29        61364.29        1100.00        

工件 34:
  34       0               打印机4            15913.58        42358.12        26444.55       
  34       1               批处理机2           42358.12        43370.12        1012.00        
  34       2               离散机2            43370.12        45014.12        1644.00        
  34       3               离散机7            45014.12        46601.12        1587.00        
  34       4               离散机1            46810.12        48070.12        1260.00        
  34       5               离散机2            50447.12        51420.12        973.00         
  34       6               离散机8            51759.12        52907.12        1148.00        
  34       7               离散机7            59047.29        60517.29        1470.00        

工件 35:
  35       0               打印机1            0.00            20504.47        20504.47       
  35       1               批处理机2           20504.47        21516.47        1012.00        

工件 36:
  36       0               打印机2            0.00            23375.37        23375.37       
  36       1               批处理机2           23375.37        24387.37        1012.00        
  36       2               离散机4            24387.37        25710.37        1323.00        
  36       3               离散机6            25744.47        27285.47        1541.00        

工件 37:
  37       0               打印机1            0.00            20504.47        20504.47       
  37       1               批处理机2           20504.47        21516.47        1012.00        
  37       2               离散机4            21516.47        22546.47        1030.00        
  37       3               离散机1            24255.47        25207.47        952.00         
  37       4               离散机6            30160.47        31437.47        1277.00        
  37       5               离散机1            32989.47        34037.47        1048.00        
  37       6               离散机6            34037.47        35600.47        1563.00        
  37       7               离散机7            35600.47        36731.47        1131.00        
  37       8               离散机5            36731.47        37686.47        955.00         
  37       9               离散机5            37686.47        38652.47        966.00         

工件 38:
  38       0               打印机1            0.00            20504.47        20504.47       
  38       1               批处理机2           20504.47        21516.47        1012.00        
  38       2               离散机8            22434.47        23338.47        904.00         
  38       3               离散机6            23338.47        24447.47        1109.00        
  38       4               离散机5            27363.47        29102.47        1739.00        
  38       5               离散机2            29102.47        30838.47        1736.00        
  38       6               离散机7            30838.47        32233.47        1395.00        
  38       7               离散机4            32233.47        33555.47        1322.00        
  38       8               离散机1            36282.47        37772.47        1490.00        

工件 39:
  39       0               打印机1            20504.47        60020.18        39515.71       
  39       1               批处理机2           60020.18        61032.18        1012.00        
  39       2               离散机4            61032.18        62419.18        1387.00        
  39       3               离散机4            62419.18        63396.18        977.00         
  39       4               离散机4            63396.18        64670.18        1274.00        
  39       5               离散机3            64670.18        66199.18        1529.00        
  39       6               离散机2            66199.18        67537.18        1338.00        
  39       7               离散机3            67537.18        68510.18        973.00         

工件 40:
  40       0               打印机1            0.00            20504.47        20504.47       
  40       1               批处理机2           20504.47        21516.47        1012.00        
  40       2               离散机1            22932.47        24255.47        1323.00        
  40       3               离散机3            25458.37        26399.37        941.00         
  40       4               离散机6            32603.47        33785.47        1182.00        
  40       5               离散机2            36654.47        38268.47        1614.00        
  40       6               离散机2            38268.47        39459.47        1191.00        
  40       7               离散机2            41567.08        43315.08        1748.00        

工件 41:
  41       0               打印机3            0.00            38022.08        38022.08       
  41       1               批处理机2           38022.08        39034.08        1012.00        
  41       2               离散机1            39034.08        40122.08        1088.00        
  41       3               离散机2            40122.08        41567.08        1445.00        
  41       4               离散机1            42304.08        43207.08        903.00         

工件 42:
  42       0               打印机4            42358.12        55413.29        13055.17       
  42       1               批处理机2           55413.29        56425.29        1012.00        
  42       2               离散机2            56425.29        57525.29        1100.00        
  42       3               离散机6            57525.29        58929.29        1404.00        
  42       4               离散机2            58929.29        60250.29        1321.00        
  42       5               离散机2            60250.29        61939.29        1689.00        
  42       6               离散机2            63302.18        64243.18        941.00         
  42       7               离散机8            65085.18        66121.18        1036.00        
  42       8               离散机3            66199.18        67526.18        1327.00        

工件 43:
  43       0               打印机4            15913.58        42358.12        26444.55       
  43       1               批处理机2           42358.12        43370.12        1012.00        
  43       2               离散机1            43370.12        44542.12        1172.00        
  43       3               离散机4            44542.12        46278.12        1736.00        
  43       4               离散机6            46278.12        47230.12        952.00         
  43       5               离散机2            47958.12        48998.12        1040.00        
  43       6               离散机5            49342.12        50573.12        1231.00        
  43       7               离散机5            50573.12        52049.12        1476.00        

工件 44:
  44       0               打印机2            0.00            23375.37        23375.37       
  44       1               批处理机2           23375.37        24387.37        1012.00        
  44       2               离散机6            27285.47        28599.47        1314.00        
  44       3               离散机6            28599.47        30160.47        1561.00        
  44       4               离散机6            31437.47        32603.47        1166.00        
  44       5               离散机5            32603.47        33621.47        1018.00        
  44       6               离散机7            33621.47        34527.47        906.00         
  44       7               离散机7            36731.47        38314.47        1583.00        
  44       8               离散机5            46001.12        46925.12        924.00         
  44       9               离散机3            57708.12        58703.12        995.00         

工件 45:
  45       0               打印机1            0.00            20504.47        20504.47       
  45       1               批处理机2           20504.47        21516.47        1012.00        
  45       2               离散机5            21516.47        23143.47        1627.00        
  45       3               离散机6            24447.47        25744.47        1297.00        
  45       4               离散机8            30446.47        31403.47        957.00         
  45       5               离散机8            41642.08        43274.08        1632.00        

工件 46:
  46       0               打印机4            42358.12        55413.29        13055.17       
  46       1               批处理机2           55413.29        56425.29        1012.00        
  46       2               离散机6            58929.29        60503.29        1574.00        

工件 47:
  47       0               打印机3            38022.08        45890.31        7868.23        
  47       1               批处理机2           45890.31        46902.31        1012.00        
  47       2               离散机3            50316.12        51715.12        1399.00        
  47       3               离散机6            54092.12        55111.12        1019.00        

工件 48:
  48       0               打印机3            0.00            38022.08        38022.08       
  48       1               批处理机2           38022.08        39034.08        1012.00        
  48       2               离散机6            39034.08        40297.08        1263.00        
  48       3               离散机3            40297.08        41518.08        1221.00        
  48       4               离散机6            41518.08        42452.08        934.00         
  48       5               离散机3            42452.08        43562.08        1110.00        
  48       6               离散机1            49508.12        51272.12        1764.00        
  48       7               离散机1            53344.12        54484.12        1140.00        

工件 49:
  49       0               打印机3            0.00            38022.08        38022.08       
  49       1               批处理机2           38022.08        39034.08        1012.00        
  49       2               离散机8            39034.08        40299.08        1265.00        
  49       3               离散机7            40299.08        41737.08        1438.00        
  49       4               离散机1            45661.12        46810.12        1149.00        
  49       5               离散机3            46810.12        47881.12        1071.00        
  49       6               离散机8            52907.12        54492.12        1585.00        
  49       7               离散机3            55005.12        56631.12        1626.00        
  49       8               离散机1            57978.12        59002.12        1024.00        

【机器加工顺序记录】
----------------------------------------------------------------------------------------------------

打印机1:
工件号      工序号             开始时间            结束时间            加工时长           
--------------------------------------------------------------------------------
  3        0               0.00            20504.47        20504.47       
  8        0               0.00            20504.47        20504.47       
  11       0               0.00            20504.47        20504.47       
  14       0               0.00            20504.47        20504.47       
  19       0               0.00            20504.47        20504.47       
  21       0               0.00            20504.47        20504.47       
  25       0               0.00            20504.47        20504.47       
  30       0               0.00            20504.47        20504.47       
  35       0               0.00            20504.47        20504.47       
  37       0               0.00            20504.47        20504.47       
  38       0               0.00            20504.47        20504.47       
  40       0               0.00            20504.47        20504.47       
  45       0               0.00            20504.47        20504.47       
  2        0               20504.47        60020.18        39515.71       
  6        0               20504.47        60020.18        39515.71       
  13       0               20504.47        60020.18        39515.71       
  39       0               20504.47        60020.18        39515.71       

  机器利用率: 619.79% (忙碌时间: 424620.97 / 总时间: 68510.18)

打印机2:
工件号      工序号             开始时间            结束时间            加工时长           
--------------------------------------------------------------------------------
  5        0               0.00            23375.37        23375.37       
  7        0               0.00            23375.37        23375.37       
  36       0               0.00            23375.37        23375.37       
  44       0               0.00            23375.37        23375.37       

  机器利用率: 136.48% (忙碌时间: 93501.48 / 总时间: 68510.18)

打印机3:
工件号      工序号             开始时间            结束时间            加工时长           
--------------------------------------------------------------------------------
  4        0               0.00            38022.08        38022.08       
  12       0               0.00            38022.08        38022.08       
  18       0               0.00            38022.08        38022.08       
  26       0               0.00            38022.08        38022.08       
  28       0               0.00            38022.08        38022.08       
  41       0               0.00            38022.08        38022.08       
  48       0               0.00            38022.08        38022.08       
  49       0               0.00            38022.08        38022.08       
  16       0               38022.08        45890.31        7868.23        
  23       0               38022.08        45890.31        7868.23        
  47       0               38022.08        45890.31        7868.23        

  机器利用率: 478.44% (忙碌时间: 327781.31 / 总时间: 68510.18)

打印机4:
工件号      工序号             开始时间            结束时间            加工时长           
--------------------------------------------------------------------------------
  1        0               0.00            15913.58        15913.58       
  17       0               0.00            15913.58        15913.58       
  24       0               0.00            15913.58        15913.58       
  32       0               0.00            15913.58        15913.58       
  0        0               15913.58        42358.12        26444.55       
  9        0               15913.58        42358.12        26444.55       
  15       0               15913.58        42358.12        26444.55       
  20       0               15913.58        42358.12        26444.55       
  22       0               15913.58        42358.12        26444.55       
  27       0               15913.58        42358.12        26444.55       
  29       0               15913.58        42358.12        26444.55       
  31       0               15913.58        42358.12        26444.55       
  33       0               15913.58        42358.12        26444.55       
  34       0               15913.58        42358.12        26444.55       
  43       0               15913.58        42358.12        26444.55       
  10       0               42358.12        55413.29        13055.17       
  42       0               42358.12        55413.29        13055.17       
  46       0               42358.12        55413.29        13055.17       

  机器利用率: 574.67% (忙碌时间: 393709.84 / 总时间: 68510.18)

批处理机1:
工件号      工序号             开始时间            结束时间            加工时长           
--------------------------------------------------------------------------------

  机器利用率: 0.00% (忙碌时间: 0.00 / 总时间: 68510.18)

批处理机2:
工件号      工序号             开始时间            结束时间            加工时长           
--------------------------------------------------------------------------------
  1        1               15913.58        16925.58        1012.00        
  17       1               15913.58        16925.58        1012.00        
  24       1               15913.58        16925.58        1012.00        
  32       1               15913.58        16925.58        1012.00        
  3        1               20504.47        21516.47        1012.00        
  8        1               20504.47        21516.47        1012.00        
  11       1               20504.47        21516.47        1012.00        
  14       1               20504.47        21516.47        1012.00        
  19       1               20504.47        21516.47        1012.00        
  21       1               20504.47        21516.47        1012.00        
  25       1               20504.47        21516.47        1012.00        
  30       1               20504.47        21516.47        1012.00        
  35       1               20504.47        21516.47        1012.00        
  37       1               20504.47        21516.47        1012.00        
  38       1               20504.47        21516.47        1012.00        
  40       1               20504.47        21516.47        1012.00        
  45       1               20504.47        21516.47        1012.00        
  5        1               23375.37        24387.37        1012.00        
  7        1               23375.37        24387.37        1012.00        
  36       1               23375.37        24387.37        1012.00        
  44       1               23375.37        24387.37        1012.00        
  4        1               38022.08        39034.08        1012.00        
  12       1               38022.08        39034.08        1012.00        
  18       1               38022.08        39034.08        1012.00        
  26       1               38022.08        39034.08        1012.00        
  28       1               38022.08        39034.08        1012.00        
  41       1               38022.08        39034.08        1012.00        
  48       1               38022.08        39034.08        1012.00        
  49       1               38022.08        39034.08        1012.00        
  0        1               42358.12        43370.12        1012.00        
  9        1               42358.12        43370.12        1012.00        
  15       1               42358.12        43370.12        1012.00        
  20       1               42358.12        43370.12        1012.00        
  22       1               42358.12        43370.12        1012.00        
  27       1               42358.12        43370.12        1012.00        
  29       1               42358.12        43370.12        1012.00        
  31       1               42358.12        43370.12        1012.00        
  33       1               42358.12        43370.12        1012.00        
  34       1               42358.12        43370.12        1012.00        
  43       1               42358.12        43370.12        1012.00        
  16       1               45890.31        46902.31        1012.00        
  23       1               45890.31        46902.31        1012.00        
  47       1               45890.31        46902.31        1012.00        
  10       1               55413.29        56425.29        1012.00        
  42       1               55413.29        56425.29        1012.00        
  46       1               55413.29        56425.29        1012.00        
  2        1               60020.18        61032.18        1012.00        
  6        1               60020.18        61032.18        1012.00        
  13       1               60020.18        61032.18        1012.00        
  39       1               60020.18        61032.18        1012.00        

  机器利用率: 73.86% (忙碌时间: 50600.00 / 总时间: 68510.18)

离散机1:
工件号      工序号             开始时间            结束时间            加工时长           
--------------------------------------------------------------------------------
  24       3               17899.58        19637.58        1738.00        
  1        4               19660.58        21117.58        1457.00        
  11       2               21516.47        22932.47        1416.00        
  40       2               22932.47        24255.47        1323.00        
  37       3               24255.47        25207.47        952.00         
  7        3               25458.37        26926.37        1468.00        
  5        2               26926.37        28083.37        1157.00        
  14       5               28083.37        29073.37        990.00         
  11       6               29073.37        30823.37        1750.00        
  25       4               31469.47        32989.47        1520.00        
  37       5               32989.47        34037.47        1048.00        
  21       2               34037.47        35132.47        1095.00        
  30       5               35132.47        36282.47        1150.00        
  38       8               36282.47        37772.47        1490.00        
  41       2               39034.08        40122.08        1088.00        
  18       2               40122.08        41369.08        1247.00        
  18       3               41369.08        42304.08        935.00         
  41       4               42304.08        43207.08        903.00         
  43       2               43370.12        44542.12        1172.00        
  22       3               44542.12        45661.12        1119.00        
  49       4               45661.12        46810.12        1149.00        
  34       4               46810.12        48070.12        1260.00        
  27       4               48493.12        49508.12        1015.00        
  48       6               49508.12        51272.12        1764.00        
  31       4               51272.12        52436.12        1164.00        
  23       2               52436.12        53344.12        908.00         
  48       7               53344.12        54484.12        1140.00        
  33       6               54484.12        55484.12        1000.00        
  9        6               55484.12        56529.12        1045.00        
  16       6               56529.12        57978.12        1449.00        
  49       8               57978.12        59002.12        1024.00        
  28       4               59002.12        60760.12        1758.00        
  6        2               61032.18        62157.18        1125.00        

  机器利用率: 59.58% (忙碌时间: 40819.00 / 总时间: 68510.18)

离散机2:
工件号      工序号             开始时间            结束时间            加工时长           
--------------------------------------------------------------------------------
  1        5               21117.58        22028.58        911.00         
  14       4               26268.47        27477.47        1209.00        
  7        4               27477.47        28793.47        1316.00        
  38       5               29102.47        30838.47        1736.00        
  8        5               30838.47        32387.47        1549.00        
  7        5               32387.47        33758.47        1371.00        
  5        5               34011.47        34973.47        962.00         
  8        6               34973.47        36654.47        1681.00        
  40       5               36654.47        38268.47        1614.00        
  40       6               38268.47        39459.47        1191.00        
  41       3               40122.08        41567.08        1445.00        
  40       7               41567.08        43315.08        1748.00        
  34       2               43370.12        45014.12        1644.00        
  33       2               45014.12        46247.12        1233.00        
  22       4               46247.12        47958.12        1711.00        
  43       5               47958.12        48998.12        1040.00        
  0        2               48998.12        50447.12        1449.00        
  34       5               50447.12        51420.12        973.00         
  20       3               51420.12        52707.12        1287.00        
  23       3               53344.12        54377.12        1033.00        
  42       2               56425.29        57525.29        1100.00        
  9        8               57525.29        58661.29        1136.00        
  42       4               58929.29        60250.29        1321.00        
  42       5               60250.29        61939.29        1689.00        
  6        3               62157.18        63302.18        1145.00        
  42       6               63302.18        64243.18        941.00         
  13       3               64243.18        65330.18        1087.00        
  39       6               66199.18        67537.18        1338.00        

  机器利用率: 53.80% (忙碌时间: 36860.00 / 总时间: 68510.18)

离散机3:
工件号      工序号             开始时间            结束时间            加工时长           
--------------------------------------------------------------------------------
  17       3               17989.58        19177.58        1188.00        
  32       5               20184.58        21175.58        991.00         
  7        2               24387.37        25458.37        1071.00        
  40       3               25458.37        26399.37        941.00         
  30       3               27363.47        28828.47        1465.00        
  30       4               28828.47        30532.47        1704.00        
  32       8               35382.47        37023.47        1641.00        
  48       3               40297.08        41518.08        1221.00        
  48       5               42452.08        43562.08        1110.00        
  12       4               43562.08        44768.08        1206.00        
  18       5               44768.08        46230.08        1462.00        
  49       5               46810.12        47881.12        1071.00        
  22       5               47958.12        49320.12        1362.00        
  15       5               49342.12        50316.12        974.00         
  47       2               50316.12        51715.12        1399.00        
  22       6               51715.12        52799.12        1084.00        
  27       5               52799.12        53898.12        1099.00        
  20       4               53898.12        55005.12        1107.00        
  49       7               55005.12        56631.12        1626.00        
  31       7               56631.12        57708.12        1077.00        
  44       9               57708.12        58703.12        995.00         
  12       7               59047.29        60264.29        1217.00        
  33       7               60264.29        61364.29        1100.00        
  39       5               64670.18        66199.18        1529.00        
  42       8               66199.18        67526.18        1327.00        
  39       7               67537.18        68510.18        973.00         

  机器利用率: 46.62% (忙碌时间: 31940.00 / 总时间: 68510.18)

离散机4:
工件号      工序号             开始时间            结束时间            加工时长           
--------------------------------------------------------------------------------
  24       2               16925.58        17899.58        974.00         
  37       2               21516.47        22546.47        1030.00        
  36       2               24387.37        25710.37        1323.00        
  38       7               32233.47        33555.47        1322.00        
  1        8               33555.47        35244.47        1689.00        
  1        9               35244.47        36233.47        989.00         
  30       6               36282.47        37591.47        1309.00        
  11       8               38851.47        40261.47        1410.00        
  12       3               41208.08        42553.08        1345.00        
  18       4               42553.08        43590.08        1037.00        
  43       3               44542.12        46278.12        1736.00        
  16       4               50032.12        51007.12        975.00         
  15       6               51007.12        52792.12        1785.00        
  22       7               52799.12        54330.12        1531.00        
  27       6               54330.12        55802.12        1472.00        
  9        7               56529.12        57464.12        935.00         
  39       2               61032.18        62419.18        1387.00        
  39       3               62419.18        63396.18        977.00         
  39       4               63396.18        64670.18        1274.00        
  6        5               65070.18        66135.18        1065.00        
  2        5               66135.18        67461.18        1326.00        

  机器利用率: 39.25% (忙碌时间: 26891.00 / 总时间: 68510.18)

离散机5:
工件号      工序号             开始时间            结束时间            加工时长           
--------------------------------------------------------------------------------
  45       2               21516.47        23143.47        1627.00        
  11       3               23143.47        24204.47        1061.00        
  11       4               24204.47        25120.47        916.00         
  8        3               25120.47        26325.47        1205.00        
  30       2               26325.47        27363.47        1038.00        
  38       4               27363.47        29102.47        1739.00        
  8        4               29102.47        30153.47        1051.00        
  25       3               30153.47        31469.47        1316.00        
  19       3               31469.47        32595.47        1126.00        
  44       5               32603.47        33621.47        1018.00        
  32       7               33621.47        35382.47        1761.00        
  37       8               36731.47        37686.47        955.00         
  37       9               37686.47        38652.47        966.00         
  26       2               39034.08        40785.08        1751.00        
  26       3               40785.08        41901.08        1116.00        
  19       5               41901.08        42809.08        908.00         
  22       2               43370.12        44339.12        969.00         
  9        3               45001.12        46001.12        1000.00        
  44       8               46001.12        46925.12        924.00         
  15       4               47790.12        49342.12        1552.00        
  43       6               49342.12        50573.12        1231.00        
  43       7               50573.12        52049.12        1476.00        
  33       5               52049.12        53668.12        1619.00        

  机器利用率: 41.34% (忙碌时间: 28325.00 / 总时间: 68510.18)

离散机6:
工件号      工序号             开始时间            结束时间            加工时长           
--------------------------------------------------------------------------------
  17       2               16925.58        17989.58        1064.00        
  1        3               18153.58        19660.58        1507.00        
  14       2               21516.47        23025.47        1509.00        
  38       3               23338.47        24447.47        1109.00        
  45       3               24447.47        25744.47        1297.00        
  36       3               25744.47        27285.47        1541.00        
  44       2               27285.47        28599.47        1314.00        
  44       3               28599.47        30160.47        1561.00        
  37       4               30160.47        31437.47        1277.00        
  44       4               31437.47        32603.47        1166.00        
  40       4               32603.47        33785.47        1182.00        
  37       6               34037.47        35600.47        1563.00        
  14       8               35600.47        37145.47        1545.00        
  19       4               37145.47        38616.47        1471.00        
  48       2               39034.08        40297.08        1263.00        
  12       2               40297.08        41208.08        911.00         
  48       4               41518.08        42452.08        934.00         
  5        7               42452.08        43365.08        913.00         
  9        2               43370.12        45001.12        1631.00        
  5        8               45001.12        46195.12        1194.00        
  43       4               46278.12        47230.12        952.00         
  20       2               47230.12        48890.12        1660.00        
  16       3               48890.12        50032.12        1142.00        
  9        4               50032.12        50939.12        907.00         
  16       5               51007.12        52779.12        1772.00        
  9        5               52779.12        54092.12        1313.00        
  47       3               54092.12        55111.12        1019.00        
  12       5               55111.12        56862.12        1751.00        
  42       3               57525.29        58929.29        1404.00        
  46       2               58929.29        60503.29        1574.00        
  11       9               60503.29        61786.29        1283.00        
  2        3               62057.18        63572.18        1515.00        
  15       8               63572.18        65212.18        1640.00        
  6        6               66135.18        67377.18        1242.00        

  机器利用率: 65.87% (忙碌时间: 45126.00 / 总时间: 68510.18)

离散机7:
工件号      工序号             开始时间            结束时间            加工时长           
--------------------------------------------------------------------------------
  32       2               16925.58        18119.58        1194.00        
  32       3               18119.58        19254.58        1135.00        
  17       4               19254.58        20334.58        1080.00        
  17       5               20334.58        21261.58        927.00         
  17       6               21261.58        22714.58        1453.00        
  32       6               22714.58        23697.58        983.00         
  5        3               28083.37        29806.37        1723.00        
  14       6               29806.37        30748.37        942.00         
  38       6               30838.47        32233.47        1395.00        
  1        7               32233.47        33251.47        1018.00        
  44       6               33621.47        34527.47        906.00         
  37       7               35600.47        36731.47        1131.00        
  44       7               36731.47        38314.47        1583.00        
  14       9               38314.47        39725.47        1411.00        
  49       3               40299.08        41737.08        1438.00        
  28       3               41737.08        43231.08        1494.00        
  29       2               43370.12        44787.12        1417.00        
  34       3               45014.12        46601.12        1587.00        
  15       3               46601.12        47790.12        1189.00        
  16       2               47790.12        48694.12        904.00         
  31       3               48694.12        50359.12        1665.00        
  0        4               51759.12        53431.12        1672.00        
  31       5               53431.12        54894.12        1463.00        
  15       7               54894.12        55805.12        911.00         
  10       2               56425.29        57920.29        1495.00        
  12       6               57920.29        59047.29        1127.00        
  34       7               59047.29        60517.29        1470.00        
  13       2               61032.18        62680.18        1648.00        
  6        4               63302.18        65070.18        1768.00        
  13       4               65330.18        66674.18        1344.00        
  31       8               66674.18        67839.18        1165.00        

  机器利用率: 59.32% (忙碌时间: 40638.00 / 总时间: 68510.18)

离散机8:
工件号      工序号             开始时间            结束时间            加工时长           
--------------------------------------------------------------------------------
  1        2               16925.58        18153.58        1228.00        
  32       4               19254.58        20184.58        930.00         
  8        2               21516.47        22434.47        918.00         
  38       2               22434.47        23338.47        904.00         
  25       2               23338.47        25025.47        1687.00        
  14       3               25025.47        26268.47        1243.00        
  19       2               26268.47        27356.47        1088.00        
  11       5               27356.47        29037.47        1681.00        
  1        6               29037.47        30446.47        1409.00        
  45       4               30446.47        31403.47        957.00         
  14       7               31403.47        32912.47        1509.00        
  5        4               32912.47        34011.47        1099.00        
  5        6               34973.47        36423.47        1450.00        
  8        7               36654.47        37793.47        1139.00        
  11       7               37793.47        38851.47        1058.00        
  49       2               39034.08        40299.08        1265.00        
  28       2               40299.08        41642.08        1343.00        
  45       5               41642.08        43274.08        1632.00        
  27       2               43370.12        44362.12        992.00         
  15       2               44362.12        45631.12        1269.00        
  31       2               45631.12        47166.12        1535.00        
  27       3               47166.12        48493.12        1327.00        
  33       3               48493.12        49664.12        1171.00        
  33       4               49664.12        50583.12        919.00         
  0        3               50583.12        51759.12        1176.00        
  34       6               51759.12        52907.12        1148.00        
  49       6               52907.12        54492.12        1585.00        
  31       6               54894.12        56279.12        1385.00        
  7        6               56279.12        57450.12        1171.00        
  25       5               57450.12        58477.12        1027.00        
  18       6               58477.12        60121.12        1644.00        
  2        2               61032.18        62057.18        1025.00        
  5        9               62057.18        63089.18        1032.00        
  2        4               63572.18        65085.18        1513.00        
  42       7               65085.18        66121.18        1036.00        

  机器利用率: 63.49% (忙碌时间: 43495.00 / 总时间: 68510.18)

【打印批次详细信息】
----------------------------------------------------------------------------------------------------

打印机 1 (尺寸: 883.0 x 540.0 x 629.0):
--------------------------------------------------------------------------------
  批次 1: 零件数=13, 占用率=90.92%
    - 40: 尺寸 157.0 x 60.0 x 93.0
    - 45: 尺寸 213.0 x 108.0 x 60.0
    - 11: 尺寸 347.0 x 226.0 x 44.0
    - 8: 尺寸 166.0 x 384.0 x 30.0
    - 14: 尺寸 157.0 x 105.0 x 21.0
    - 25: 尺寸 206.0 x 139.0 x 22.0
    - 38: 尺寸 92.0 x 315.0 x 42.0
    - 35: 尺寸 51.0 x 93.0 x 34.0
    - 21: 尺寸 328.0 x 298.0 x 99.0
    - 37: 尺寸 228.0 x 177.0 x 28.0
    - 19: 尺寸 75.0 x 81.0 x 83.0
    - 30: 尺寸 120.0 x 105.0 x 91.0
    - 3: 尺寸 201.0 x 116.0 x 84.0
  批次 2: 零件数=4, 占用率=79.34%
    - 6: 尺寸 357.0 x 183.0 x 23.0
    - 13: 尺寸 413.0 x 214.0 x 152.0
    - 39: 尺寸 459.0 x 277.0 x 193.0
    - 2: 尺寸 342.0 x 285.0 x 147.0

打印机 2 (尺寸: 978.0 x 412.0 x 522.0):
--------------------------------------------------------------------------------
  批次 1: 零件数=4, 占用率=85.88%
    - 7: 尺寸 439.0 x 239.0 x 17.0
    - 5: 尺寸 484.0 x 165.0 x 65.0
    - 36: 尺寸 469.0 x 236.0 x 45.0
    - 44: 尺寸 436.0 x 116.0 x 25.0

打印机 3 (尺寸: 863.0 x 529.0 x 528.0):
--------------------------------------------------------------------------------
  批次 1: 零件数=8, 占用率=85.28%
    - 4: 尺寸 212.0 x 100.0 x 129.0
    - 26: 尺寸 640.0 x 281.0 x 53.0
    - 48: 尺寸 156.0 x 183.0 x 139.0
    - 28: 尺寸 283.0 x 213.0 x 55.0
    - 49: 尺寸 78.0 x 143.0 x 91.0
    - 18: 尺寸 332.0 x 214.0 x 69.0
    - 12: 尺寸 135.0 x 58.0 x 107.0
    - 41: 尺寸 80.0 x 118.0 x 33.0
  批次 2: 零件数=3, 占用率=70.27%
    - 47: 尺寸 525.0 x 270.0 x 27.0
    - 23: 尺寸 241.0 x 464.0 x 25.0
    - 16: 尺寸 538.0 x 125.0 x 24.0

打印机 4 (尺寸: 845.0 x 475.0 x 505.0):
--------------------------------------------------------------------------------
  批次 1: 零件数=4, 占用率=89.06%
    - 32: 尺寸 426.0 x 259.0 x 103.0
    - 17: 尺寸 392.0 x 248.0 x 17.0
    - 1: 尺寸 378.0 x 170.0 x 33.0
    - 24: 尺寸 424.0 x 202.0 x 22.0
  批次 2: 零件数=11, 占用率=90.15%
    - 29: 尺寸 322.0 x 134.0 x 75.0
    - 20: 尺寸 80.0 x 100.0 x 73.0
    - 9: 尺寸 232.0 x 463.0 x 41.0
    - 43: 尺寸 211.0 x 283.0 x 61.0
    - 27: 尺寸 78.0 x 153.0 x 173.0
    - 0: 尺寸 186.0 x 89.0 x 48.0
    - 22: 尺寸 135.0 x 215.0 x 147.0
    - 33: 尺寸 171.0 x 88.0 x 84.0
    - 15: 尺寸 281.0 x 154.0 x 84.0
    - 34: 尺寸 162.0 x 81.0 x 127.0
    - 31: 尺寸 176.0 x 83.0 x 132.0
  批次 3: 零件数=3, 占用率=67.09%
    - 10: 尺寸 358.0 x 143.0 x 40.0
    - 42: 尺寸 159.0 x 151.0 x 59.0
    - 46: 尺寸 624.0 x 311.0 x 84.0

════════════════════════════════════════════════════════════════
