════════════════════════════════════════════════════════════════
              最优Cmax解的详细调度记录
════════════════════════════════════════════════════════════════

【基本信息】
----------------------------------------------------------------------------------------------------
Cmax (最大完工时间): 40673.86
能耗: 244.13 kWh
装箱质量: 0.6106
批次总数: 3
工件数量: 20
机器数量: 10 (打印机:3, 批处理机:2, 离散机:5)

【染色体编码】
----------------------------------------------------------------------------------------------------
工序序列 (OS): [10, 8, 13, 2, 1, 5, 9, 11, 14, 12, 3, 18, 19, 0, 4, 6, 7, 15, 17, 16, 0, 7, 13, 1, 4, 16, 3, 6, 14, 11, 17, 16, 11, 4, 1, 8, 13, 11, 0, 14, 0, 0, 17, 11, 10, 8, 13, 3, 8, 18, 1, 9, 17, 16, 4, 3, 4, 6, 17, 6, 3, 1, 19, 2, 11, 3, 14, 14, 6, 0, 8, 4, 4, 9, 14, 11, 6, 4, 16, 7, 14, 2, 3, 2, 11, 0, 0, 9, 1, 13, 4, 17, 17, 18, 0, 14, 13, 7, 8]
机器选择 (MS): [3, 2, 3, 2, 2, 3, 3, 2, 2, 3, 2, 3, 1, 1, 2, 1, 3, 3, 3, 3, 1, 1, 1, 1, 1, 1, 1, 1, 2, 1, 2, 1, 2, 1, 1, 2, 2, 1, 1, 1, 3, 1, 2, 2, 2, 1, 2, 1, 1, 1, 2, 2, 1, 1, 1, 2, 1, 1, 1, 2, 1, 2, 1, 1, 2, 1, 1, 2, 2, 1, 1, 2, 2, 1, 3, 2, 2, 3, 3, 2, 2, 1, 2, 1, 2, 2, 2, 2, 1, 3, 1, 1, 1, 1, 2, 1, 2, 1, 3]

【零件加工顺序记录】
----------------------------------------------------------------------------------------------------
工件号      工序号             机器号             开始时间            结束时间            加工时长           
----------------------------------------------------------------------------------------------------

工件 0:
  0        0               打印机1            0.00            17846.09        17846.09       
  0        1               批处理机2           17846.09        18941.09        1095.00        
  0        2               离散机1            18941.09        20017.09        1076.00        
  0        3               离散机4            20017.09        21161.09        1144.00        
  0        4               离散机5            21438.30        22790.30        1352.00        
  0        5               离散机4            22790.30        23728.30        938.00         
  0        6               离散机1            25358.30        26423.30        1065.00        
  0        7               离散机2            26741.30        27810.30        1069.00        
  0        8               离散机2            27810.30        29506.30        1696.00        
  0        9               离散机3            37742.86        38935.86        1193.00        

工件 1:
  1        0               打印机2            0.00            13812.30        13812.30       
  1        1               批处理机2           13812.30        14907.30        1095.00        
  1        2               离散机5            14907.30        16168.30        1261.00        
  1        3               离散机1            16168.30        17094.30        926.00         
  1        4               离散机4            18521.30        19732.30        1211.00        
  1        5               离散机4            21161.09        22168.09        1007.00        
  1        6               离散机2            23451.30        24352.30        901.00         

工件 2:
  2        0               打印机2            0.00            13812.30        13812.30       
  2        1               批处理机2           13812.30        14907.30        1095.00        
  2        2               离散机1            17094.30        18686.30        1592.00        
  2        3               离散机1            20017.09        21174.09        1157.00        
  2        4               离散机4            35049.86        36059.86        1010.00        

工件 3:
  3        0               打印机2            0.00            13812.30        13812.30       
  3        1               批处理机2           13812.30        14907.30        1095.00        
  3        2               离散机5            17466.30        18986.30        1520.00        
  3        3               离散机4            23728.30        25528.30        1800.00        
  3        4               离散机5            25528.30        27092.30        1564.00        
  3        5               离散机1            27092.30        28118.30        1026.00        
  3        6               离散机4            28118.30        29573.30        1455.00        
  3        7               离散机4            33383.86        35049.86        1666.00        

工件 4:
  4        0               打印机2            0.00            13812.30        13812.30       
  4        1               批处理机2           13812.30        14907.30        1095.00        
  4        2               离散机5            16168.30        17466.30        1298.00        
  4        3               离散机3            17466.30        19131.30        1665.00        
  4        4               离散机3            19131.30        20690.30        1559.00        
  4        5               离散机2            20690.30        21979.30        1289.00        
  4        6               离散机2            21979.30        23451.30        1472.00        
  4        7               离散机5            27092.30        27997.30        905.00         
  4        8               离散机1            31403.86        32805.86        1402.00        
  4        9               离散机1            33980.86        35395.86        1415.00        

工件 5:
  5        0               打印机3            0.00            28723.86        28723.86       
  5        1               批处理机2           28723.86        29818.86        1095.00        

工件 6:
  6        0               打印机1            0.00            17846.09        17846.09       
  6        1               批处理机2           17846.09        18941.09        1095.00        
  6        2               离散机5            18986.30        20033.30        1047.00        
  6        3               离散机3            20690.30        22371.30        1681.00        
  6        4               离散机3            22371.30        24032.30        1661.00        
  6        5               离散机1            24032.30        25358.30        1326.00        
  6        6               离散机3            25358.30        26636.30        1278.00        

工件 7:
  7        0               打印机3            0.00            28723.86        28723.86       
  7        1               批处理机2           28723.86        29818.86        1095.00        
  7        2               离散机3            29818.86        31514.86        1696.00        
  7        3               离散机1            32805.86        33980.86        1175.00        
  7        4               离散机5            38790.86        40227.86        1437.00        

工件 8:
  8        0               打印机2            0.00            13812.30        13812.30       
  8        1               批处理机2           13812.30        14907.30        1095.00        
  8        2               离散机1            14907.30        16136.30        1229.00        
  8        3               离散机4            17170.30        18521.30        1351.00        
  8        4               离散机5            22790.30        24418.30        1628.00        
  8        5               离散机4            27121.30        28056.30        935.00         
  8        6               离散机3            38935.86        40673.86        1738.00        

工件 9:
  9        0               打印机3            0.00            28723.86        28723.86       
  9        1               批处理机2           28723.86        29818.86        1095.00        
  9        2               离散机1            29818.86        31403.86        1585.00        
  9        3               离散机3            34542.86        36032.86        1490.00        
  9        4               离散机3            36032.86        37742.86        1710.00        

工件 10:
  10       0               打印机3            0.00            28723.86        28723.86       
  10       1               批处理机2           28723.86        29818.86        1095.00        
  10       2               离散机4            30857.86        31875.86        1018.00        

工件 11:
  11       0               打印机2            0.00            13812.30        13812.30       
  11       1               批处理机2           13812.30        14907.30        1095.00        
  11       2               离散机3            14907.30        15868.30        961.00         
  11       3               离散机5            20033.30        21438.30        1405.00        
  11       4               离散机1            21438.30        22438.30        1000.00        
  11       5               离散机1            22438.30        23527.30        1089.00        
  11       6               离散机4            25528.30        27121.30        1593.00        
  11       7               离散机3            27121.30        28617.30        1496.00        
  11       8               离散机5            28617.30        29785.30        1168.00        

工件 12:
  12       0               打印机3            0.00            28723.86        28723.86       
  12       1               批处理机2           28723.86        29818.86        1095.00        

工件 13:
  13       0               打印机3            0.00            28723.86        28723.86       
  13       1               批处理机2           28723.86        29818.86        1095.00        
  13       2               离散机5            29818.86        31502.86        1684.00        
  13       3               离散机5            31502.86        32622.86        1120.00        
  13       4               离散机5            32622.86        33932.86        1310.00        
  13       5               离散机4            36059.86        37764.86        1705.00        
  13       6               离散机5            37764.86        38790.86        1026.00        

工件 14:
  14       0               打印机2            0.00            13812.30        13812.30       
  14       1               批处理机2           13812.30        14907.30        1095.00        
  14       2               离散机4            14907.30        16264.30        1357.00        
  14       3               离散机4            16264.30        17170.30        906.00         
  14       4               离散机3            24032.30        25197.30        1165.00        
  14       5               离散机2            25197.30        26741.30        1544.00        
  14       6               离散机1            28118.30        29729.30        1611.00        
  14       7               离散机4            31875.86        33383.86        1508.00        
  14       8               离散机2            37588.86        39361.86        1773.00        

工件 15:
  15       0               打印机3            0.00            28723.86        28723.86       
  15       1               批处理机2           28723.86        29818.86        1095.00        

工件 16:
  16       0               打印机3            0.00            28723.86        28723.86       
  16       1               批处理机2           28723.86        29818.86        1095.00        
  16       2               离散机2            29818.86        31415.86        1597.00        
  16       3               离散机3            31514.86        32698.86        1184.00        
  16       4               离散机2            32810.86        33897.86        1087.00        
  16       5               离散机5            34866.86        36138.86        1272.00        

工件 17:
  17       0               打印机3            0.00            28723.86        28723.86       
  17       1               批处理机2           28723.86        29818.86        1095.00        
  17       2               离散机4            29818.86        30857.86        1039.00        
  17       3               离散机2            31415.86        32810.86        1395.00        
  17       4               离散机3            32810.86        34542.86        1732.00        
  17       5               离散机2            34542.86        36327.86        1785.00        
  17       6               离散机5            36327.86        37673.86        1346.00        
  17       7               离散机1            37673.86        39451.86        1778.00        

工件 18:
  18       0               打印机3            0.00            28723.86        28723.86       
  18       1               批处理机2           28723.86        29818.86        1095.00        
  18       2               离散机5            33932.86        34866.86        934.00         
  18       3               离散机2            36327.86        37588.86        1261.00        

工件 19:
  19       0               打印机1            0.00            17846.09        17846.09       
  19       1               批处理机2           17846.09        18941.09        1095.00        
  19       2               离散机5            24418.30        25362.30        944.00         

【机器加工顺序记录】
----------------------------------------------------------------------------------------------------

打印机1:
工件号      工序号             开始时间            结束时间            加工时长           
--------------------------------------------------------------------------------
  0        0               0.00            17846.09        17846.09       
  6        0               0.00            17846.09        17846.09       
  19       0               0.00            17846.09        17846.09       

  机器利用率: 131.63% (忙碌时间: 53538.27 / 总时间: 40673.86)

打印机2:
工件号      工序号             开始时间            结束时间            加工时长           
--------------------------------------------------------------------------------
  1        0               0.00            13812.30        13812.30       
  2        0               0.00            13812.30        13812.30       
  3        0               0.00            13812.30        13812.30       
  4        0               0.00            13812.30        13812.30       
  8        0               0.00            13812.30        13812.30       
  11       0               0.00            13812.30        13812.30       
  14       0               0.00            13812.30        13812.30       

  机器利用率: 237.71% (忙碌时间: 96686.13 / 总时间: 40673.86)

打印机3:
工件号      工序号             开始时间            结束时间            加工时长           
--------------------------------------------------------------------------------
  5        0               0.00            28723.86        28723.86       
  7        0               0.00            28723.86        28723.86       
  9        0               0.00            28723.86        28723.86       
  10       0               0.00            28723.86        28723.86       
  12       0               0.00            28723.86        28723.86       
  13       0               0.00            28723.86        28723.86       
  15       0               0.00            28723.86        28723.86       
  16       0               0.00            28723.86        28723.86       
  17       0               0.00            28723.86        28723.86       
  18       0               0.00            28723.86        28723.86       

  机器利用率: 706.20% (忙碌时间: 287238.57 / 总时间: 40673.86)

批处理机1:
工件号      工序号             开始时间            结束时间            加工时长           
--------------------------------------------------------------------------------

  机器利用率: 0.00% (忙碌时间: 0.00 / 总时间: 40673.86)

批处理机2:
工件号      工序号             开始时间            结束时间            加工时长           
--------------------------------------------------------------------------------
  1        1               13812.30        14907.30        1095.00        
  2        1               13812.30        14907.30        1095.00        
  3        1               13812.30        14907.30        1095.00        
  4        1               13812.30        14907.30        1095.00        
  8        1               13812.30        14907.30        1095.00        
  11       1               13812.30        14907.30        1095.00        
  14       1               13812.30        14907.30        1095.00        
  0        1               17846.09        18941.09        1095.00        
  6        1               17846.09        18941.09        1095.00        
  19       1               17846.09        18941.09        1095.00        
  5        1               28723.86        29818.86        1095.00        
  7        1               28723.86        29818.86        1095.00        
  9        1               28723.86        29818.86        1095.00        
  10       1               28723.86        29818.86        1095.00        
  12       1               28723.86        29818.86        1095.00        
  13       1               28723.86        29818.86        1095.00        
  15       1               28723.86        29818.86        1095.00        
  16       1               28723.86        29818.86        1095.00        
  17       1               28723.86        29818.86        1095.00        
  18       1               28723.86        29818.86        1095.00        

  机器利用率: 53.84% (忙碌时间: 21900.00 / 总时间: 40673.86)

离散机1:
工件号      工序号             开始时间            结束时间            加工时长           
--------------------------------------------------------------------------------
  8        2               14907.30        16136.30        1229.00        
  1        3               16168.30        17094.30        926.00         
  2        2               17094.30        18686.30        1592.00        
  0        2               18941.09        20017.09        1076.00        
  2        3               20017.09        21174.09        1157.00        
  11       4               21438.30        22438.30        1000.00        
  11       5               22438.30        23527.30        1089.00        
  6        5               24032.30        25358.30        1326.00        
  0        6               25358.30        26423.30        1065.00        
  3        5               27092.30        28118.30        1026.00        
  14       6               28118.30        29729.30        1611.00        
  9        2               29818.86        31403.86        1585.00        
  4        8               31403.86        32805.86        1402.00        
  7        3               32805.86        33980.86        1175.00        
  4        9               33980.86        35395.86        1415.00        
  17       7               37673.86        39451.86        1778.00        

  机器利用率: 50.28% (忙碌时间: 20452.00 / 总时间: 40673.86)

离散机2:
工件号      工序号             开始时间            结束时间            加工时长           
--------------------------------------------------------------------------------
  4        5               20690.30        21979.30        1289.00        
  4        6               21979.30        23451.30        1472.00        
  1        6               23451.30        24352.30        901.00         
  14       5               25197.30        26741.30        1544.00        
  0        7               26741.30        27810.30        1069.00        
  0        8               27810.30        29506.30        1696.00        
  16       2               29818.86        31415.86        1597.00        
  17       3               31415.86        32810.86        1395.00        
  16       4               32810.86        33897.86        1087.00        
  17       5               34542.86        36327.86        1785.00        
  18       3               36327.86        37588.86        1261.00        
  14       8               37588.86        39361.86        1773.00        

  机器利用率: 41.47% (忙碌时间: 16869.00 / 总时间: 40673.86)

离散机3:
工件号      工序号             开始时间            结束时间            加工时长           
--------------------------------------------------------------------------------
  11       2               14907.30        15868.30        961.00         
  4        3               17466.30        19131.30        1665.00        
  4        4               19131.30        20690.30        1559.00        
  6        3               20690.30        22371.30        1681.00        
  6        4               22371.30        24032.30        1661.00        
  14       4               24032.30        25197.30        1165.00        
  6        6               25358.30        26636.30        1278.00        
  11       7               27121.30        28617.30        1496.00        
  7        2               29818.86        31514.86        1696.00        
  16       3               31514.86        32698.86        1184.00        
  17       4               32810.86        34542.86        1732.00        
  9        3               34542.86        36032.86        1490.00        
  9        4               36032.86        37742.86        1710.00        
  0        9               37742.86        38935.86        1193.00        
  8        6               38935.86        40673.86        1738.00        

  机器利用率: 54.60% (忙碌时间: 22209.00 / 总时间: 40673.86)

离散机4:
工件号      工序号             开始时间            结束时间            加工时长           
--------------------------------------------------------------------------------
  14       2               14907.30        16264.30        1357.00        
  14       3               16264.30        17170.30        906.00         
  8        3               17170.30        18521.30        1351.00        
  1        4               18521.30        19732.30        1211.00        
  0        3               20017.09        21161.09        1144.00        
  1        5               21161.09        22168.09        1007.00        
  0        5               22790.30        23728.30        938.00         
  3        3               23728.30        25528.30        1800.00        
  11       6               25528.30        27121.30        1593.00        
  8        5               27121.30        28056.30        935.00         
  3        6               28118.30        29573.30        1455.00        
  17       2               29818.86        30857.86        1039.00        
  10       2               30857.86        31875.86        1018.00        
  14       7               31875.86        33383.86        1508.00        
  3        7               33383.86        35049.86        1666.00        
  2        4               35049.86        36059.86        1010.00        
  13       5               36059.86        37764.86        1705.00        

  机器利用率: 53.21% (忙碌时间: 21643.00 / 总时间: 40673.86)

离散机5:
工件号      工序号             开始时间            结束时间            加工时长           
--------------------------------------------------------------------------------
  1        2               14907.30        16168.30        1261.00        
  4        2               16168.30        17466.30        1298.00        
  3        2               17466.30        18986.30        1520.00        
  6        2               18986.30        20033.30        1047.00        
  11       3               20033.30        21438.30        1405.00        
  0        4               21438.30        22790.30        1352.00        
  8        4               22790.30        24418.30        1628.00        
  19       2               24418.30        25362.30        944.00         
  3        4               25528.30        27092.30        1564.00        
  4        7               27092.30        27997.30        905.00         
  11       8               28617.30        29785.30        1168.00        
  13       2               29818.86        31502.86        1684.00        
  13       3               31502.86        32622.86        1120.00        
  13       4               32622.86        33932.86        1310.00        
  18       2               33932.86        34866.86        934.00         
  16       5               34866.86        36138.86        1272.00        
  17       6               36327.86        37673.86        1346.00        
  13       6               37764.86        38790.86        1026.00        
  7        4               38790.86        40227.86        1437.00        

  机器利用率: 59.55% (忙碌时间: 24221.00 / 总时间: 40673.86)

【打印批次详细信息】
----------------------------------------------------------------------------------------------------

打印机 1 (尺寸: 1168.0 x 443.0 x 687.0):
--------------------------------------------------------------------------------
  批次 1: 零件数=3, 占用率=63.24%
    - 19: 尺寸 169.0 x 69.0 x 37.0
    - 0: 尺寸 581.0 x 352.0 x 68.0
    - 6: 尺寸 257.0 x 432.0 x 14.0

打印机 2 (尺寸: 1146.0 x 446.0 x 514.0):
--------------------------------------------------------------------------------
  批次 1: 零件数=7, 占用率=70.85%
    - 8: 尺寸 334.0 x 192.0 x 17.0
    - 2: 尺寸 650.0 x 276.0 x 77.0
    - 3: 尺寸 149.0 x 319.0 x 64.0
    - 11: 尺寸 64.0 x 153.0 x 65.0
    - 14: 尺寸 96.0 x 84.0 x 64.0
    - 4: 尺寸 136.0 x 142.0 x 38.0
    - 1: 尺寸 385.0 x 88.0 x 77.0

打印机 3 (尺寸: 1078.0 x 483.0 x 616.0):
--------------------------------------------------------------------------------
  批次 1: 零件数=10, 占用率=61.06%
    - 10: 尺寸 82.0 x 148.0 x 195.0
    - 13: 尺寸 194.0 x 178.0 x 31.0
    - 5: 尺寸 251.0 x 183.0 x 90.0
    - 9: 尺寸 213.0 x 149.0 x 90.0
    - 12: 尺寸 155.0 x 411.0 x 43.0
    - 15: 尺寸 168.0 x 346.0 x 15.0
    - 7: 尺寸 203.0 x 102.0 x 55.0
    - 18: 尺寸 88.0 x 120.0 x 106.0
    - 17: 尺寸 87.0 x 204.0 x 197.0
    - 16: 尺寸 159.0 x 143.0 x 146.0

════════════════════════════════════════════════════════════════
