5 10
2 1 862 495 557 0.088 334 12 2 1000 404 657 0.098 390 19
1 1 1068
2 1 4.88 1.12 5.21 260 1 2 4.26 1.21 8.26 190 1
1 1 3.89 1.28 8.04 173 1
2 1 4.76 1.73 8.33 102 1 2 4.11 1.25 6.51 246 1
5 234 108 26 5 1 2 0 1 3 0 2 5 1453 4 1057 2 5 1073 4 1093 2 4 1185 5 1002
4 213 86 76 4 2 1 0 2 0 1 3 0 2 4 998 5 1387 2 5 1147 4 1675
4 182 74 70 4 1 2 0 1 3 0 1 4 1199 2 5 1550 4 1546
2 148 50 49 2 2 2 0 1 0 1 3 0
4 139 169 44 4 1 1 0 1 3 0 2 5 1702 4 1159 1 4 1162
2 381 150 47 2 1 2 0 1 3 0
7 473 147 27 7 2 1 0 2 0 1 3 0 1 4 1171 2 4 915 5 1617 2 4 1373 5 1359 2 5 1130 4 1016 1 4 1409
4 421 228 132 4 1 1 0 1 3 0 1 5 1560 1 5 910
2 181 134 72 2 1 1 0 1 3 0
3 636 307 189 3 2 1 0 2 0 1 3 0 1 4 1377
