14 50
4 1 1061 460 511 0.051 541 12 2 1102 487 623 0.027 408 14 3 977 403 687 0.073 563 19 4 1162 485 618 0.116 304 13
2 1 946 2 835
4 1 3.08 1.49 5.73 187 1 2 3.48 1.33 5.21 243 1 3 3.51 1.35 8.84 295 1 4 4.98 1.01 7.41 261 1
2 1 3.32 1.84 5.64 278 1 2 4.84 1.70 9.00 266 1
8 1 3.67 1.69 9.21 228 1 2 4.16 1.46 6.03 268 1 3 3.99 1.85 5.70 156 1 4 4.92 1.33 7.30 180 1 5 4.82 1.37 6.55 264 1 6 3.68 1.79 7.56 292 1 7 4.54 1.77 9.92 108 1 8 4.83 1.71 8.77 175 1
3 60 69 11 3 2 3 0 1 0 2 5 0 6 0 2 8 1224 10 1064
8 197 108 87 8 3 1 0 3 0 2 0 1 5 0 3 13 1551 12 1737 11 1504 1 8 1478 1 9 1770 1 14 1586 3 10 1353 11 1706 13 1054 2 7 934 8 1113
9 197 71 91 9 1 4 0 1 5 0 3 10 997 13 1547 12 1796 3 10 1503 7 1468 13 1132 2 10 1575 8 1302 1 13 1425 3 8 1253 14 1499 13 1142 2 11 1402 7 1447 3 14 1356 9 1175 11 1074
2 550 193 83 2 2 1 0 4 0 1 6 0
2 98 66 169 2 3 1 0 3 0 4 0 1 6 0
3 145 86 67 3 1 1 0 2 6 0 5 0 2 8 1529 14 940
8 501 339 185 8 2 3 0 4 0 1 5 0 2 11 1211 10 1721 2 9 1738 10 1182 1 13 1105 1 10 1367 1 8 1731 3 11 1062 12 1518 14 1585
8 153 146 90 8 2 3 0 1 0 1 5 0 2 12 1101 13 1588 2 7 1363 9 1709 2 8 1448 10 1117 3 7 1430 10 1429 13 999 3 12 1331 14 1478 13 1065 1 11 1169
2 451 292 10 2 1 4 0 1 6 0
9 137 206 68 9 1 2 0 2 6 0 5 0 2 11 1736 7 1638 2 11 1098 10 1335 2 12 1795 9 1131 3 7 1475 11 1206 12 1558 2 14 1799 11 1409 1 14 1798 2 8 923 12 1655
3 140 79 32 3 3 1 0 3 0 4 0 2 6 0 5 0 1 13 1321
10 222 255 86 10 3 4 0 1 0 3 0 2 6 0 5 0 1 14 1438 1 14 1454 3 7 1399 9 1706 8 1051 2 10 1299 9 1353 2 8 1643 10 1538 3 12 951 14 1239 11 996 1 9 1685 2 8 1707 9 1545
3 138 94 44 3 3 2 0 3 0 4 0 1 6 0 2 14 930 8 1126
6 636 152 46 6 1 3 0 2 5 0 6 0 3 12 1086 10 1526 14 1762 1 8 1265 2 13 1715 10 1391 3 10 1465 9 1694 13 1579
8 111 129 73 8 2 1 0 4 0 2 5 0 6 0 2 12 1580 9 1352 3 14 1126 7 1657 13 1411 3 11 1597 12 1438 7 1565 1 13 1192 2 7 911 13 979 3 10 964 11 1697 13 1182
6 561 343 127 6 2 2 0 1 0 1 5 0 3 8 1297 14 1242 7 1497 1 12 1647 2 13 1680 12 1720 3 12 1690 8 1391 14 1316
7 438 159 84 7 2 1 0 2 0 2 5 0 6 0 2 13 953 14 1228 2 10 1215 9 1345 3 13 1520 9 1320 11 1566 3 7 1496 12 1171 9 1436 1 9 1205
3 183 141 188 3 1 4 0 2 6 0 5 0 3 10 991 11 1275 12 1099
5 284 172 110 5 2 2 0 1 0 1 6 0 2 11 1723 12 1102 2 14 1605 8 1770 3 10 1764 12 1686 14 1527
4 255 86 76 4 1 3 0 2 6 0 5 0 3 11 1340 12 1429 10 1513 2 8 1143 9 1026
7 185 136 179 7 1 2 0 2 6 0 5 0 3 13 1225 7 960 12 1160 3 9 1119 7 1674 10 1267 3 9 1157 13 1501 12 1343 3 11 942 14 1618 10 1561 3 14 1311 9 1333 10 1162
2 200 92 13 2 1 1 0 1 5 0
7 59 130 135 7 2 4 0 1 0 2 5 0 6 0 3 12 1438 7 1655 10 1225 3 8 1053 7 986 10 1528 2 12 1221 8 1079 3 13 1395 9 1606 12 1000 1 12 1578
9 263 91 136 9 2 1 0 4 0 1 6 0 3 11 1673 14 1002 9 1186 3 7 1311 8 1562 9 1229 2 13 1778 12 944 2 12 1548 14 1360 3 14 1736 9 910 8 1594 2 13 1750 14 1527 1 12 1234
2 310 250 57 2 3 4 0 3 0 1 0 2 5 0 6 0
5 105 80 86 5 3 4 0 1 0 2 0 1 6 0 1 14 1144 1 10 1485 2 8 1498 12 1512
5 371 137 62 5 3 3 0 1 0 4 0 1 5 0 3 13 1020 10 1577 12 1417 2 11 1596 7 1794 1 11 987
7 80 113 151 7 3 2 0 4 0 1 0 1 5 0 3 8 1773 13 1397 11 1519 3 8 1755 10 998 13 1118 1 8 1607 1 11 1303 3 7 1044 11 1621 13 1051
3 207 159 88 3 2 3 0 4 0 2 5 0 6 0 1 13 1059
2 90 93 92 2 2 2 0 4 0 2 6 0 5 0
8 51 57 63 8 1 4 0 1 5 0 2 10 1484 7 1778 1 12 1129 3 13 1160 9 962 8 972 3 10 1661 7 1800 13 1309 1 9 933 3 12 1745 8 1420 10 1605
2 359 232 75 2 2 4 0 3 0 1 6 0
3 117 87 57 3 2 2 0 1 0 2 5 0 6 0 2 12 1073 10 1541
3 112 98 19 3 1 2 0 1 6 0 3 11 1539 9 1607 12 1641
6 151 136 15 6 3 4 0 3 0 1 0 1 6 0 3 14 971 7 929 13 1088 2 7 1562 14 1495 2 9 1544 12 1038 3 12 1772 14 1179 10 1129
4 147 74 98 4 1 4 0 2 5 0 6 0 2 7 1428 14 1674 1 11 1097
9 288 192 89 9 2 3 0 1 0 2 6 0 5 0 1 12 1005 3 8 1582 11 913 9 1575 3 12 1180 11 1500 13 1496 2 7 1760 13 1209 3 11 941 8 1094 14 1334 3 7 982 13 1378 10 1017 3 8 1014 9 1657 14 1144
2 158 54 89 2 2 2 0 1 0 2 5 0 6 0
7 480 86 105 7 3 4 0 2 0 1 0 2 6 0 5 0 1 13 1265 3 9 947 8 1059 11 1257 1 8 1023 1 9 1480 3 9 1262 13 1028 8 1347
5 243 134 70 5 2 2 0 4 0 2 6 0 5 0 3 7 1367 10 1733 9 1193 3 11 1460 14 1245 13 1218 3 7 1530 12 1272 13 1078
6 64 124 42 6 1 1 0 2 5 0 6 0 3 9 1147 8 1367 10 991 2 10 1441 9 1097 1 8 1583 1 10 1289
4 444 226 15 4 3 4 0 3 0 2 0 1 5 0 1 10 1522 1 13 1599
10 168 183 70 10 2 1 0 4 0 2 5 0 6 0 2 11 1136 13 1401 2 10 1041 12 1444 1 13 1530 3 7 1467 8 1240 14 1569 1 9 1126 3 8 1587 7 1750 14 1459 3 8 1699 12 1626 9 1601 3 12 1279 11 1136 14 1281
9 69 76 28 9 3 2 0 4 0 1 0 2 6 0 5 0 3 7 1188 9 1136 14 1554 1 13 942 2 7 995 10 1243 1 11 1319 2 9 989 7 1677 1 9 1538 1 14 1463
10 632 309 29 10 1 2 0 1 5 0 1 14 1018 2 8 1436 10 1677 2 10 1494 8 1213 2 12 1588 7 1791 2 8 1573 11 1015 2 11 1559 9 1484 2 11 1268 7 1554 2 8 967 12 1702
8 160 143 116 8 3 1 0 2 0 3 0 2 6 0 5 0 3 14 1017 10 1754 7 1565 1 8 1591 3 14 1060 7 1439 8 1666 3 12 1424 9 1353 8 1677 3 8 1650 7 1583 12 1099 2 8 1145 13 1189
8 463 229 199 8 1 1 0 1 6 0 2 9 1700 7 1530 3 13 1100 10 1492 7 1179 3 13 1230 14 1385 11 1358 2 13 1188 11 1625 2 13 1498 8 1578 1 10 1341
7 555 334 118 7 1 1 0 1 6 0 1 12 1043 1 7 1230 3 9 1623 14 1496 8 1774 2 14 1460 10 1466 1 13 1000
8 362 158 102 8 2 2 0 4 0 1 5 0 1 10 971 2 11 1658 9 1484 2 10 1009 11 1331 1 12 1191 3 11 1260 10 1586 7 956 3 9 1630 7 1604 8 1063
7 476 230 168 7 3 2 0 3 0 1 0 2 6 0 5 0 2 12 929 11 1454 2 9 1614 8 1357 2 9 918 13 1381 1 14 959 1 10 925
