════════════════════════════════════════════════════════════════
              最优Cmax解的详细调度记录
════════════════════════════════════════════════════════════════

【基本信息】
----------------------------------------------------------------------------------------------------
Cmax (最大完工时间): 43025.11
能耗: 272.87 kWh
装箱质量: 0.0384
批次总数: 4
工件数量: 20
机器数量: 10 (打印机:3, 批处理机:2, 离散机:5)

【染色体编码】
----------------------------------------------------------------------------------------------------
工序序列 (OS): [10, 16, 15, 7, 0, 9, 18, 8, 1, 3, 5, 11, 13, 6, 19, 12, 2, 14, 4, 17, 19, 4, 3, 17, 3, 5, 17, 7, 15, 13, 8, 17, 9, 17, 17, 1, 9, 10, 7, 13, 15, 19, 17, 8, 10, 12, 6, 16, 1, 8, 13, 5, 7, 11, 7, 15, 5, 16, 14, 9, 0, 7, 4, 4, 0, 15, 10, 6, 11, 13, 12, 5, 6, 19, 4, 13, 6, 3, 12, 5, 15, 14, 19, 18, 14, 11, 1, 16, 8, 6, 7, 3, 19, 4, 6, 0, 2, 3, 7, 11, 12, 12, 3, 5, 13, 4, 0, 8, 13, 10, 4, 3, 8, 2, 1, 10, 0, 12, 9, 4, 15, 8, 14, 17, 5, 13, 6, 0]
机器选择 (MS): [1, 3, 1, 1, 1, 3, 3, 2, 3, 2, 3, 3, 3, 1, 3, 1, 3, 1, 3, 1, 1, 1, 2, 3, 1, 1, 2, 1, 3, 1, 1, 1, 1, 1, 1, 1, 1, 3, 1, 3, 2, 2, 3, 1, 3, 1, 1, 2, 1, 1, 3, 2, 1, 1, 1, 2, 1, 2, 2, 2, 2, 3, 1, 1, 1, 1, 1, 1, 1, 2, 2, 1, 1, 2, 1, 1, 1, 3, 1, 2, 2, 1, 1, 1, 1, 2, 1, 1, 1, 2, 1, 2, 1, 1, 3, 1, 2, 1, 1, 3, 3, 2, 2, 1, 3, 1, 1, 3, 2, 3, 2, 1, 1, 1, 2, 1, 1, 1, 1, 1, 1, 1, 1, 1, 1, 1, 1, 1]

【零件加工顺序记录】
----------------------------------------------------------------------------------------------------
工件号      工序号             机器号             开始时间            结束时间            加工时长           
----------------------------------------------------------------------------------------------------

工件 0:
  0        0               打印机1            0.00            13997.33        13997.33       
  0        1               批处理机1           13997.33        15081.33        1084.00        
  0        2               离散机4            15081.33        16429.33        1348.00        
  0        3               离散机5            21606.33        23248.33        1642.00        
  0        4               离散机5            25447.33        26700.33        1253.00        
  0        5               离散机5            26700.33        27882.33        1182.00        
  0        6               离散机4            28100.33        29645.33        1545.00        
  0        7               离散机4            41682.11        42667.11        985.00         

工件 1:
  1        0               打印机3            0.00            28602.11        28602.11       
  1        1               批处理机1           28602.11        29686.11        1084.00        
  1        2               离散机5            29686.11        30746.11        1060.00        
  1        3               离散机1            32998.11        33913.11        915.00         
  1        4               离散机3            35599.11        36759.11        1160.00        
  1        5               离散机1            38395.11        39375.11        980.00         

工件 2:
  2        0               打印机3            0.00            28602.11        28602.11       
  2        1               批处理机1           28602.11        29686.11        1084.00        
  2        2               离散机4            38716.11        40143.11        1427.00        
  2        3               离散机2            40143.11        41048.11        905.00         

工件 3:
  3        0               打印机2            0.00            5466.86         5466.86        
  3        1               批处理机1           5466.86         6550.86         1084.00        
  3        2               离散机5            6550.86         8180.86         1630.00        
  3        3               离散机3            8180.86         9091.86         911.00         
  3        4               离散机2            9091.86         10004.86        913.00         
  3        5               离散机5            11676.86        12968.86        1292.00        
  3        6               离散机5            12968.86        14687.86        1719.00        
  3        7               离散机4            16429.33        17339.33        910.00         
  3        8               离散机2            23802.43        24720.43        918.00         

工件 4:
  4        0               打印机3            0.00            28602.11        28602.11       
  4        1               批处理机1           28602.11        29686.11        1084.00        
  4        2               离散机3            29686.11        31323.11        1637.00        
  4        3               离散机5            33331.11        34964.11        1633.00        
  4        4               离散机2            34980.11        36123.11        1143.00        
  4        5               离散机4            36123.11        37030.11        907.00         
  4        6               离散机1            37030.11        38395.11        1365.00        
  4        7               离散机3            38395.11        39314.11        919.00         
  4        8               离散机3            39314.11        41045.11        1731.00        
  4        9               离散机2            41048.11        42774.11        1726.00        

工件 5:
  5        0               打印机3            0.00            28602.11        28602.11       
  5        1               批处理机1           28602.11        29686.11        1084.00        
  5        2               离散机3            31323.11        32698.11        1375.00        
  5        3               离散机2            33310.11        34980.11        1670.00        
  5        4               离散机5            34980.11        35979.11        999.00         
  5        5               离散机5            35979.11        37041.11        1062.00        
  5        6               离散机5            37041.11        37941.11        900.00         
  5        7               离散机5            37941.11        39019.11        1078.00        
  5        8               离散机3            41045.11        42313.11        1268.00        

工件 6:
  6        0               打印机1            0.00            13997.33        13997.33       
  6        1               批处理机1           13997.33        15081.33        1084.00        
  6        2               离散机5            15081.33        16622.33        1541.00        
  6        3               离散机3            18991.33        20491.33        1500.00        
  6        4               离散机1            20491.33        22211.33        1720.00        
  6        5               离散机4            22211.33        23739.33        1528.00        
  6        6               离散机5            23739.33        25447.33        1708.00        
  6        7               离散机4            25447.33        26811.33        1364.00        
  6        8               离散机5            27882.33        29316.33        1434.00        

工件 7:
  7        0               打印机1            0.00            13997.33        13997.33       
  7        1               批处理机1           13997.33        15081.33        1084.00        
  7        2               离散机3            15081.33        16180.33        1099.00        
  7        3               离散机1            16180.33        17636.33        1456.00        
  7        4               离散机1            17636.33        18911.33        1275.00        
  7        5               离散机4            19050.33        20564.33        1514.00        
  7        6               离散机5            20564.33        21606.33        1042.00        
  7        7               离散机3            26612.43        27885.43        1273.00        
  7        8               离散机1            28074.43        29149.43        1075.00        

工件 8:
  8        0               打印机2            0.00            5466.86         5466.86        
  8        1               批处理机1           5466.86         6550.86         1084.00        
  8        2               离散机2            6550.86         8152.86         1602.00        
  8        3               离散机5            8180.86         9259.86         1079.00        
  8        4               离散机5            9259.86         10321.86        1062.00        
  8        5               离散机5            10321.86        11676.86        1355.00        
  8        6               离散机4            11676.86        13144.86        1468.00        
  8        7               离散机3            13144.86        14297.86        1153.00        
  8        8               离散机2            26317.43        27866.43        1549.00        

工件 9:
  9        0               打印机3            0.00            28602.11        28602.11       
  9        1               批处理机1           28602.11        29686.11        1084.00        
  9        2               离散机2            29686.11        30966.11        1280.00        
  9        3               离散机2            30966.11        32066.11        1100.00        
  9        4               离散机5            32066.11        33331.11        1265.00        
  9        5               离散机1            40276.11        41244.11        968.00         

工件 10:
  10       0               打印机1            0.00            13997.33        13997.33       
  10       1               批处理机1           13997.33        15081.33        1084.00        
  10       2               离散机2            16854.33        17881.33        1027.00        
  10       3               离散机4            17881.33        19050.33        1169.00        
  10       4               离散机2            19050.33        20224.33        1174.00        
  10       5               离散机3            36759.11        38125.11        1366.00        
  10       6               离散机1            39375.11        40276.11        901.00         

工件 11:
  11       0               打印机3            0.00            28602.11        28602.11       
  11       1               批处理机1           28602.11        29686.11        1084.00        
  11       2               离散机4            30699.11        31645.11        946.00         
  11       3               离散机4            31645.11        32891.11        1246.00        
  11       4               离散机4            34382.11        36063.11        1681.00        
  11       5               离散机4            40143.11        41682.11        1539.00        

工件 12:
  12       0               打印机1            0.00            13997.33        13997.33       
  12       1               批处理机1           13997.33        15081.33        1084.00        
  12       2               离散机3            16180.33        17442.33        1262.00        
  12       3               离散机2            17881.33        19041.33        1160.00        
  12       4               离散机4            20564.33        21560.33        996.00         
  12       5               离散机4            26811.33        28100.33        1289.00        
  12       6               离散机3            28100.33        29463.33        1363.00        
  12       7               离散机5            30746.11        31902.11        1156.00        

工件 13:
  13       0               打印机3            0.00            28602.11        28602.11       
  13       1               批处理机1           28602.11        29686.11        1084.00        
  13       2               离散机4            29686.11        30699.11        1013.00        
  13       3               离散机1            30699.11        32011.11        1312.00        
  13       4               离散机3            32698.11        34429.11        1731.00        
  13       5               离散机1            35237.11        36906.11        1669.00        
  13       6               离散机4            37030.11        38716.11        1686.00        
  13       7               离散机5            39019.11        40056.11        1037.00        
  13       8               离散机5            40056.11        41178.11        1122.00        
  13       9               离散机5            41178.11        42195.11        1017.00        

工件 14:
  14       0               打印机1            0.00            13997.33        13997.33       
  14       1               批处理机1           13997.33        15081.33        1084.00        
  14       2               离散机5            18030.33        19207.33        1177.00        
  14       3               离散机3            22252.43        23902.43        1650.00        
  14       4               离散机4            23902.43        24833.43        931.00         
  14       5               离散机1            24964.43        26503.43        1539.00        

工件 15:
  15       0               打印机1            0.00            13997.33        13997.33       
  15       1               批处理机1           13997.33        15081.33        1084.00        
  15       2               离散机2            15081.33        16854.33        1773.00        
  15       3               离散机5            16854.33        18030.33        1176.00        
  15       4               离散机3            18030.33        18991.33        961.00         
  15       5               离散机5            19207.33        20371.33        1164.00        
  15       6               离散机2            20371.33        21376.33        1005.00        
  15       7               离散机2            24720.43        26317.43        1597.00        

工件 16:
  16       0               打印机3            0.00            28602.11        28602.11       
  16       1               批处理机1           28602.11        29686.11        1084.00        
  16       2               离散机1            32011.11        32998.11        987.00         
  16       3               离散机1            33913.11        35237.11        1324.00        
  16       4               离散机2            37165.11        38233.11        1068.00        

工件 17:
  17       0               打印机1            13997.33        19419.43        5422.11        
  17       1               批处理机1           19419.43        20503.43        1084.00        
  17       2               离散机3            20503.43        22252.43        1749.00        
  17       3               离散机2            22252.43        23802.43        1550.00        
  17       4               离散机1            23802.43        24964.43        1162.00        
  17       5               离散机3            24964.43        26612.43        1648.00        
  17       6               离散机1            26612.43        28074.43        1462.00        
  17       7               离散机2            28074.43        29083.43        1009.00        
  17       8               离散机1            41244.11        43025.11        1781.00        

工件 18:
  18       0               打印机3            0.00            28602.11        28602.11       
  18       1               批处理机1           28602.11        29686.11        1084.00        
  18       2               离散机3            34429.11        35599.11        1170.00        

工件 19:
  19       0               打印机3            0.00            28602.11        28602.11       
  19       1               批处理机1           28602.11        29686.11        1084.00        
  19       2               离散机1            29686.11        30682.11        996.00         
  19       3               离散机2            32066.11        33310.11        1244.00        
  19       4               离散机4            33310.11        34382.11        1072.00        
  19       5               离散机2            36123.11        37165.11        1042.00        
  19       6               离散机2            38233.11        39221.11        988.00         

【机器加工顺序记录】
----------------------------------------------------------------------------------------------------

打印机1:
工件号      工序号             开始时间            结束时间            加工时长           
--------------------------------------------------------------------------------
  0        0               0.00            13997.33        13997.33       
  6        0               0.00            13997.33        13997.33       
  7        0               0.00            13997.33        13997.33       
  10       0               0.00            13997.33        13997.33       
  12       0               0.00            13997.33        13997.33       
  14       0               0.00            13997.33        13997.33       
  15       0               0.00            13997.33        13997.33       
  17       0               13997.33        19419.43        5422.11        

  机器利用率: 240.33% (忙碌时间: 103403.40 / 总时间: 43025.11)

打印机2:
工件号      工序号             开始时间            结束时间            加工时长           
--------------------------------------------------------------------------------
  3        0               0.00            5466.86         5466.86        
  8        0               0.00            5466.86         5466.86        

  机器利用率: 25.41% (忙碌时间: 10933.71 / 总时间: 43025.11)

打印机3:
工件号      工序号             开始时间            结束时间            加工时长           
--------------------------------------------------------------------------------
  1        0               0.00            28602.11        28602.11       
  2        0               0.00            28602.11        28602.11       
  4        0               0.00            28602.11        28602.11       
  5        0               0.00            28602.11        28602.11       
  9        0               0.00            28602.11        28602.11       
  11       0               0.00            28602.11        28602.11       
  13       0               0.00            28602.11        28602.11       
  16       0               0.00            28602.11        28602.11       
  18       0               0.00            28602.11        28602.11       
  19       0               0.00            28602.11        28602.11       

  机器利用率: 664.78% (忙碌时间: 286021.08 / 总时间: 43025.11)

批处理机1:
工件号      工序号             开始时间            结束时间            加工时长           
--------------------------------------------------------------------------------
  3        1               5466.86         6550.86         1084.00        
  8        1               5466.86         6550.86         1084.00        
  0        1               13997.33        15081.33        1084.00        
  6        1               13997.33        15081.33        1084.00        
  7        1               13997.33        15081.33        1084.00        
  10       1               13997.33        15081.33        1084.00        
  12       1               13997.33        15081.33        1084.00        
  14       1               13997.33        15081.33        1084.00        
  15       1               13997.33        15081.33        1084.00        
  17       1               19419.43        20503.43        1084.00        
  1        1               28602.11        29686.11        1084.00        
  2        1               28602.11        29686.11        1084.00        
  4        1               28602.11        29686.11        1084.00        
  5        1               28602.11        29686.11        1084.00        
  9        1               28602.11        29686.11        1084.00        
  11       1               28602.11        29686.11        1084.00        
  13       1               28602.11        29686.11        1084.00        
  16       1               28602.11        29686.11        1084.00        
  18       1               28602.11        29686.11        1084.00        
  19       1               28602.11        29686.11        1084.00        

  机器利用率: 50.39% (忙碌时间: 21680.00 / 总时间: 43025.11)

批处理机2:
工件号      工序号             开始时间            结束时间            加工时长           
--------------------------------------------------------------------------------

  机器利用率: 0.00% (忙碌时间: 0.00 / 总时间: 43025.11)

离散机1:
工件号      工序号             开始时间            结束时间            加工时长           
--------------------------------------------------------------------------------
  7        3               16180.33        17636.33        1456.00        
  7        4               17636.33        18911.33        1275.00        
  6        4               20491.33        22211.33        1720.00        
  17       4               23802.43        24964.43        1162.00        
  14       5               24964.43        26503.43        1539.00        
  17       6               26612.43        28074.43        1462.00        
  7        8               28074.43        29149.43        1075.00        
  19       2               29686.11        30682.11        996.00         
  13       3               30699.11        32011.11        1312.00        
  16       2               32011.11        32998.11        987.00         
  1        3               32998.11        33913.11        915.00         
  16       3               33913.11        35237.11        1324.00        
  13       5               35237.11        36906.11        1669.00        
  4        6               37030.11        38395.11        1365.00        
  1        5               38395.11        39375.11        980.00         
  10       6               39375.11        40276.11        901.00         
  9        5               40276.11        41244.11        968.00         
  17       8               41244.11        43025.11        1781.00        

  机器利用率: 53.19% (忙碌时间: 22887.00 / 总时间: 43025.11)

离散机2:
工件号      工序号             开始时间            结束时间            加工时长           
--------------------------------------------------------------------------------
  8        2               6550.86         8152.86         1602.00        
  3        4               9091.86         10004.86        913.00         
  15       2               15081.33        16854.33        1773.00        
  10       2               16854.33        17881.33        1027.00        
  12       3               17881.33        19041.33        1160.00        
  10       4               19050.33        20224.33        1174.00        
  15       6               20371.33        21376.33        1005.00        
  17       3               22252.43        23802.43        1550.00        
  3        8               23802.43        24720.43        918.00         
  15       7               24720.43        26317.43        1597.00        
  8        8               26317.43        27866.43        1549.00        
  17       7               28074.43        29083.43        1009.00        
  9        2               29686.11        30966.11        1280.00        
  9        3               30966.11        32066.11        1100.00        
  19       3               32066.11        33310.11        1244.00        
  5        3               33310.11        34980.11        1670.00        
  4        4               34980.11        36123.11        1143.00        
  19       5               36123.11        37165.11        1042.00        
  16       4               37165.11        38233.11        1068.00        
  19       6               38233.11        39221.11        988.00         
  2        3               40143.11        41048.11        905.00         
  4        9               41048.11        42774.11        1726.00        

  机器利用率: 63.78% (忙碌时间: 27443.00 / 总时间: 43025.11)

离散机3:
工件号      工序号             开始时间            结束时间            加工时长           
--------------------------------------------------------------------------------
  3        3               8180.86         9091.86         911.00         
  8        7               13144.86        14297.86        1153.00        
  7        2               15081.33        16180.33        1099.00        
  12       2               16180.33        17442.33        1262.00        
  15       4               18030.33        18991.33        961.00         
  6        3               18991.33        20491.33        1500.00        
  17       2               20503.43        22252.43        1749.00        
  14       3               22252.43        23902.43        1650.00        
  17       5               24964.43        26612.43        1648.00        
  7        7               26612.43        27885.43        1273.00        
  12       6               28100.33        29463.33        1363.00        
  4        2               29686.11        31323.11        1637.00        
  5        2               31323.11        32698.11        1375.00        
  13       4               32698.11        34429.11        1731.00        
  18       2               34429.11        35599.11        1170.00        
  1        4               35599.11        36759.11        1160.00        
  10       5               36759.11        38125.11        1366.00        
  4        7               38395.11        39314.11        919.00         
  4        8               39314.11        41045.11        1731.00        
  5        8               41045.11        42313.11        1268.00        

  机器利用率: 62.58% (忙碌时间: 26926.00 / 总时间: 43025.11)

离散机4:
工件号      工序号             开始时间            结束时间            加工时长           
--------------------------------------------------------------------------------
  8        6               11676.86        13144.86        1468.00        
  0        2               15081.33        16429.33        1348.00        
  3        7               16429.33        17339.33        910.00         
  10       3               17881.33        19050.33        1169.00        
  7        5               19050.33        20564.33        1514.00        
  12       4               20564.33        21560.33        996.00         
  6        5               22211.33        23739.33        1528.00        
  14       4               23902.43        24833.43        931.00         
  6        7               25447.33        26811.33        1364.00        
  12       5               26811.33        28100.33        1289.00        
  0        6               28100.33        29645.33        1545.00        
  13       2               29686.11        30699.11        1013.00        
  11       2               30699.11        31645.11        946.00         
  11       3               31645.11        32891.11        1246.00        
  19       4               33310.11        34382.11        1072.00        
  11       4               34382.11        36063.11        1681.00        
  4        5               36123.11        37030.11        907.00         
  13       6               37030.11        38716.11        1686.00        
  2        2               38716.11        40143.11        1427.00        
  11       5               40143.11        41682.11        1539.00        
  0        7               41682.11        42667.11        985.00         

  机器利用率: 61.74% (忙碌时间: 26564.00 / 总时间: 43025.11)

离散机5:
工件号      工序号             开始时间            结束时间            加工时长           
--------------------------------------------------------------------------------
  3        2               6550.86         8180.86         1630.00        
  8        3               8180.86         9259.86         1079.00        
  8        4               9259.86         10321.86        1062.00        
  8        5               10321.86        11676.86        1355.00        
  3        5               11676.86        12968.86        1292.00        
  3        6               12968.86        14687.86        1719.00        
  6        2               15081.33        16622.33        1541.00        
  15       3               16854.33        18030.33        1176.00        
  14       2               18030.33        19207.33        1177.00        
  15       5               19207.33        20371.33        1164.00        
  7        6               20564.33        21606.33        1042.00        
  0        3               21606.33        23248.33        1642.00        
  6        6               23739.33        25447.33        1708.00        
  0        4               25447.33        26700.33        1253.00        
  0        5               26700.33        27882.33        1182.00        
  6        8               27882.33        29316.33        1434.00        
  1        2               29686.11        30746.11        1060.00        
  12       7               30746.11        31902.11        1156.00        
  9        4               32066.11        33331.11        1265.00        
  4        3               33331.11        34964.11        1633.00        
  5        4               34980.11        35979.11        999.00         
  5        5               35979.11        37041.11        1062.00        
  5        6               37041.11        37941.11        900.00         
  5        7               37941.11        39019.11        1078.00        
  13       7               39019.11        40056.11        1037.00        
  13       8               40056.11        41178.11        1122.00        
  13       9               41178.11        42195.11        1017.00        

  机器利用率: 78.52% (忙碌时间: 33785.00 / 总时间: 43025.11)

【打印批次详细信息】
----------------------------------------------------------------------------------------------------

打印机 1 (尺寸: 947.0 x 563.0 x 569.0):
--------------------------------------------------------------------------------
  批次 1: 零件数=7, 占用率=86.44%
    - 10: 尺寸 239.0 x 93.0 x 68.0
    - 15: 尺寸 177.0 x 102.0 x 59.0
    - 12: 尺寸 484.0 x 296.0 x 69.0
    - 0: 尺寸 214.0 x 421.0 x 34.0
    - 14: 尺寸 125.0 x 327.0 x 26.0
    - 7: 尺寸 292.0 x 248.0 x 80.0
    - 6: 尺寸 290.0 x 255.0 x 34.0
  批次 2: 零件数=1, 占用率=3.84%
    - 17: 尺寸 175.0 x 117.0 x 29.0

打印机 2 (尺寸: 870.0 x 568.0 x 567.0):
--------------------------------------------------------------------------------
  批次 1: 零件数=2, 占用率=20.04%
    - 8: 尺寸 99.0 x 126.0 x 12.0
    - 3: 尺寸 390.0 x 222.0 x 11.0

打印机 3 (尺寸: 1192.0 x 557.0 x 575.0):
--------------------------------------------------------------------------------
  批次 1: 零件数=10, 占用率=79.44%
    - 16: 尺寸 55.0 x 139.0 x 75.0
    - 9: 尺寸 328.0 x 354.0 x 185.0
    - 18: 尺寸 93.0 x 158.0 x 56.0
    - 1: 尺寸 605.0 x 328.0 x 110.0
    - 5: 尺寸 53.0 x 170.0 x 48.0
    - 11: 尺寸 70.0 x 186.0 x 154.0
    - 2: 尺寸 85.0 x 123.0 x 96.0
    - 19: 尺寸 77.0 x 123.0 x 187.0
    - 13: 尺寸 433.0 x 219.0 x 93.0
    - 4: 尺寸 256.0 x 210.0 x 195.0

════════════════════════════════════════════════════════════════
