════════════════════════════════════════════════════════════════
              最优Cmax解的详细调度记录
════════════════════════════════════════════════════════════════

【基本信息】
----------------------------------------------------------------------------------------------------
Cmax (最大完工时间): 45756.22
能耗: 412.15 kWh
装箱质量: 0.5284
批次总数: 5
工件数量: 50
机器数量: 14 (打印机:4, 批处理机:2, 离散机:8)

【染色体编码】
----------------------------------------------------------------------------------------------------
工序序列 (OS): [39, 13, 12, 31, 11, 3, 35, 5, 36, 46, 24, 2, 27, 6, 28, 1, 10, 8, 7, 40, 17, 41, 15, 43, 34, 25, 42, 0, 49, 20, 26, 48, 33, 9, 32, 37, 23, 45, 4, 44, 47, 30, 19, 18, 21, 14, 22, 29, 16, 38, 35, 26, 45, 47, 37, 1, 46, 11, 34, 16, 27, 32, 18, 5, 11, 47, 20, 14, 24, 26, 38, 42, 41, 27, 19, 37, 18, 21, 26, 1, 33, 7, 1, 3, 46, 24, 47, 37, 7, 37, 16, 13, 22, 49, 11, 41, 24, 19, 32, 44, 14, 24, 27, 47, 22, 12, 43, 46, 17, 22, 12, 26, 1, 4, 43, 41, 41, 14, 17, 31, 32, 38, 31, 47, 41, 38, 44, 6, 26, 17, 16, 37, 11, 30, 37, 40, 27, 44, 6, 27, 33, 19, 14, 46, 47, 46, 34, 39, 9, 35, 16, 25, 33, 32, 10, 10, 13, 26, 41, 44, 43, 7, 46, 8, 15, 7, 14, 1, 2, 38, 8, 13, 19, 37, 1, 4, 27, 34, 26, 14, 17, 18, 33, 34, 45, 10, 35, 16, 19, 41, 6, 27, 31, 3, 43, 43, 40, 38, 32, 17, 26, 25, 32, 1, 14, 10, 16, 5, 48, 9, 46, 13, 37, 7, 18, 38, 43, 32, 16, 14, 1, 46, 17, 41]
机器选择 (MS): [2, 2, 1, 3, 2, 3, 4, 4, 3, 3, 2, 4, 2, 2, 3, 1, 1, 2, 4, 3, 4, 4, 4, 4, 3, 2, 2, 3, 4, 1, 4, 2, 2, 1, 2, 2, 3, 2, 2, 4, 4, 3, 4, 2, 1, 4, 3, 2, 3, 3, 1, 1, 1, 3, 1, 2, 1, 1, 2, 3, 1, 1, 1, 1, 1, 1, 2, 1, 2, 1, 1, 3, 2, 1, 1, 2, 1, 2, 1, 1, 1, 1, 1, 1, 3, 3, 3, 2, 2, 1, 2, 1, 2, 3, 3, 1, 1, 2, 3, 3, 1, 1, 1, 3, 1, 1, 1, 2, 1, 1, 1, 3, 1, 1, 2, 2, 2, 1, 3, 2, 1, 3, 1, 2, 1, 1, 2, 2, 1, 1, 2, 2, 1, 1, 2, 3, 2, 1, 2, 1, 1, 3, 1, 1, 1, 3, 3, 1, 1, 2, 2, 3, 2, 3, 1, 1, 2, 2, 2, 3, 1, 3, 1, 1, 1, 1, 1, 1, 1, 1, 3, 2, 1, 1, 1, 3, 2, 1, 1, 1, 1, 2, 2, 1, 2, 2, 1, 2, 3, 3, 2, 1, 2, 1, 2, 2, 1, 1, 1, 1, 2, 1, 3, 1, 3, 1, 1, 2, 2, 1, 1, 1, 2, 1, 1, 1, 1, 1, 2, 3, 2, 1, 2, 1]

【零件加工顺序记录】
----------------------------------------------------------------------------------------------------
工件号      工序号             机器号             开始时间            结束时间            加工时长           
----------------------------------------------------------------------------------------------------

工件 0:
  0        0               打印机3            0.00            30020.22        30020.22       
  0        1               批处理机2           30020.22        30821.22        801.00         

工件 1:
  1        0               打印机1            0.00            14804.00        14804.00       
  1        1               批处理机2           14804.00        15605.00        801.00         
  1        2               离散机1            15605.00        16933.00        1328.00        
  1        3               离散机7            16933.00        18493.00        1560.00        
  1        4               离散机3            18493.00        19501.00        1008.00        
  1        5               离散机8            19501.00        20415.00        914.00         
  1        6               离散机5            20726.00        21921.00        1195.00        
  1        7               离散机7            23664.00        24788.00        1124.00        
  1        8               离散机5            27467.33        29089.33        1622.00        
  1        9               离散机3            44086.43        45453.43        1367.00        

工件 2:
  2        0               打印机4            0.00            24466.33        24466.33       
  2        1               批处理机2           24466.33        25267.33        801.00         
  2        2               离散机8            33624.22        34589.22        965.00         

工件 3:
  3        0               打印机3            0.00            30020.22        30020.22       
  3        1               批处理机2           30020.22        30821.22        801.00         
  3        2               离散机8            30821.22        31775.22        954.00         
  3        3               离散机5            37163.43        38195.43        1032.00        

工件 4:
  4        0               打印机2            12425.29        31118.43        18693.14       
  4        1               批处理机2           31118.43        31919.43        801.00         
  4        2               离散机4            33569.22        34477.22        908.00         
  4        3               离散机8            34589.22        36099.22        1510.00        

工件 5:
  5        0               打印机4            0.00            24466.33        24466.33       
  5        1               批处理机2           24466.33        25267.33        801.00         
  5        2               离散机3            25267.33        26396.33        1129.00        
  5        3               离散机5            42277.22        43847.22        1570.00        

工件 6:
  6        0               打印机2            0.00            12425.29        12425.29       
  6        1               批处理机2           12425.29        13226.29        801.00         
  6        2               离散机7            19799.00        21397.00        1598.00        
  6        3               离散机7            21397.00        22532.00        1135.00        
  6        4               离散机1            22532.00        23822.00        1290.00        

工件 7:
  7        0               打印机4            0.00            24466.33        24466.33       
  7        1               批处理机2           24466.33        25267.33        801.00         
  7        2               离散机8            25267.33        27009.33        1742.00        
  7        3               离散机8            27009.33        28237.33        1228.00        
  7        4               离散机5            33824.33        34885.33        1061.00        
  7        5               离散机5            34885.33        36013.33        1128.00        
  7        6               离散机3            42758.43        44086.43        1328.00        

工件 8:
  8        0               打印机2            0.00            12425.29        12425.29       
  8        1               批处理机2           12425.29        13226.29        801.00         
  8        2               离散机3            22335.00        23310.00        975.00         
  8        3               离散机5            23310.00        25046.00        1736.00        

工件 9:
  9        0               打印机1            0.00            14804.00        14804.00       
  9        1               批处理机2           14804.00        15605.00        801.00         
  9        2               离散机8            15605.00        16799.00        1194.00        
  9        3               离散机6            17914.00        18829.00        915.00         

工件 10:
  10       0               打印机1            0.00            14804.00        14804.00       
  10       1               批处理机2           14804.00        15605.00        801.00         
  10       2               离散机3            17190.29        18381.29        1191.00        
  10       3               离散机5            19282.00        20726.00        1444.00        
  10       4               离散机4            22677.29        24188.29        1511.00        
  10       5               离散机1            24188.29        25116.29        928.00         

工件 11:
  11       0               打印机2            0.00            12425.29        12425.29       
  11       1               批处理机2           12425.29        13226.29        801.00         
  11       2               离散机5            13226.29        14152.29        926.00         
  11       3               离散机1            14152.29        15085.29        933.00         
  11       4               离散机5            15224.29        16788.29        1564.00        
  11       5               离散机4            19666.29        21025.29        1359.00        

工件 12:
  12       0               打印机1            0.00            14804.00        14804.00       
  12       1               批处理机2           14804.00        15605.00        801.00         
  12       2               离散机6            16595.00        17914.00        1319.00        
  12       3               离散机7            18493.00        19799.00        1306.00        

工件 13:
  13       0               打印机2            0.00            12425.29        12425.29       
  13       1               批处理机2           12425.29        13226.29        801.00         
  13       2               离散机5            14152.29        15224.29        1072.00        
  13       3               离散机8            18103.00        19244.00        1141.00        
  13       4               离散机3            23310.00        24346.00        1036.00        
  13       5               离散机8            36099.22        37602.22        1503.00        

工件 14:
  14       0               打印机4            0.00            24466.33        24466.33       
  14       1               批处理机2           24466.33        25267.33        801.00         
  14       2               离散机1            28054.33        29067.33        1013.00        
  14       3               离散机4            29137.33        30652.33        1515.00        
  14       4               离散机7            30652.33        32061.33        1409.00        
  14       5               离散机8            32688.22        33624.22        936.00         
  14       6               离散机7            33797.33        34816.33        1019.00        
  14       7               离散机4            40380.22        41659.22        1279.00        
  14       8               离散机6            42774.22        43995.22        1221.00        
  14       9               离散机8            44670.22        45590.22        920.00         

工件 15:
  15       0               打印机4            0.00            24466.33        24466.33       
  15       1               批处理机2           24466.33        25267.33        801.00         
  15       2               离散机6            26750.33        27895.33        1145.00        

工件 16:
  16       0               打印机3            0.00            30020.22        30020.22       
  16       1               批处理机2           30020.22        30821.22        801.00         
  16       2               离散机3            30821.22        31918.22        1097.00        
  16       3               离散机6            31918.22        33560.22        1642.00        
  16       4               离散机3            36027.43        36962.43        935.00         
  16       5               离散机7            37682.22        39183.22        1501.00        
  16       6               离散机5            39183.22        40953.22        1770.00        
  16       7               离散机2            41658.22        42682.22        1024.00        
  16       8               离散机8            43541.22        44670.22        1129.00        

工件 17:
  17       0               打印机4            0.00            24466.33        24466.33       
  17       1               批处理机2           24466.33        25267.33        801.00         
  17       2               离散机7            25267.33        26715.33        1448.00        
  17       3               离散机2            29617.33        30592.33        975.00         
  17       4               离散机4            35853.22        37632.22        1779.00        
  17       5               离散机8            37632.22        38747.22        1115.00        
  17       6               离散机8            40991.22        42030.22        1039.00        
  17       7               离散机4            42935.22        44321.22        1386.00        

工件 18:
  18       0               打印机2            12425.29        31118.43        18693.14       
  18       1               批处理机2           31118.43        31919.43        801.00         
  18       2               离散机2            31960.22        32911.22        951.00         
  18       3               离散机3            33335.43        35033.43        1698.00        
  18       4               离散机3            40515.43        41761.43        1246.00        
  18       5               离散机6            43995.22        45756.22        1761.00        

工件 19:
  19       0               打印机4            0.00            24466.33        24466.33       
  19       1               批处理机2           24466.33        25267.33        801.00         
  19       2               离散机2            27622.33        28650.33        1028.00        
  19       3               离散机6            28650.33        29774.33        1124.00        
  19       4               离散机4            30652.33        31565.33        913.00         
  19       5               离散机6            37633.22        39379.22        1746.00        
  19       6               离散机7            40806.22        42468.22        1662.00        

工件 20:
  20       0               打印机1            0.00            14804.00        14804.00       
  20       1               批处理机2           14804.00        15605.00        801.00         
  20       2               离散机2            15605.00        16925.00        1320.00        

工件 21:
  21       0               打印机1            0.00            14804.00        14804.00       
  21       1               批处理机2           14804.00        15605.00        801.00         
  21       2               离散机6            15605.00        16595.00        990.00         

工件 22:
  22       0               打印机3            0.00            30020.22        30020.22       
  22       1               批处理机2           30020.22        30821.22        801.00         
  22       2               离散机1            30821.22        31966.22        1145.00        
  22       3               离散机6            34913.22        36409.22        1496.00        
  22       4               离散机6            36409.22        37633.22        1224.00        

工件 23:
  23       0               打印机3            0.00            30020.22        30020.22       
  23       1               批处理机2           30020.22        30821.22        801.00         

工件 24:
  24       0               打印机2            0.00            12425.29        12425.29       
  24       1               批处理机2           12425.29        13226.29        801.00         
  24       2               离散机7            14338.29        15438.29        1100.00        
  24       3               离散机4            15751.29        17253.29        1502.00        
  24       4               离散机4            17253.29        18556.29        1303.00        
  24       5               离散机4            18556.29        19666.29        1110.00        

工件 25:
  25       0               打印机2            0.00            12425.29        12425.29       
  25       1               批处理机2           12425.29        13226.29        801.00         
  25       2               离散机8            16799.00        18103.00        1304.00        
  25       3               离散机3            41761.43        42758.43        997.00         

工件 26:
  26       0               打印机4            0.00            24466.33        24466.33       
  26       1               批处理机2           24466.33        25267.33        801.00         
  26       2               离散机2            25267.33        26563.33        1296.00        
  26       3               离散机5            26563.33        27467.33        904.00         
  26       4               离散机7            27467.33        29110.33        1643.00        
  26       5               离散机5            29110.33        30226.33        1116.00        
  26       6               离散机1            33442.33        34548.33        1106.00        
  26       7               离散机2            37592.22        39077.22        1485.00        
  26       8               离散机6            39379.22        40564.22        1185.00        
  26       9               离散机2            40691.22        41658.22        967.00         

工件 27:
  27       0               打印机2            0.00            12425.29        12425.29       
  27       1               批处理机2           12425.29        13226.29        801.00         
  27       2               离散机8            13226.29        14192.29        966.00         
  27       3               离散机3            14478.29        15558.29        1080.00        
  27       4               离散机3            15558.29        17190.29        1632.00        
  27       5               离散机3            20865.00        22335.00        1470.00        
  27       6               离散机7            22532.00        23664.00        1132.00        
  27       7               离散机8            23664.00        25009.00        1345.00        
  27       8               离散机7            29110.33        30103.33        993.00         

工件 28:
  28       0               打印机3            0.00            30020.22        30020.22       
  28       1               批处理机2           30020.22        30821.22        801.00         

工件 29:
  29       0               打印机2            12425.29        31118.43        18693.14       
  29       1               批处理机2           31118.43        31919.43        801.00         

工件 30:
  30       0               打印机3            0.00            30020.22        30020.22       
  30       1               批处理机2           30020.22        30821.22        801.00         
  30       2               离散机8            31775.22        32688.22        913.00         

工件 31:
  31       0               打印机3            0.00            30020.22        30020.22       
  31       1               批处理机2           30020.22        30821.22        801.00         
  31       2               离散机3            35033.43        36027.43        994.00         
  31       3               离散机5            36027.43        37163.43        1136.00        
  31       4               离散机8            38747.22        40042.22        1295.00        

工件 32:
  32       0               打印机2            12425.29        31118.43        18693.14       
  32       1               批处理机2           31118.43        31919.43        801.00         
  32       2               离散机3            31919.43        33335.43        1416.00        
  32       3               离散机6            33560.22        34913.22        1353.00        
  32       4               离散机7            34913.22        36636.22        1723.00        
  32       5               离散机1            37721.22        39385.22        1664.00        
  32       6               离散机8            40042.22        40991.22        949.00         
  32       7               离散机6            41528.22        42774.22        1246.00        
  32       8               离散机7            42774.22        43892.22        1118.00        

工件 33:
  33       0               打印机2            0.00            12425.29        12425.29       
  33       1               批处理机2           12425.29        13226.29        801.00         
  33       2               离散机8            14192.29        15100.29        908.00         
  33       3               离散机1            16933.00        18187.00        1254.00        
  33       4               离散机5            18187.00        19282.00        1095.00        
  33       5               离散机6            19282.00        20607.00        1325.00        

工件 34:
  34       0               打印机3            0.00            30020.22        30020.22       
  34       1               批处理机2           30020.22        30821.22        801.00         
  34       2               离散机2            30821.22        31960.22        1139.00        
  34       3               离散机5            32427.33        33824.33        1397.00        
  34       4               离散机1            39385.22        40479.22        1094.00        
  34       5               离散机1            40479.22        41420.22        941.00         

工件 35:
  35       0               打印机4            0.00            24466.33        24466.33       
  35       1               批处理机2           24466.33        25267.33        801.00         
  35       2               离散机1            25267.33        26439.33        1172.00        
  35       3               离散机3            26439.33        27753.33        1314.00        
  35       4               离散机3            29042.33        30658.33        1616.00        

工件 36:
  36       0               打印机3            0.00            30020.22        30020.22       
  36       1               批处理机2           30020.22        30821.22        801.00         

工件 37:
  37       0               打印机2            0.00            12425.29        12425.29       
  37       1               批处理机2           12425.29        13226.29        801.00         
  37       2               离散机7            13226.29        14338.29        1112.00        
  37       3               离散机4            14444.29        15751.29        1307.00        
  37       4               离散机7            15751.29        16728.29        977.00         
  37       5               离散机2            16925.00        18577.00        1652.00        
  37       6               离散机3            19501.00        20865.00        1364.00        
  37       7               离散机8            20865.00        21848.00        983.00         
  37       8               离散机8            21848.00        22863.00        1015.00        
  37       9               离散机5            25046.00        26296.00        1250.00        

工件 38:
  38       0               打印机3            0.00            30020.22        30020.22       
  38       1               批处理机2           30020.22        30821.22        801.00         
  38       2               离散机2            32911.22        34566.22        1655.00        
  38       3               离散机1            34566.22        35499.22        933.00         
  38       4               离散机1            35499.22        36814.22        1315.00        
  38       5               离散机4            38942.22        40380.22        1438.00        
  38       6               离散机5            40953.22        42277.22        1324.00        
  38       7               离散机8            42277.22        43541.22        1264.00        

工件 39:
  39       0               打印机2            0.00            12425.29        12425.29       
  39       1               批处理机2           12425.29        13226.29        801.00         
  39       2               离散机7            32061.33        33797.33        1736.00        

工件 40:
  40       0               打印机3            0.00            30020.22        30020.22       
  40       1               批处理机2           30020.22        30821.22        801.00         
  40       2               离散机3            36962.43        37882.43        920.00         
  40       3               离散机4            41659.22        42935.22        1276.00        

工件 41:
  41       0               打印机4            0.00            24466.33        24466.33       
  41       1               批处理机2           24466.33        25267.33        801.00         
  41       2               离散机2            26563.33        27622.33        1059.00        
  41       3               离散机8            28237.33        29410.33        1173.00        
  41       4               离散机5            30226.33        31310.33        1084.00        
  41       5               离散机5            31310.33        32427.33        1117.00        
  41       6               离散机1            32427.33        33442.33        1015.00        
  41       7               离散机7            39183.22        40806.22        1623.00        
  41       8               离散机1            41420.22        43196.22        1776.00        
  41       9               离散机7            43892.22        45313.22        1421.00        

工件 42:
  42       0               打印机2            0.00            12425.29        12425.29       
  42       1               批处理机2           12425.29        13226.29        801.00         
  42       2               离散机4            13226.29        14444.29        1218.00        

工件 43:
  43       0               打印机4            0.00            24466.33        24466.33       
  43       1               批处理机2           24466.33        25267.33        801.00         
  43       2               离散机4            26296.33        27922.33        1626.00        
  43       3               离散机3            27922.33        29042.33        1120.00        
  43       4               离散机1            29067.33        30413.33        1346.00        
  43       5               离散机5            38195.43        39175.43        980.00         
  43       6               离散机6            40564.22        41528.22        964.00         
  43       7               离散机5            43847.22        45114.22        1267.00        

工件 44:
  44       0               打印机4            0.00            24466.33        24466.33       
  44       1               批处理机2           24466.33        25267.33        801.00         
  44       2               离散机4            25267.33        26296.33        1029.00        
  44       3               离散机2            36295.22        37592.22        1297.00        
  44       4               离散机4            37632.22        38942.22        1310.00        
  44       5               离散机2            39077.22        40691.22        1614.00        

工件 45:
  45       0               打印机2            0.00            12425.29        12425.29       
  45       1               批处理机2           12425.29        13226.29        801.00         
  45       2               离散机3            13226.29        14478.29        1252.00        
  45       3               离散机4            21025.29        22677.29        1652.00        

工件 46:
  46       0               打印机3            0.00            30020.22        30020.22       
  46       1               批处理机2           30020.22        30821.22        801.00         
  46       2               离散机6            30821.22        31825.22        1004.00        
  46       3               离散机4            31825.22        33569.22        1744.00        
  46       4               离散机2            34566.22        36295.22        1729.00        
  46       5               离散机1            36814.22        37721.22        907.00         
  46       6               离散机3            37882.43        39157.43        1275.00        
  46       7               离散机3            39157.43        40515.43        1358.00        
  46       8               离散机1            43196.22        44315.22        1119.00        
  46       9               离散机1            44315.22        45291.22        976.00         

工件 47:
  47       0               打印机4            0.00            24466.33        24466.33       
  47       1               批处理机2           24466.33        25267.33        801.00         
  47       2               离散机6            25267.33        26750.33        1483.00        
  47       3               离散机1            26750.33        28054.33        1304.00        
  47       4               离散机4            28054.33        29137.33        1083.00        
  47       5               离散机8            29410.33        30802.33        1392.00        
  47       6               离散机4            34477.22        35853.22        1376.00        
  47       7               离散机7            36636.22        37682.22        1046.00        

工件 48:
  48       0               打印机2            0.00            12425.29        12425.29       
  48       1               批处理机2           12425.29        13226.29        801.00         
  48       2               离散机5            16788.29        17787.29        999.00         

工件 49:
  49       0               打印机4            0.00            24466.33        24466.33       
  49       1               批处理机2           24466.33        25267.33        801.00         
  49       2               离散机2            28650.33        29617.33        967.00         

【机器加工顺序记录】
----------------------------------------------------------------------------------------------------

打印机1:
工件号      工序号             开始时间            结束时间            加工时长           
--------------------------------------------------------------------------------
  1        0               0.00            14804.00        14804.00       
  9        0               0.00            14804.00        14804.00       
  10       0               0.00            14804.00        14804.00       
  12       0               0.00            14804.00        14804.00       
  20       0               0.00            14804.00        14804.00       
  21       0               0.00            14804.00        14804.00       

  机器利用率: 194.12% (忙碌时间: 88824.00 / 总时间: 45756.22)

打印机2:
工件号      工序号             开始时间            结束时间            加工时长           
--------------------------------------------------------------------------------
  6        0               0.00            12425.29        12425.29       
  8        0               0.00            12425.29        12425.29       
  11       0               0.00            12425.29        12425.29       
  13       0               0.00            12425.29        12425.29       
  24       0               0.00            12425.29        12425.29       
  25       0               0.00            12425.29        12425.29       
  27       0               0.00            12425.29        12425.29       
  33       0               0.00            12425.29        12425.29       
  37       0               0.00            12425.29        12425.29       
  39       0               0.00            12425.29        12425.29       
  42       0               0.00            12425.29        12425.29       
  45       0               0.00            12425.29        12425.29       
  48       0               0.00            12425.29        12425.29       
  4        0               12425.29        31118.43        18693.14       
  18       0               12425.29        31118.43        18693.14       
  29       0               12425.29        31118.43        18693.14       
  32       0               12425.29        31118.43        18693.14       

  机器利用率: 516.44% (忙碌时间: 236301.29 / 总时间: 45756.22)

打印机3:
工件号      工序号             开始时间            结束时间            加工时长           
--------------------------------------------------------------------------------
  0        0               0.00            30020.22        30020.22       
  3        0               0.00            30020.22        30020.22       
  16       0               0.00            30020.22        30020.22       
  22       0               0.00            30020.22        30020.22       
  23       0               0.00            30020.22        30020.22       
  28       0               0.00            30020.22        30020.22       
  30       0               0.00            30020.22        30020.22       
  31       0               0.00            30020.22        30020.22       
  34       0               0.00            30020.22        30020.22       
  36       0               0.00            30020.22        30020.22       
  38       0               0.00            30020.22        30020.22       
  40       0               0.00            30020.22        30020.22       
  46       0               0.00            30020.22        30020.22       

  机器利用率: 852.92% (忙碌时间: 390262.83 / 总时间: 45756.22)

打印机4:
工件号      工序号             开始时间            结束时间            加工时长           
--------------------------------------------------------------------------------
  2        0               0.00            24466.33        24466.33       
  5        0               0.00            24466.33        24466.33       
  7        0               0.00            24466.33        24466.33       
  14       0               0.00            24466.33        24466.33       
  15       0               0.00            24466.33        24466.33       
  17       0               0.00            24466.33        24466.33       
  19       0               0.00            24466.33        24466.33       
  26       0               0.00            24466.33        24466.33       
  35       0               0.00            24466.33        24466.33       
  41       0               0.00            24466.33        24466.33       
  43       0               0.00            24466.33        24466.33       
  44       0               0.00            24466.33        24466.33       
  47       0               0.00            24466.33        24466.33       
  49       0               0.00            24466.33        24466.33       

  机器利用率: 748.59% (忙碌时间: 342528.67 / 总时间: 45756.22)

批处理机1:
工件号      工序号             开始时间            结束时间            加工时长           
--------------------------------------------------------------------------------

  机器利用率: 0.00% (忙碌时间: 0.00 / 总时间: 45756.22)

批处理机2:
工件号      工序号             开始时间            结束时间            加工时长           
--------------------------------------------------------------------------------
  6        1               12425.29        13226.29        801.00         
  8        1               12425.29        13226.29        801.00         
  11       1               12425.29        13226.29        801.00         
  13       1               12425.29        13226.29        801.00         
  24       1               12425.29        13226.29        801.00         
  25       1               12425.29        13226.29        801.00         
  27       1               12425.29        13226.29        801.00         
  33       1               12425.29        13226.29        801.00         
  37       1               12425.29        13226.29        801.00         
  39       1               12425.29        13226.29        801.00         
  42       1               12425.29        13226.29        801.00         
  45       1               12425.29        13226.29        801.00         
  48       1               12425.29        13226.29        801.00         
  1        1               14804.00        15605.00        801.00         
  9        1               14804.00        15605.00        801.00         
  10       1               14804.00        15605.00        801.00         
  12       1               14804.00        15605.00        801.00         
  20       1               14804.00        15605.00        801.00         
  21       1               14804.00        15605.00        801.00         
  2        1               24466.33        25267.33        801.00         
  5        1               24466.33        25267.33        801.00         
  7        1               24466.33        25267.33        801.00         
  14       1               24466.33        25267.33        801.00         
  15       1               24466.33        25267.33        801.00         
  17       1               24466.33        25267.33        801.00         
  19       1               24466.33        25267.33        801.00         
  26       1               24466.33        25267.33        801.00         
  35       1               24466.33        25267.33        801.00         
  41       1               24466.33        25267.33        801.00         
  43       1               24466.33        25267.33        801.00         
  44       1               24466.33        25267.33        801.00         
  47       1               24466.33        25267.33        801.00         
  49       1               24466.33        25267.33        801.00         
  0        1               30020.22        30821.22        801.00         
  3        1               30020.22        30821.22        801.00         
  16       1               30020.22        30821.22        801.00         
  22       1               30020.22        30821.22        801.00         
  23       1               30020.22        30821.22        801.00         
  28       1               30020.22        30821.22        801.00         
  30       1               30020.22        30821.22        801.00         
  31       1               30020.22        30821.22        801.00         
  34       1               30020.22        30821.22        801.00         
  36       1               30020.22        30821.22        801.00         
  38       1               30020.22        30821.22        801.00         
  40       1               30020.22        30821.22        801.00         
  46       1               30020.22        30821.22        801.00         
  4        1               31118.43        31919.43        801.00         
  18       1               31118.43        31919.43        801.00         
  29       1               31118.43        31919.43        801.00         
  32       1               31118.43        31919.43        801.00         

  机器利用率: 87.53% (忙碌时间: 40050.00 / 总时间: 45756.22)

离散机1:
工件号      工序号             开始时间            结束时间            加工时长           
--------------------------------------------------------------------------------
  11       3               14152.29        15085.29        933.00         
  1        2               15605.00        16933.00        1328.00        
  33       3               16933.00        18187.00        1254.00        
  6        4               22532.00        23822.00        1290.00        
  10       5               24188.29        25116.29        928.00         
  35       2               25267.33        26439.33        1172.00        
  47       3               26750.33        28054.33        1304.00        
  14       2               28054.33        29067.33        1013.00        
  43       4               29067.33        30413.33        1346.00        
  22       2               30821.22        31966.22        1145.00        
  41       6               32427.33        33442.33        1015.00        
  26       6               33442.33        34548.33        1106.00        
  38       3               34566.22        35499.22        933.00         
  38       4               35499.22        36814.22        1315.00        
  46       5               36814.22        37721.22        907.00         
  32       5               37721.22        39385.22        1664.00        
  34       4               39385.22        40479.22        1094.00        
  34       5               40479.22        41420.22        941.00         
  41       8               41420.22        43196.22        1776.00        
  46       8               43196.22        44315.22        1119.00        
  46       9               44315.22        45291.22        976.00         

  机器利用率: 53.67% (忙碌时间: 24559.00 / 总时间: 45756.22)

离散机2:
工件号      工序号             开始时间            结束时间            加工时长           
--------------------------------------------------------------------------------
  20       2               15605.00        16925.00        1320.00        
  37       5               16925.00        18577.00        1652.00        
  26       2               25267.33        26563.33        1296.00        
  41       2               26563.33        27622.33        1059.00        
  19       2               27622.33        28650.33        1028.00        
  49       2               28650.33        29617.33        967.00         
  17       3               29617.33        30592.33        975.00         
  34       2               30821.22        31960.22        1139.00        
  18       2               31960.22        32911.22        951.00         
  38       2               32911.22        34566.22        1655.00        
  46       4               34566.22        36295.22        1729.00        
  44       3               36295.22        37592.22        1297.00        
  26       7               37592.22        39077.22        1485.00        
  44       5               39077.22        40691.22        1614.00        
  26       9               40691.22        41658.22        967.00         
  16       7               41658.22        42682.22        1024.00        

  机器利用率: 44.06% (忙碌时间: 20158.00 / 总时间: 45756.22)

离散机3:
工件号      工序号             开始时间            结束时间            加工时长           
--------------------------------------------------------------------------------
  45       2               13226.29        14478.29        1252.00        
  27       3               14478.29        15558.29        1080.00        
  27       4               15558.29        17190.29        1632.00        
  10       2               17190.29        18381.29        1191.00        
  1        4               18493.00        19501.00        1008.00        
  37       6               19501.00        20865.00        1364.00        
  27       5               20865.00        22335.00        1470.00        
  8        2               22335.00        23310.00        975.00         
  13       4               23310.00        24346.00        1036.00        
  5        2               25267.33        26396.33        1129.00        
  35       3               26439.33        27753.33        1314.00        
  43       3               27922.33        29042.33        1120.00        
  35       4               29042.33        30658.33        1616.00        
  16       2               30821.22        31918.22        1097.00        
  32       2               31919.43        33335.43        1416.00        
  18       3               33335.43        35033.43        1698.00        
  31       2               35033.43        36027.43        994.00         
  16       4               36027.43        36962.43        935.00         
  40       2               36962.43        37882.43        920.00         
  46       6               37882.43        39157.43        1275.00        
  46       7               39157.43        40515.43        1358.00        
  18       4               40515.43        41761.43        1246.00        
  25       3               41761.43        42758.43        997.00         
  7        6               42758.43        44086.43        1328.00        
  1        9               44086.43        45453.43        1367.00        

  机器利用率: 67.35% (忙碌时间: 30818.00 / 总时间: 45756.22)

离散机4:
工件号      工序号             开始时间            结束时间            加工时长           
--------------------------------------------------------------------------------
  42       2               13226.29        14444.29        1218.00        
  37       3               14444.29        15751.29        1307.00        
  24       3               15751.29        17253.29        1502.00        
  24       4               17253.29        18556.29        1303.00        
  24       5               18556.29        19666.29        1110.00        
  11       5               19666.29        21025.29        1359.00        
  45       3               21025.29        22677.29        1652.00        
  10       4               22677.29        24188.29        1511.00        
  44       2               25267.33        26296.33        1029.00        
  43       2               26296.33        27922.33        1626.00        
  47       4               28054.33        29137.33        1083.00        
  14       3               29137.33        30652.33        1515.00        
  19       4               30652.33        31565.33        913.00         
  46       3               31825.22        33569.22        1744.00        
  4        2               33569.22        34477.22        908.00         
  47       6               34477.22        35853.22        1376.00        
  17       4               35853.22        37632.22        1779.00        
  44       4               37632.22        38942.22        1310.00        
  38       5               38942.22        40380.22        1438.00        
  14       7               40380.22        41659.22        1279.00        
  40       3               41659.22        42935.22        1276.00        
  17       7               42935.22        44321.22        1386.00        

  机器利用率: 64.74% (忙碌时间: 29624.00 / 总时间: 45756.22)

离散机5:
工件号      工序号             开始时间            结束时间            加工时长           
--------------------------------------------------------------------------------
  11       2               13226.29        14152.29        926.00         
  13       2               14152.29        15224.29        1072.00        
  11       4               15224.29        16788.29        1564.00        
  48       2               16788.29        17787.29        999.00         
  33       4               18187.00        19282.00        1095.00        
  10       3               19282.00        20726.00        1444.00        
  1        6               20726.00        21921.00        1195.00        
  8        3               23310.00        25046.00        1736.00        
  37       9               25046.00        26296.00        1250.00        
  26       3               26563.33        27467.33        904.00         
  1        8               27467.33        29089.33        1622.00        
  26       5               29110.33        30226.33        1116.00        
  41       4               30226.33        31310.33        1084.00        
  41       5               31310.33        32427.33        1117.00        
  34       3               32427.33        33824.33        1397.00        
  7        4               33824.33        34885.33        1061.00        
  7        5               34885.33        36013.33        1128.00        
  31       3               36027.43        37163.43        1136.00        
  3        3               37163.43        38195.43        1032.00        
  43       5               38195.43        39175.43        980.00         
  16       6               39183.22        40953.22        1770.00        
  38       6               40953.22        42277.22        1324.00        
  5        3               42277.22        43847.22        1570.00        
  43       7               43847.22        45114.22        1267.00        

  机器利用率: 65.10% (忙碌时间: 29789.00 / 总时间: 45756.22)

离散机6:
工件号      工序号             开始时间            结束时间            加工时长           
--------------------------------------------------------------------------------
  21       2               15605.00        16595.00        990.00         
  12       2               16595.00        17914.00        1319.00        
  9        3               17914.00        18829.00        915.00         
  33       5               19282.00        20607.00        1325.00        
  47       2               25267.33        26750.33        1483.00        
  15       2               26750.33        27895.33        1145.00        
  19       3               28650.33        29774.33        1124.00        
  46       2               30821.22        31825.22        1004.00        
  16       3               31918.22        33560.22        1642.00        
  32       3               33560.22        34913.22        1353.00        
  22       3               34913.22        36409.22        1496.00        
  22       4               36409.22        37633.22        1224.00        
  19       5               37633.22        39379.22        1746.00        
  26       8               39379.22        40564.22        1185.00        
  43       6               40564.22        41528.22        964.00         
  32       7               41528.22        42774.22        1246.00        
  14       8               42774.22        43995.22        1221.00        
  18       5               43995.22        45756.22        1761.00        

  机器利用率: 50.58% (忙碌时间: 23143.00 / 总时间: 45756.22)

离散机7:
工件号      工序号             开始时间            结束时间            加工时长           
--------------------------------------------------------------------------------
  37       2               13226.29        14338.29        1112.00        
  24       2               14338.29        15438.29        1100.00        
  37       4               15751.29        16728.29        977.00         
  1        3               16933.00        18493.00        1560.00        
  12       3               18493.00        19799.00        1306.00        
  6        2               19799.00        21397.00        1598.00        
  6        3               21397.00        22532.00        1135.00        
  27       6               22532.00        23664.00        1132.00        
  1        7               23664.00        24788.00        1124.00        
  17       2               25267.33        26715.33        1448.00        
  26       4               27467.33        29110.33        1643.00        
  27       8               29110.33        30103.33        993.00         
  14       4               30652.33        32061.33        1409.00        
  39       2               32061.33        33797.33        1736.00        
  14       6               33797.33        34816.33        1019.00        
  32       4               34913.22        36636.22        1723.00        
  47       7               36636.22        37682.22        1046.00        
  16       5               37682.22        39183.22        1501.00        
  41       7               39183.22        40806.22        1623.00        
  19       6               40806.22        42468.22        1662.00        
  32       8               42774.22        43892.22        1118.00        
  41       9               43892.22        45313.22        1421.00        

  机器利用率: 64.22% (忙碌时间: 29386.00 / 总时间: 45756.22)

离散机8:
工件号      工序号             开始时间            结束时间            加工时长           
--------------------------------------------------------------------------------
  27       2               13226.29        14192.29        966.00         
  33       2               14192.29        15100.29        908.00         
  9        2               15605.00        16799.00        1194.00        
  25       2               16799.00        18103.00        1304.00        
  13       3               18103.00        19244.00        1141.00        
  1        5               19501.00        20415.00        914.00         
  37       7               20865.00        21848.00        983.00         
  37       8               21848.00        22863.00        1015.00        
  27       7               23664.00        25009.00        1345.00        
  7        2               25267.33        27009.33        1742.00        
  7        3               27009.33        28237.33        1228.00        
  41       3               28237.33        29410.33        1173.00        
  47       5               29410.33        30802.33        1392.00        
  3        2               30821.22        31775.22        954.00         
  30       2               31775.22        32688.22        913.00         
  14       5               32688.22        33624.22        936.00         
  2        2               33624.22        34589.22        965.00         
  4        3               34589.22        36099.22        1510.00        
  13       5               36099.22        37602.22        1503.00        
  17       5               37632.22        38747.22        1115.00        
  31       4               38747.22        40042.22        1295.00        
  32       6               40042.22        40991.22        949.00         
  17       6               40991.22        42030.22        1039.00        
  38       7               42277.22        43541.22        1264.00        
  16       8               43541.22        44670.22        1129.00        
  14       9               44670.22        45590.22        920.00         

  机器利用率: 65.12% (忙碌时间: 29797.00 / 总时间: 45756.22)

【打印批次详细信息】
----------------------------------------------------------------------------------------------------

打印机 1 (尺寸: 959.0 x 556.0 x 637.0):
--------------------------------------------------------------------------------
  批次 1: 零件数=6, 占用率=52.84%
    - 12: 尺寸 245.0 x 142.0 x 18.0
    - 1: 尺寸 156.0 x 100.0 x 15.0
    - 10: 尺寸 194.0 x 138.0 x 15.0
    - 20: 尺寸 163.0 x 101.0 x 15.0
    - 21: 尺寸 160.0 x 410.0 x 16.0
    - 9: 尺寸 296.0 x 414.0 x 23.0

打印机 2 (尺寸: 1065.0 x 543.0 x 602.0):
--------------------------------------------------------------------------------
  批次 1: 零件数=13, 占用率=85.25%
    - 39: 尺寸 179.0 x 54.0 x 39.0
    - 13: 尺寸 121.0 x 152.0 x 48.0
    - 42: 尺寸 755.0 x 256.0 x 39.0
    - 25: 尺寸 172.0 x 151.0 x 12.0
    - 33: 尺寸 131.0 x 168.0 x 32.0
    - 11: 尺寸 88.0 x 104.0 x 18.0
    - 24: 尺寸 386.0 x 230.0 x 28.0
    - 27: 尺寸 217.0 x 119.0 x 31.0
    - 6: 尺寸 108.0 x 111.0 x 38.0
    - 48: 尺寸 126.0 x 102.0 x 18.0
    - 8: 尺寸 110.0 x 206.0 x 51.0
    - 37: 尺寸 173.0 x 149.0 x 26.0
    - 45: 尺寸 180.0 x 148.0 x 18.0
  批次 2: 零件数=4, 占用率=57.38%
    - 32: 尺寸 277.0 x 302.0 x 45.0
    - 4: 尺寸 756.0 x 142.0 x 77.0
    - 18: 尺寸 316.0 x 271.0 x 78.0
    - 29: 尺寸 280.0 x 197.0 x 41.0

打印机 3 (尺寸: 1063.0 x 547.0 x 653.0):
--------------------------------------------------------------------------------
  批次 1: 零件数=13, 占用率=79.79%
    - 31: 尺寸 493.0 x 212.0 x 153.0
    - 3: 尺寸 144.0 x 126.0 x 147.0
    - 36: 尺寸 101.0 x 153.0 x 109.0
    - 46: 尺寸 82.0 x 85.0 x 162.0
    - 28: 尺寸 219.0 x 284.0 x 95.0
    - 0: 尺寸 52.0 x 104.0 x 52.0
    - 23: 尺寸 159.0 x 350.0 x 46.0
    - 34: 尺寸 99.0 x 123.0 x 97.0
    - 40: 尺寸 86.0 x 86.0 x 70.0
    - 30: 尺寸 281.0 x 186.0 x 147.0
    - 38: 尺寸 96.0 x 138.0 x 154.0
    - 16: 尺寸 355.0 x 156.0 x 162.0
    - 22: 尺寸 434.0 x 127.0 x 170.0

打印机 4 (尺寸: 1129.0 x 587.0 x 561.0):
--------------------------------------------------------------------------------
  批次 1: 零件数=14, 占用率=87.39%
    - 35: 尺寸 147.0 x 103.0 x 59.0
    - 5: 尺寸 502.0 x 240.0 x 99.0
    - 43: 尺寸 463.0 x 105.0 x 80.0
    - 17: 尺寸 142.0 x 214.0 x 63.0
    - 2: 尺寸 101.0 x 127.0 x 90.0
    - 7: 尺寸 88.0 x 70.0 x 31.0
    - 41: 尺寸 255.0 x 171.0 x 63.0
    - 14: 尺寸 111.0 x 219.0 x 57.0
    - 19: 尺寸 89.0 x 119.0 x 84.0
    - 49: 尺寸 502.0 x 335.0 x 88.0
    - 15: 尺寸 241.0 x 124.0 x 103.0
    - 26: 尺寸 134.0 x 125.0 x 33.0
    - 47: 尺寸 119.0 x 192.0 x 44.0
    - 44: 尺寸 260.0 x 113.0 x 81.0

════════════════════════════════════════════════════════════════
