════════════════════════════════════════════════════════════════
              最优Cmax解的详细调度记录
════════════════════════════════════════════════════════════════

【基本信息】
----------------------------------------------------------------------------------------------------
Cmax (最大完工时间): 38076.86
能耗: 213.15 kWh
装箱质量: 0.4508
批次总数: 3
工件数量: 20
机器数量: 10 (打印机:3, 批处理机:2, 离散机:5)

【染色体编码】
----------------------------------------------------------------------------------------------------
工序序列 (OS): [1, 2, 9, 7, 0, 5, 17, 3, 15, 13, 18, 14, 16, 4, 19, 8, 6, 12, 10, 11, 4, 3, 8, 0, 17, 1, 8, 16, 3, 6, 13, 16, 17, 13, 6, 10, 9, 8, 3, 0, 14, 4, 18, 8, 1, 7, 14, 11, 11, 6, 9, 14, 0, 4, 6, 19, 13, 9, 11, 2, 14, 17, 14, 0, 4, 11, 7, 3, 3, 8, 2, 16, 11, 17, 0, 0, 1, 18, 4, 4, 14, 4, 6, 1, 11, 17, 13, 7, 17, 4, 2, 11, 0, 13, 3, 16, 0, 1, 14]
机器选择 (MS): [3, 3, 3, 2, 2, 3, 3, 2, 1, 2, 3, 2, 3, 2, 2, 1, 1, 3, 3, 2, 1, 1, 1, 1, 1, 2, 2, 1, 1, 1, 2, 2, 1, 1, 1, 1, 1, 1, 1, 1, 3, 1, 1, 1, 2, 1, 1, 1, 3, 1, 2, 2, 1, 1, 1, 2, 1, 1, 1, 1, 1, 1, 1, 2, 2, 1, 1, 2, 1, 1, 2, 3, 2, 1, 2, 2, 2, 1, 3, 1, 2, 1, 3, 2, 1, 3, 1, 2, 2, 2, 1, 3, 2, 1, 2, 2, 1, 1, 2]

【零件加工顺序记录】
----------------------------------------------------------------------------------------------------
工件号      工序号             机器号             开始时间            结束时间            加工时长           
----------------------------------------------------------------------------------------------------

工件 0:
  0        0               打印机2            0.00            12247.09        12247.09       
  0        1               批处理机2           12247.09        13342.09        1095.00        
  0        2               离散机1            14928.09        16004.09        1076.00        
  0        3               离散机4            16717.09        17861.09        1144.00        
  0        4               离散机5            18789.09        20141.09        1352.00        
  0        5               离散机4            21138.09        22076.09        938.00         
  0        6               离散机1            23028.09        24093.09        1065.00        
  0        7               离散机3            24262.09        25459.09        1197.00        
  0        8               离散机4            25459.09        26511.09        1052.00        
  0        9               离散机3            28233.09        29426.09        1193.00        

工件 1:
  1        0               打印机3            0.00            28723.86        28723.86       
  1        1               批处理机2           28723.86        29818.86        1095.00        
  1        2               离散机2            29818.86        31521.86        1703.00        
  1        3               离散机1            32228.86        33154.86        926.00         
  1        4               离散机4            33310.86        34521.86        1211.00        
  1        5               离散机5            34521.86        35442.86        921.00         
  1        6               离散机1            35903.86        37031.86        1128.00        

工件 2:
  2        0               打印机3            0.00            28723.86        28723.86       
  2        1               批处理机2           28723.86        29818.86        1095.00        
  2        2               离散机1            33154.86        34746.86        1592.00        
  2        3               离散机1            34746.86        35903.86        1157.00        
  2        4               离散机2            36744.86        37715.86        971.00         

工件 3:
  3        0               打印机2            0.00            12247.09        12247.09       
  3        1               批处理机2           12247.09        13342.09        1095.00        
  3        2               离散机3            13342.09        14917.09        1575.00        
  3        3               离散机4            14917.09        16717.09        1800.00        
  3        4               离散机5            17225.09        18789.09        1564.00        
  3        5               离散机1            22002.09        23028.09        1026.00        
  3        6               离散机4            23028.09        24483.09        1455.00        
  3        7               离散机4            27554.09        29220.09        1666.00        

工件 4:
  4        0               打印机2            0.00            12247.09        12247.09       
  4        1               批处理机2           12247.09        13342.09        1095.00        
  4        2               离散机1            13342.09        14928.09        1586.00        
  4        3               离散机1            17387.09        18581.09        1194.00        
  4        4               离散机3            19932.09        21491.09        1559.00        
  4        5               离散机2            22151.09        23440.09        1289.00        
  4        6               离散机1            24093.09        25707.09        1614.00        
  4        7               离散机5            25707.09        26612.09        905.00         
  4        8               离散机4            26612.09        27554.09        942.00         
  4        9               离散机1            27837.09        29252.09        1415.00        

工件 5:
  5        0               打印机3            0.00            28723.86        28723.86       
  5        1               批处理机2           28723.86        29818.86        1095.00        

工件 6:
  6        0               打印机1            0.00            4864.27         4864.27        
  6        1               批处理机2           4864.27         5959.27         1095.00        
  6        2               离散机5            5959.27         7006.27         1047.00        
  6        3               离散机3            7006.27         8687.27         1681.00        
  6        4               离散机3            8687.27         10348.27        1661.00        
  6        5               离散机1            10348.27        11674.27        1326.00        
  6        6               离散机3            25459.09        26737.09        1278.00        

工件 7:
  7        0               打印机2            0.00            12247.09        12247.09       
  7        1               批处理机2           12247.09        13342.09        1095.00        
  7        2               离散机3            16105.09        17801.09        1696.00        
  7        3               离散机1            20827.09        22002.09        1175.00        
  7        4               离散机5            22002.09        23439.09        1437.00        

工件 8:
  8        0               打印机1            0.00            4864.27         4864.27        
  8        1               批处理机2           4864.27         5959.27         1095.00        
  8        2               离散机1            5959.27         7188.27         1229.00        
  8        3               离散机2            7188.27         8298.27         1110.00        
  8        4               离散机5            8298.27         9926.27         1628.00        
  8        5               离散机2            9926.27         10843.27        917.00         
  8        6               离散机3            10843.27        12581.27        1738.00        

工件 9:
  9        0               打印机3            0.00            28723.86        28723.86       
  9        1               批处理机2           28723.86        29818.86        1095.00        
  9        2               离散机2            31521.86        33093.86        1572.00        
  9        3               离散机3            33093.86        34583.86        1490.00        
  9        4               离散机3            34583.86        36293.86        1710.00        

工件 10:
  10       0               打印机3            0.00            28723.86        28723.86       
  10       1               批处理机2           28723.86        29818.86        1095.00        
  10       2               离散机4            30857.86        31875.86        1018.00        

工件 11:
  11       0               打印机2            0.00            12247.09        12247.09       
  11       1               批处理机2           12247.09        13342.09        1095.00        
  11       2               离散机3            17801.09        18762.09        961.00         
  11       3               离散机1            18762.09        19827.09        1065.00        
  11       4               离散机1            19827.09        20827.09        1000.00        
  11       5               离散机3            23264.09        24262.09        998.00         
  11       6               离散机5            24262.09        25360.09        1098.00        
  11       7               离散机3            26737.09        28233.09        1496.00        
  11       8               离散机5            28233.09        29401.09        1168.00        

工件 12:
  12       0               打印机3            0.00            28723.86        28723.86       
  12       1               批处理机2           28723.86        29818.86        1095.00        

工件 13:
  13       0               打印机2            0.00            12247.09        12247.09       
  13       1               批处理机2           12247.09        13342.09        1095.00        
  13       2               离散机3            14917.09        16105.09        1188.00        
  13       3               离散机5            16105.09        17225.09        1120.00        
  13       4               离散机5            20141.09        21451.09        1310.00        
  13       5               离散机1            26928.09        27837.09        909.00         
  13       6               离散机5            29401.09        30427.09        1026.00        

工件 14:
  14       0               打印机2            0.00            12247.09        12247.09       
  14       1               批处理机2           12247.09        13342.09        1095.00        
  14       2               离散机1            16004.09        17387.09        1383.00        
  14       3               离散机4            17861.09        18767.09        906.00         
  14       4               离散机3            18767.09        19932.09        1165.00        
  14       5               离散机4            19932.09        21138.09        1206.00        
  14       6               离散机2            21138.09        22151.09        1013.00        
  14       7               离散机1            25707.09        26928.09        1221.00        
  14       8               离散机3            29426.09        30897.09        1471.00        

工件 15:
  15       0               打印机1            0.00            4864.27         4864.27        
  15       1               批处理机2           4864.27         5959.27         1095.00        

工件 16:
  16       0               打印机3            0.00            28723.86        28723.86       
  16       1               批处理机2           28723.86        29818.86        1095.00        
  16       2               离散机1            29818.86        31105.86        1287.00        
  16       3               离散机3            31105.86        32289.86        1184.00        
  16       4               离散机4            32289.86        33310.86        1021.00        
  16       5               离散机3            36293.86        37544.86        1251.00        

工件 17:
  17       0               打印机3            0.00            28723.86        28723.86       
  17       1               批处理机2           28723.86        29818.86        1095.00        
  17       2               离散机4            29818.86        30857.86        1039.00        
  17       3               离散机5            30857.86        32153.86        1296.00        
  17       4               离散机5            32153.86        33698.86        1545.00        
  17       5               离散机2            33698.86        35483.86        1785.00        
  17       6               离散机5            35483.86        36829.86        1346.00        
  17       7               离散机5            36829.86        38076.86        1247.00        

工件 18:
  18       0               打印机3            0.00            28723.86        28723.86       
  18       1               批处理机2           28723.86        29818.86        1095.00        
  18       2               离散机1            31105.86        32228.86        1123.00        
  18       3               离散机2            35483.86        36744.86        1261.00        

工件 19:
  19       0               打印机2            0.00            12247.09        12247.09       
  19       1               批处理机2           12247.09        13342.09        1095.00        
  19       2               离散机3            21491.09        23264.09        1773.00        

【机器加工顺序记录】
----------------------------------------------------------------------------------------------------

打印机1:
工件号      工序号             开始时间            结束时间            加工时长           
--------------------------------------------------------------------------------
  6        0               0.00            4864.27         4864.27        
  8        0               0.00            4864.27         4864.27        
  15       0               0.00            4864.27         4864.27        

  机器利用率: 38.32% (忙碌时间: 14592.82 / 总时间: 38076.86)

打印机2:
工件号      工序号             开始时间            结束时间            加工时长           
--------------------------------------------------------------------------------
  0        0               0.00            12247.09        12247.09       
  3        0               0.00            12247.09        12247.09       
  4        0               0.00            12247.09        12247.09       
  7        0               0.00            12247.09        12247.09       
  11       0               0.00            12247.09        12247.09       
  13       0               0.00            12247.09        12247.09       
  14       0               0.00            12247.09        12247.09       
  19       0               0.00            12247.09        12247.09       

  机器利用率: 257.31% (忙碌时间: 97976.70 / 总时间: 38076.86)

打印机3:
工件号      工序号             开始时间            结束时间            加工时长           
--------------------------------------------------------------------------------
  1        0               0.00            28723.86        28723.86       
  2        0               0.00            28723.86        28723.86       
  5        0               0.00            28723.86        28723.86       
  9        0               0.00            28723.86        28723.86       
  10       0               0.00            28723.86        28723.86       
  12       0               0.00            28723.86        28723.86       
  16       0               0.00            28723.86        28723.86       
  17       0               0.00            28723.86        28723.86       
  18       0               0.00            28723.86        28723.86       

  机器利用率: 678.93% (忙碌时间: 258514.71 / 总时间: 38076.86)

批处理机1:
工件号      工序号             开始时间            结束时间            加工时长           
--------------------------------------------------------------------------------

  机器利用率: 0.00% (忙碌时间: 0.00 / 总时间: 38076.86)

批处理机2:
工件号      工序号             开始时间            结束时间            加工时长           
--------------------------------------------------------------------------------
  6        1               4864.27         5959.27         1095.00        
  8        1               4864.27         5959.27         1095.00        
  15       1               4864.27         5959.27         1095.00        
  0        1               12247.09        13342.09        1095.00        
  3        1               12247.09        13342.09        1095.00        
  4        1               12247.09        13342.09        1095.00        
  7        1               12247.09        13342.09        1095.00        
  11       1               12247.09        13342.09        1095.00        
  13       1               12247.09        13342.09        1095.00        
  14       1               12247.09        13342.09        1095.00        
  19       1               12247.09        13342.09        1095.00        
  1        1               28723.86        29818.86        1095.00        
  2        1               28723.86        29818.86        1095.00        
  5        1               28723.86        29818.86        1095.00        
  9        1               28723.86        29818.86        1095.00        
  10       1               28723.86        29818.86        1095.00        
  12       1               28723.86        29818.86        1095.00        
  16       1               28723.86        29818.86        1095.00        
  17       1               28723.86        29818.86        1095.00        
  18       1               28723.86        29818.86        1095.00        

  机器利用率: 57.52% (忙碌时间: 21900.00 / 总时间: 38076.86)

离散机1:
工件号      工序号             开始时间            结束时间            加工时长           
--------------------------------------------------------------------------------
  8        2               5959.27         7188.27         1229.00        
  6        5               10348.27        11674.27        1326.00        
  4        2               13342.09        14928.09        1586.00        
  0        2               14928.09        16004.09        1076.00        
  14       2               16004.09        17387.09        1383.00        
  4        3               17387.09        18581.09        1194.00        
  11       3               18762.09        19827.09        1065.00        
  11       4               19827.09        20827.09        1000.00        
  7        3               20827.09        22002.09        1175.00        
  3        5               22002.09        23028.09        1026.00        
  0        6               23028.09        24093.09        1065.00        
  4        6               24093.09        25707.09        1614.00        
  14       7               25707.09        26928.09        1221.00        
  13       5               26928.09        27837.09        909.00         
  4        9               27837.09        29252.09        1415.00        
  16       2               29818.86        31105.86        1287.00        
  18       2               31105.86        32228.86        1123.00        
  1        3               32228.86        33154.86        926.00         
  2        2               33154.86        34746.86        1592.00        
  2        3               34746.86        35903.86        1157.00        
  1        6               35903.86        37031.86        1128.00        

  机器利用率: 66.96% (忙碌时间: 25497.00 / 总时间: 38076.86)

离散机2:
工件号      工序号             开始时间            结束时间            加工时长           
--------------------------------------------------------------------------------
  8        3               7188.27         8298.27         1110.00        
  8        5               9926.27         10843.27        917.00         
  14       6               21138.09        22151.09        1013.00        
  4        5               22151.09        23440.09        1289.00        
  1        2               29818.86        31521.86        1703.00        
  9        2               31521.86        33093.86        1572.00        
  17       5               33698.86        35483.86        1785.00        
  18       3               35483.86        36744.86        1261.00        
  2        4               36744.86        37715.86        971.00         

  机器利用率: 30.52% (忙碌时间: 11621.00 / 总时间: 38076.86)

离散机3:
工件号      工序号             开始时间            结束时间            加工时长           
--------------------------------------------------------------------------------
  6        3               7006.27         8687.27         1681.00        
  6        4               8687.27         10348.27        1661.00        
  8        6               10843.27        12581.27        1738.00        
  3        2               13342.09        14917.09        1575.00        
  13       2               14917.09        16105.09        1188.00        
  7        2               16105.09        17801.09        1696.00        
  11       2               17801.09        18762.09        961.00         
  14       4               18767.09        19932.09        1165.00        
  4        4               19932.09        21491.09        1559.00        
  19       2               21491.09        23264.09        1773.00        
  11       5               23264.09        24262.09        998.00         
  0        7               24262.09        25459.09        1197.00        
  6        6               25459.09        26737.09        1278.00        
  11       7               26737.09        28233.09        1496.00        
  0        9               28233.09        29426.09        1193.00        
  14       8               29426.09        30897.09        1471.00        
  16       3               31105.86        32289.86        1184.00        
  9        3               33093.86        34583.86        1490.00        
  9        4               34583.86        36293.86        1710.00        
  16       5               36293.86        37544.86        1251.00        

  机器利用率: 74.23% (忙碌时间: 28265.00 / 总时间: 38076.86)

离散机4:
工件号      工序号             开始时间            结束时间            加工时长           
--------------------------------------------------------------------------------
  3        3               14917.09        16717.09        1800.00        
  0        3               16717.09        17861.09        1144.00        
  14       3               17861.09        18767.09        906.00         
  14       5               19932.09        21138.09        1206.00        
  0        5               21138.09        22076.09        938.00         
  3        6               23028.09        24483.09        1455.00        
  0        8               25459.09        26511.09        1052.00        
  4        8               26612.09        27554.09        942.00         
  3        7               27554.09        29220.09        1666.00        
  17       2               29818.86        30857.86        1039.00        
  10       2               30857.86        31875.86        1018.00        
  16       4               32289.86        33310.86        1021.00        
  1        4               33310.86        34521.86        1211.00        

  机器利用率: 40.44% (忙碌时间: 15398.00 / 总时间: 38076.86)

离散机5:
工件号      工序号             开始时间            结束时间            加工时长           
--------------------------------------------------------------------------------
  6        2               5959.27         7006.27         1047.00        
  8        4               8298.27         9926.27         1628.00        
  13       3               16105.09        17225.09        1120.00        
  3        4               17225.09        18789.09        1564.00        
  0        4               18789.09        20141.09        1352.00        
  13       4               20141.09        21451.09        1310.00        
  7        4               22002.09        23439.09        1437.00        
  11       6               24262.09        25360.09        1098.00        
  4        7               25707.09        26612.09        905.00         
  11       8               28233.09        29401.09        1168.00        
  13       6               29401.09        30427.09        1026.00        
  17       3               30857.86        32153.86        1296.00        
  17       4               32153.86        33698.86        1545.00        
  1        5               34521.86        35442.86        921.00         
  17       6               35483.86        36829.86        1346.00        
  17       7               36829.86        38076.86        1247.00        

  机器利用率: 52.55% (忙碌时间: 20010.00 / 总时间: 38076.86)

【打印批次详细信息】
----------------------------------------------------------------------------------------------------

打印机 1 (尺寸: 1168.0 x 443.0 x 687.0):
--------------------------------------------------------------------------------
  批次 1: 零件数=3, 占用率=45.08%
    - 15: 尺寸 346.0 x 168.0 x 15.0
    - 8: 尺寸 334.0 x 192.0 x 17.0
    - 6: 尺寸 432.0 x 257.0 x 14.0

打印机 2 (尺寸: 1146.0 x 446.0 x 514.0):
--------------------------------------------------------------------------------
  批次 1: 零件数=8, 占用率=69.67%
    - 7: 尺寸 203.0 x 102.0 x 55.0
    - 0: 尺寸 581.0 x 352.0 x 68.0
    - 3: 尺寸 319.0 x 149.0 x 64.0
    - 13: 尺寸 194.0 x 178.0 x 31.0
    - 14: 尺寸 96.0 x 84.0 x 64.0
    - 4: 尺寸 136.0 x 142.0 x 38.0
    - 19: 尺寸 69.0 x 169.0 x 37.0
    - 11: 尺寸 64.0 x 153.0 x 65.0

打印机 3 (尺寸: 1078.0 x 483.0 x 616.0):
--------------------------------------------------------------------------------
  批次 1: 零件数=9, 占用率=80.25%
    - 1: 尺寸 385.0 x 88.0 x 77.0
    - 2: 尺寸 650.0 x 276.0 x 77.0
    - 9: 尺寸 213.0 x 149.0 x 90.0
    - 16: 尺寸 159.0 x 143.0 x 146.0
    - 17: 尺寸 87.0 x 204.0 x 197.0
    - 10: 尺寸 82.0 x 148.0 x 195.0
    - 18: 尺寸 88.0 x 120.0 x 106.0
    - 5: 尺寸 251.0 x 183.0 x 90.0
    - 12: 尺寸 411.0 x 155.0 x 43.0

════════════════════════════════════════════════════════════════
