════════════════════════════════════════════════════════════════
              最优Cmax解的详细调度记录
════════════════════════════════════════════════════════════════

【基本信息】
----------------------------------------------------------------------------------------------------
Cmax (最大完工时间): 50075.09
能耗: 258.08 kWh
装箱质量: 0.2359
批次总数: 3
工件数量: 20
机器数量: 10 (打印机:3, 批处理机:2, 离散机:5)

【染色体编码】
----------------------------------------------------------------------------------------------------
工序序列 (OS): [4, 17, 3, 0, 6, 16, 15, 9, 10, 12, 1, 13, 2, 8, 19, 11, 14, 7, 18, 5, 10, 9, 0, 19, 2, 4, 3, 7, 17, 8, 0, 12, 7, 14, 5, 15, 16, 11, 11, 16, 3, 3, 1, 18, 4, 18, 5, 17, 2, 0, 1, 9, 9, 9, 11, 3, 8, 1, 10, 18, 5, 4, 4, 0, 10, 17, 19, 7, 16, 2, 9, 19, 15, 11, 2, 17, 0, 5, 1, 0, 19, 1, 2, 8, 11, 10, 12, 9, 18, 11, 11, 18, 0, 7, 1, 2, 10, 10, 16, 3, 9, 7, 10, 19, 14, 5, 4, 7, 8, 2, 13, 19, 5, 11, 15, 16, 17, 0, 13, 1, 14, 1, 5, 9]
机器选择 (MS): [2, 1, 2, 2, 1, 1, 1, 1, 2, 3, 3, 2, 1, 3, 2, 2, 3, 3, 1, 1, 1, 1, 1, 2, 2, 1, 1, 3, 2, 2, 2, 3, 2, 1, 1, 1, 1, 2, 1, 2, 1, 1, 2, 3, 1, 2, 1, 1, 1, 1, 1, 1, 3, 1, 1, 1, 1, 3, 2, 1, 3, 3, 1, 2, 1, 1, 1, 1, 1, 1, 1, 1, 1, 1, 1, 1, 2, 1, 1, 2, 1, 1, 1, 1, 1, 2, 2, 1, 3, 3, 1, 1, 1, 1, 3, 3, 1, 2, 1, 1, 1, 1, 3, 1, 2, 1, 1, 3, 1, 2, 1, 1, 1, 1, 1, 2, 3, 1, 1, 1, 2, 3, 1, 1]

【零件加工顺序记录】
----------------------------------------------------------------------------------------------------
工件号      工序号             机器号             开始时间            结束时间            加工时长           
----------------------------------------------------------------------------------------------------

工件 0:
  0        0               打印机2            0.00            22479.17        22479.17       
  0        1               批处理机2           22479.17        23579.17        1100.00        
  0        2               离散机1            23579.17        24694.17        1115.00        
  0        3               离散机1            25845.17        27539.17        1694.00        
  0        4               离散机1            29233.17        30753.17        1520.00        
  0        5               离散机5            30753.17        32246.17        1493.00        
  0        6               离散机2            32408.17        33869.17        1461.00        
  0        7               离散机4            33869.17        35330.17        1461.00        
  0        8               离散机1            39727.09        41107.09        1380.00        
  0        9               离散机5            48769.09        50075.09        1306.00        

工件 1:
  1        0               打印机3            0.00            16317.20        16317.20       
  1        1               批处理机2           16317.20        17417.20        1100.00        
  1        2               离散机4            19104.20        20553.20        1449.00        
  1        3               离散机4            20553.20        21842.20        1289.00        
  1        4               离散机3            21842.20        22795.20        953.00         
  1        5               离散机5            22795.20        23808.20        1013.00        
  1        6               离散机3            30291.17        31644.17        1353.00        
  1        7               离散机5            35454.09        36786.09        1332.00        
  1        8               离散机3            39274.09        41020.09        1746.00        
  1        9               离散机1            46967.09        47955.09        988.00         

工件 2:
  2        0               打印机1            0.00            32777.09        32777.09       
  2        1               批处理机2           32777.09        33877.09        1100.00        
  2        2               离散机1            35146.09        36713.09        1567.00        
  2        3               离散机4            39483.09        40781.09        1298.00        
  2        4               离散机2            40781.09        42329.09        1548.00        
  2        5               离散机3            42329.09        43468.09        1139.00        
  2        6               离散机5            43468.09        44623.09        1155.00        
  2        7               离散机3            44810.09        46273.09        1463.00        
  2        8               离散机5            46373.09        47796.09        1423.00        

工件 3:
  3        0               打印机2            0.00            22479.17        22479.17       
  3        1               批处理机2           22479.17        23579.17        1100.00        
  3        2               离散机4            24623.17        25715.17        1092.00        
  3        3               离散机2            26197.17        27800.17        1603.00        
  3        4               离散机5            27800.17        28880.17        1080.00        
  3        5               离散机4            28880.17        30206.17        1326.00        
  3        6               离散机1            42155.09        43746.09        1591.00        

工件 4:
  4        0               打印机2            0.00            22479.17        22479.17       
  4        1               批处理机2           22479.17        23579.17        1100.00        
  4        2               离散机2            23579.17        24724.17        1145.00        
  4        3               离散机1            27539.17        29233.17        1694.00        
  4        4               离散机3            29233.17        30291.17        1058.00        
  4        5               离散机2            30291.17        31450.17        1159.00        
  4        6               离散机5            36786.09        37860.09        1074.00        

工件 5:
  5        0               打印机1            0.00            32777.09        32777.09       
  5        1               批处理机2           32777.09        33877.09        1100.00        
  5        2               离散机2            35343.09        36623.09        1280.00        
  5        3               离散机3            36623.09        38264.09        1641.00        
  5        4               离散机4            42218.09        43469.09        1251.00        
  5        5               离散机4            43469.09        44624.09        1155.00        
  5        6               离散机5            44624.09        46373.09        1749.00        
  5        7               离散机3            46373.09        47579.09        1206.00        
  5        8               离散机1            47955.09        48937.09        982.00         

工件 6:
  6        0               打印机1            0.00            32777.09        32777.09       
  6        1               批处理机2           32777.09        33877.09        1100.00        

工件 7:
  7        0               打印机3            0.00            16317.20        16317.20       
  7        1               批处理机2           16317.20        17417.20        1100.00        
  7        2               离散机5            17417.20        18693.20        1276.00        
  7        3               离散机3            18693.20        19839.20        1146.00        
  7        4               离散机2            20907.20        22208.20        1301.00        
  7        5               离散机4            25715.17        26718.17        1003.00        
  7        6               离散机4            26718.17        28385.17        1667.00        
  7        7               离散机5            37860.09        39165.09        1305.00        

工件 8:
  8        0               打印机3            0.00            16317.20        16317.20       
  8        1               批处理机2           16317.20        17417.20        1100.00        
  8        2               离散机4            17417.20        19104.20        1687.00        
  8        3               离散机1            19104.20        20159.20        1055.00        
  8        4               离散机5            20159.20        21356.20        1197.00        
  8        5               离散机1            21356.20        22896.20        1540.00        

工件 9:
  9        0               打印机1            0.00            32777.09        32777.09       
  9        1               批处理机2           32777.09        33877.09        1100.00        
  9        2               离散机1            33877.09        35146.09        1269.00        
  9        3               离散机3            35617.09        36572.09        955.00         
  9        4               离散机1            38117.09        39727.09        1610.00        
  9        5               离散机4            40781.09        42218.09        1437.00        
  9        6               离散机2            42329.09        43354.09        1025.00        
  9        7               离散机3            43468.09        44810.09        1342.00        
  9        8               离散机2            45722.09        47056.09        1334.00        
  9        9               离散机1            48937.09        49843.09        906.00         

工件 10:
  10       0               打印机2            0.00            22479.17        22479.17       
  10       1               批处理机2           22479.17        23579.17        1100.00        
  10       2               离散机4            23579.17        24623.17        1044.00        
  10       3               离散机3            24623.17        25763.17        1140.00        
  10       4               离散机3            27366.17        28746.17        1380.00        
  10       5               离散机1            30753.17        31973.17        1220.00        
  10       6               离散机1            31973.17        33397.17        1424.00        
  10       7               离散机1            41107.09        42155.09        1048.00        
  10       8               离散机5            42180.09        43360.09        1180.00        

工件 11:
  11       0               打印机2            0.00            22479.17        22479.17       
  11       1               批处理机2           22479.17        23579.17        1100.00        
  11       2               离散机2            24724.17        26197.17        1473.00        
  11       3               离散机3            26197.17        27366.17        1169.00        
  11       4               离散机2            27800.17        29119.17        1319.00        
  11       5               离散机5            29119.17        30235.17        1116.00        
  11       6               离散机4            30235.17        31366.17        1131.00        
  11       7               离散机3            31644.17        32622.17        978.00         
  11       8               离散机2            44674.09        45722.09        1048.00        
  11       9               离散机4            46214.09        47723.09        1509.00        

工件 12:
  12       0               打印机3            0.00            16317.20        16317.20       
  12       1               批处理机2           16317.20        17417.20        1100.00        
  12       2               离散机2            17417.20        19112.20        1695.00        
  12       3               离散机4            21842.20        23155.20        1313.00        

工件 13:
  13       0               打印机2            0.00            22479.17        22479.17       
  13       1               批处理机2           22479.17        23579.17        1100.00        
  13       2               离散机5            23808.20        25274.20        1466.00        
  13       3               离散机5            25274.20        26934.20        1660.00        

工件 14:
  14       0               打印机3            0.00            16317.20        16317.20       
  14       1               批处理机2           16317.20        17417.20        1100.00        
  14       2               离散机2            19112.20        20907.20        1795.00        
  14       3               离散机3            22795.20        24163.20        1368.00        
  14       4               离散机3            32622.17        33836.17        1214.00        

工件 15:
  15       0               打印机1            0.00            32777.09        32777.09       
  15       1               批处理机2           32777.09        33877.09        1100.00        
  15       2               离散机1            36713.09        38117.09        1404.00        
  15       3               离散机2            39360.09        40590.09        1230.00        
  15       4               离散机4            47723.09        49054.09        1331.00        

工件 16:
  16       0               打印机1            0.00            32777.09        32777.09       
  16       1               批处理机2           32777.09        33877.09        1100.00        
  16       2               离散机3            33877.09        35617.09        1740.00        
  16       3               离散机4            35617.09        36937.09        1320.00        
  16       4               离散机2            36937.09        38194.09        1257.00        
  16       5               离散机3            38264.09        39274.09        1010.00        
  16       6               离散机5            47796.09        48769.09        973.00         

工件 17:
  17       0               打印机1            0.00            32777.09        32777.09       
  17       1               批处理机2           32777.09        33877.09        1100.00        
  17       2               离散机2            33877.09        35343.09        1466.00        
  17       3               离散机4            38319.09        39483.09        1164.00        
  17       4               离散机5            39483.09        41084.09        1601.00        
  17       5               离散机2            43354.09        44674.09        1320.00        
  17       6               离散机3            47579.09        48834.09        1255.00        

工件 18:
  18       0               打印机1            0.00            32777.09        32777.09       
  18       1               批处理机2           32777.09        33877.09        1100.00        
  18       2               离散机5            33877.09        35454.09        1577.00        
  18       3               离散机4            36937.09        38319.09        1382.00        
  18       4               离散机2            38319.09        39360.09        1041.00        
  18       5               离散机5            41084.09        42180.09        1096.00        
  18       6               离散机4            44624.09        46214.09        1590.00        

工件 19:
  19       0               打印机2            0.00            22479.17        22479.17       
  19       1               批处理机2           22479.17        23579.17        1100.00        
  19       2               离散机1            24694.17        25845.17        1151.00        
  19       3               离散机2            29119.17        30108.17        989.00         
  19       4               离散机2            31450.17        32408.17        958.00         
  19       5               离散机5            32408.17        33519.17        1111.00        
  19       6               离散机1            43746.09        45524.09        1778.00        
  19       7               离散机1            45524.09        46967.09        1443.00        

【机器加工顺序记录】
----------------------------------------------------------------------------------------------------

打印机1:
工件号      工序号             开始时间            结束时间            加工时长           
--------------------------------------------------------------------------------
  2        0               0.00            32777.09        32777.09       
  5        0               0.00            32777.09        32777.09       
  6        0               0.00            32777.09        32777.09       
  9        0               0.00            32777.09        32777.09       
  15       0               0.00            32777.09        32777.09       
  16       0               0.00            32777.09        32777.09       
  17       0               0.00            32777.09        32777.09       
  18       0               0.00            32777.09        32777.09       

  机器利用率: 523.65% (忙碌时间: 262216.69 / 总时间: 50075.09)

打印机2:
工件号      工序号             开始时间            结束时间            加工时长           
--------------------------------------------------------------------------------
  0        0               0.00            22479.17        22479.17       
  3        0               0.00            22479.17        22479.17       
  4        0               0.00            22479.17        22479.17       
  10       0               0.00            22479.17        22479.17       
  11       0               0.00            22479.17        22479.17       
  13       0               0.00            22479.17        22479.17       
  19       0               0.00            22479.17        22479.17       

  机器利用率: 314.24% (忙碌时间: 157354.18 / 总时间: 50075.09)

打印机3:
工件号      工序号             开始时间            结束时间            加工时长           
--------------------------------------------------------------------------------
  1        0               0.00            16317.20        16317.20       
  7        0               0.00            16317.20        16317.20       
  8        0               0.00            16317.20        16317.20       
  12       0               0.00            16317.20        16317.20       
  14       0               0.00            16317.20        16317.20       

  机器利用率: 162.93% (忙碌时间: 81586.02 / 总时间: 50075.09)

批处理机1:
工件号      工序号             开始时间            结束时间            加工时长           
--------------------------------------------------------------------------------

  机器利用率: 0.00% (忙碌时间: 0.00 / 总时间: 50075.09)

批处理机2:
工件号      工序号             开始时间            结束时间            加工时长           
--------------------------------------------------------------------------------
  1        1               16317.20        17417.20        1100.00        
  7        1               16317.20        17417.20        1100.00        
  8        1               16317.20        17417.20        1100.00        
  12       1               16317.20        17417.20        1100.00        
  14       1               16317.20        17417.20        1100.00        
  0        1               22479.17        23579.17        1100.00        
  3        1               22479.17        23579.17        1100.00        
  4        1               22479.17        23579.17        1100.00        
  10       1               22479.17        23579.17        1100.00        
  11       1               22479.17        23579.17        1100.00        
  13       1               22479.17        23579.17        1100.00        
  19       1               22479.17        23579.17        1100.00        
  2        1               32777.09        33877.09        1100.00        
  5        1               32777.09        33877.09        1100.00        
  6        1               32777.09        33877.09        1100.00        
  9        1               32777.09        33877.09        1100.00        
  15       1               32777.09        33877.09        1100.00        
  16       1               32777.09        33877.09        1100.00        
  17       1               32777.09        33877.09        1100.00        
  18       1               32777.09        33877.09        1100.00        

  机器利用率: 43.93% (忙碌时间: 22000.00 / 总时间: 50075.09)

离散机1:
工件号      工序号             开始时间            结束时间            加工时长           
--------------------------------------------------------------------------------
  8        3               19104.20        20159.20        1055.00        
  8        5               21356.20        22896.20        1540.00        
  0        2               23579.17        24694.17        1115.00        
  19       2               24694.17        25845.17        1151.00        
  0        3               25845.17        27539.17        1694.00        
  4        3               27539.17        29233.17        1694.00        
  0        4               29233.17        30753.17        1520.00        
  10       5               30753.17        31973.17        1220.00        
  10       6               31973.17        33397.17        1424.00        
  9        2               33877.09        35146.09        1269.00        
  2        2               35146.09        36713.09        1567.00        
  15       2               36713.09        38117.09        1404.00        
  9        4               38117.09        39727.09        1610.00        
  0        8               39727.09        41107.09        1380.00        
  10       7               41107.09        42155.09        1048.00        
  3        6               42155.09        43746.09        1591.00        
  19       6               43746.09        45524.09        1778.00        
  19       7               45524.09        46967.09        1443.00        
  1        9               46967.09        47955.09        988.00         
  5        8               47955.09        48937.09        982.00         
  9        9               48937.09        49843.09        906.00         

  机器利用率: 56.67% (忙碌时间: 28379.00 / 总时间: 50075.09)

离散机2:
工件号      工序号             开始时间            结束时间            加工时长           
--------------------------------------------------------------------------------
  12       2               17417.20        19112.20        1695.00        
  14       2               19112.20        20907.20        1795.00        
  7        4               20907.20        22208.20        1301.00        
  4        2               23579.17        24724.17        1145.00        
  11       2               24724.17        26197.17        1473.00        
  3        3               26197.17        27800.17        1603.00        
  11       4               27800.17        29119.17        1319.00        
  19       3               29119.17        30108.17        989.00         
  4        5               30291.17        31450.17        1159.00        
  19       4               31450.17        32408.17        958.00         
  0        6               32408.17        33869.17        1461.00        
  17       2               33877.09        35343.09        1466.00        
  5        2               35343.09        36623.09        1280.00        
  16       4               36937.09        38194.09        1257.00        
  18       4               38319.09        39360.09        1041.00        
  15       3               39360.09        40590.09        1230.00        
  2        4               40781.09        42329.09        1548.00        
  9        6               42329.09        43354.09        1025.00        
  17       5               43354.09        44674.09        1320.00        
  11       8               44674.09        45722.09        1048.00        
  9        8               45722.09        47056.09        1334.00        

  机器利用率: 54.81% (忙碌时间: 27447.00 / 总时间: 50075.09)

离散机3:
工件号      工序号             开始时间            结束时间            加工时长           
--------------------------------------------------------------------------------
  7        3               18693.20        19839.20        1146.00        
  1        4               21842.20        22795.20        953.00         
  14       3               22795.20        24163.20        1368.00        
  10       3               24623.17        25763.17        1140.00        
  11       3               26197.17        27366.17        1169.00        
  10       4               27366.17        28746.17        1380.00        
  4        4               29233.17        30291.17        1058.00        
  1        6               30291.17        31644.17        1353.00        
  11       7               31644.17        32622.17        978.00         
  14       4               32622.17        33836.17        1214.00        
  16       2               33877.09        35617.09        1740.00        
  9        3               35617.09        36572.09        955.00         
  5        3               36623.09        38264.09        1641.00        
  16       5               38264.09        39274.09        1010.00        
  1        8               39274.09        41020.09        1746.00        
  2        5               42329.09        43468.09        1139.00        
  9        7               43468.09        44810.09        1342.00        
  2        7               44810.09        46273.09        1463.00        
  5        7               46373.09        47579.09        1206.00        
  17       6               47579.09        48834.09        1255.00        

  机器利用率: 50.44% (忙碌时间: 25256.00 / 总时间: 50075.09)

离散机4:
工件号      工序号             开始时间            结束时间            加工时长           
--------------------------------------------------------------------------------
  8        2               17417.20        19104.20        1687.00        
  1        2               19104.20        20553.20        1449.00        
  1        3               20553.20        21842.20        1289.00        
  12       3               21842.20        23155.20        1313.00        
  10       2               23579.17        24623.17        1044.00        
  3        2               24623.17        25715.17        1092.00        
  7        5               25715.17        26718.17        1003.00        
  7        6               26718.17        28385.17        1667.00        
  3        5               28880.17        30206.17        1326.00        
  11       6               30235.17        31366.17        1131.00        
  0        7               33869.17        35330.17        1461.00        
  16       3               35617.09        36937.09        1320.00        
  18       3               36937.09        38319.09        1382.00        
  17       3               38319.09        39483.09        1164.00        
  2        3               39483.09        40781.09        1298.00        
  9        5               40781.09        42218.09        1437.00        
  5        4               42218.09        43469.09        1251.00        
  5        5               43469.09        44624.09        1155.00        
  18       6               44624.09        46214.09        1590.00        
  11       9               46214.09        47723.09        1509.00        
  15       4               47723.09        49054.09        1331.00        

  机器利用率: 55.71% (忙碌时间: 27899.00 / 总时间: 50075.09)

离散机5:
工件号      工序号             开始时间            结束时间            加工时长           
--------------------------------------------------------------------------------
  7        2               17417.20        18693.20        1276.00        
  8        4               20159.20        21356.20        1197.00        
  1        5               22795.20        23808.20        1013.00        
  13       2               23808.20        25274.20        1466.00        
  13       3               25274.20        26934.20        1660.00        
  3        4               27800.17        28880.17        1080.00        
  11       5               29119.17        30235.17        1116.00        
  0        5               30753.17        32246.17        1493.00        
  19       5               32408.17        33519.17        1111.00        
  18       2               33877.09        35454.09        1577.00        
  1        7               35454.09        36786.09        1332.00        
  4        6               36786.09        37860.09        1074.00        
  7        7               37860.09        39165.09        1305.00        
  17       4               39483.09        41084.09        1601.00        
  18       5               41084.09        42180.09        1096.00        
  10       8               42180.09        43360.09        1180.00        
  2        6               43468.09        44623.09        1155.00        
  5        6               44624.09        46373.09        1749.00        
  2        8               46373.09        47796.09        1423.00        
  16       6               47796.09        48769.09        973.00         
  0        9               48769.09        50075.09        1306.00        

  机器利用率: 54.28% (忙碌时间: 27183.00 / 总时间: 50075.09)

【打印批次详细信息】
----------------------------------------------------------------------------------------------------

打印机 1 (尺寸: 845.0 x 507.0 x 542.0):
--------------------------------------------------------------------------------
  批次 1: 零件数=8, 占用率=65.57%
    - 17: 尺寸 184.0 x 118.0 x 187.0
    - 6: 尺寸 57.0 x 141.0 x 46.0
    - 16: 尺寸 317.0 x 183.0 x 84.0
    - 9: 尺寸 180.0 x 111.0 x 90.0
    - 2: 尺寸 98.0 x 347.0 x 140.0
    - 18: 尺寸 134.0 x 197.0 x 133.0
    - 5: 尺寸 100.0 x 89.0 x 64.0
    - 15: 尺寸 742.0 x 140.0 x 188.0

打印机 2 (尺寸: 833.0 x 577.0 x 594.0):
--------------------------------------------------------------------------------
  批次 1: 零件数=7, 占用率=75.40%
    - 4: 尺寸 170.0 x 137.0 x 29.0
    - 3: 尺寸 547.0 x 155.0 x 80.0
    - 10: 尺寸 107.0 x 71.0 x 13.0
    - 13: 尺寸 73.0 x 78.0 x 24.0
    - 19: 尺寸 212.0 x 119.0 x 92.0
    - 11: 尺寸 322.0 x 179.0 x 91.0
    - 0: 尺寸 676.0 x 234.0 x 22.0

打印机 3 (尺寸: 926.0 x 501.0 x 541.0):
--------------------------------------------------------------------------------
  批次 1: 零件数=5, 占用率=23.59%
    - 12: 尺寸 110.0 x 136.0 x 21.0
    - 1: 尺寸 268.0 x 244.0 x 21.0
    - 8: 尺寸 85.0 x 119.0 x 26.0
    - 14: 尺寸 159.0 x 81.0 x 15.0
    - 7: 尺寸 56.0 x 109.0 x 47.0

════════════════════════════════════════════════════════════════
